No_of_Rotation_(excluding_bonus),Coins_Inserted_Cumulative,Coins_Acquired_Cumulative,No_of_Regular_Bonus,No_of_Big_Bonus,Profit_Loss,No_of_grape_till_now,No_of_rhino_till_now,No_of_cherry_corner_till_now,No_of_clown_till_now,No_of_cherry_middle_till_now,RB_probaility,BB_probaility,grape_probaility,rhino_probaility,clown_probaility,cherry_probaility,setting
1.0,3,0,0,0,-3,0,0,0,0,0,0.0,0.0,0.0,0.0,0.0,0.0,4
2.0,6,0,0,0,-6,0,1,0,0,0,0.0,0.0,0.0,0.5,0.0,0.0,4
3.0,9,3,0,0,-6,0,1,0,0,0,0.0,0.0,0.0,0.3333333333333333,0.0,0.0,4
4.0,12,3,0,0,-9,1,1,0,0,0,0.0,0.0,0.25,0.25,0.0,0.0,4
5.0,15,11,0,0,-4,1,2,0,0,0,0.0,0.0,0.2,0.4,0.0,0.0,4
6.0,18,14,0,0,-4,1,2,0,0,0,0.0,0.0,0.16666666666666666,0.3333333333333333,0.0,0.0,4
7.0,21,14,0,0,-7,1,2,0,0,0,0.0,0.0,0.14285714285714285,0.2857142857142857,0.0,0.0,4
8.0,24,14,0,0,-10,1,2,0,0,0,0.0,0.0,0.125,0.25,0.0,0.0,4
9.0,27,14,0,0,-13,1,2,0,0,0,0.0,0.0,0.1111111111111111,0.2222222222222222,0.0,0.0,4
10.0,30,14,0,0,-16,1,2,0,0,0,0.0,0.0,0.1,0.2,0.0,0.0,4
11.0,33,14,0,0,-19,1,2,0,0,0,0.0,0.0,0.09090909090909091,0.18181818181818182,0.0,0.0,4
12.0,36,14,0,0,-22,1,2,0,0,0,0.0,0.0,0.08333333333333333,0.16666666666666666,0.0,0.0,4
13.0,39,14,0,0,-25,2,2,0,0,0,0.0,0.0,0.15384615384615385,0.15384615384615385,0.0,0.0,4
14.0,40,22,0,0,-18,2,2,0,0,0,0.0,0.0,0.14285714285714285,0.14285714285714285,0.0,0.0,4
15.0,41,22,1,0,-19,2,2,0,0,0,0.06666666666666667,0.0,0.13333333333333333,0.13333333333333333,0.0,0.0,4
16.0,60,134,1,0,74,2,2,0,0,0,0.0625,0.0,0.125,0.125,0.0,0.0,4
17.0,63,134,1,0,71,3,2,0,0,0,0.058823529411764705,0.0,0.17647058823529413,0.11764705882352941,0.0,0.0,4
18.0,66,142,1,0,76,3,2,0,0,0,0.05555555555555555,0.0,0.16666666666666666,0.1111111111111111,0.0,0.0,4
19.0,69,142,1,0,73,3,2,0,0,0,0.05263157894736842,0.0,0.15789473684210525,0.10526315789473684,0.0,0.0,4
20.0,72,142,1,0,70,3,3,0,0,0,0.05,0.0,0.15,0.15,0.0,0.0,4
21.0,75,145,1,0,70,3,3,0,0,0,0.047619047619047616,0.0,0.14285714285714285,0.14285714285714285,0.0,0.0,4
22.0,78,145,1,0,67,3,3,0,0,0,0.045454545454545456,0.0,0.13636363636363635,0.13636363636363635,0.0,0.0,4
23.0,81,145,1,0,64,3,3,0,0,0,0.043478260869565216,0.0,0.13043478260869565,0.13043478260869565,0.0,0.0,4
24.0,84,145,1,0,61,3,3,0,0,0,0.041666666666666664,0.0,0.125,0.125,0.0,0.0,4
25.0,87,145,1,0,58,3,3,0,0,0,0.04,0.0,0.12,0.12,0.0,0.0,4
26.0,90,145,1,0,55,3,3,0,0,0,0.038461538461538464,0.0,0.11538461538461539,0.11538461538461539,0.0,0.0,4
27.0,93,145,1,0,52,3,4,0,0,0,0.037037037037037035,0.0,0.1111111111111111,0.14814814814814814,0.0,0.0,4
28.0,96,148,1,0,52,3,4,0,0,0,0.03571428571428571,0.0,0.10714285714285714,0.14285714285714285,0.0,0.0,4
29.0,99,148,1,0,49,3,4,0,0,0,0.034482758620689655,0.0,0.10344827586206896,0.13793103448275862,0.0,0.0,4
30.0,102,148,1,0,46,3,4,0,0,0,0.03333333333333333,0.0,0.1,0.13333333333333333,0.0,0.0,4
31.0,105,148,1,0,43,3,4,0,0,0,0.03225806451612903,0.0,0.0967741935483871,0.12903225806451613,0.0,0.0,4
32.0,108,148,1,0,40,3,4,0,0,0,0.03125,0.0,0.09375,0.125,0.0,0.0,4
33.0,111,148,1,0,37,3,4,0,0,0,0.030303030303030304,0.0,0.09090909090909091,0.12121212121212122,0.0,0.0,4
34.0,114,148,1,0,34,3,5,0,0,0,0.029411764705882353,0.0,0.08823529411764706,0.14705882352941177,0.0,0.0,4
35.0,117,151,1,0,34,3,5,0,0,0,0.02857142857142857,0.0,0.08571428571428572,0.14285714285714285,0.0,0.0,4
36.0,120,151,1,0,31,3,5,0,0,0,0.027777777777777776,0.0,0.08333333333333333,0.1388888888888889,0.0,0.0,4
37.0,123,151,1,0,28,3,5,0,0,0,0.02702702702702703,0.0,0.08108108108108109,0.13513513513513514,0.0,0.0,4
38.0,126,151,1,0,25,3,5,0,0,0,0.02631578947368421,0.0,0.07894736842105263,0.13157894736842105,0.0,0.0,4
39.0,129,151,1,0,22,3,5,0,0,0,0.02564102564102564,0.0,0.07692307692307693,0.1282051282051282,0.0,0.0,4
40.0,132,151,1,0,19,4,5,0,0,0,0.025,0.0,0.1,0.125,0.0,0.0,4
41.0,135,159,1,0,24,4,5,1,0,0,0.024390243902439025,0.0,0.0975609756097561,0.12195121951219512,0.0,0.024390243902439025,4
42.0,138,161,1,0,23,4,5,1,0,0,0.023809523809523808,0.0,0.09523809523809523,0.11904761904761904,0.0,0.023809523809523808,4
43.0,141,161,1,0,20,4,5,1,0,0,0.023255813953488372,0.0,0.09302325581395349,0.11627906976744186,0.0,0.023255813953488372,4
44.0,144,161,1,0,17,4,6,1,0,0,0.022727272727272728,0.0,0.09090909090909091,0.13636363636363635,0.0,0.022727272727272728,4
45.0,147,164,1,0,17,4,7,1,0,0,0.022222222222222223,0.0,0.08888888888888889,0.15555555555555556,0.0,0.022222222222222223,4
46.0,150,167,1,0,17,4,8,1,0,0,0.021739130434782608,0.0,0.08695652173913043,0.17391304347826086,0.0,0.021739130434782608,4
47.0,153,170,1,0,17,4,9,1,0,0,0.02127659574468085,0.0,0.0851063829787234,0.19148936170212766,0.0,0.02127659574468085,4
48.0,156,173,1,0,17,4,10,1,0,0,0.020833333333333332,0.0,0.08333333333333333,0.20833333333333334,0.0,0.020833333333333332,4
49.0,159,176,1,0,17,4,10,1,0,0,0.02040816326530612,0.0,0.08163265306122448,0.20408163265306123,0.0,0.02040816326530612,4
50.0,162,176,1,0,14,4,10,1,0,0,0.02,0.0,0.08,0.2,0.0,0.02,4
51.0,165,176,1,0,11,5,10,1,0,0,0.0196078431372549,0.0,0.09803921568627451,0.19607843137254902,0.0,0.0196078431372549,4
52.0,168,184,1,0,16,5,10,1,0,0,0.019230769230769232,0.0,0.09615384615384616,0.19230769230769232,0.0,0.019230769230769232,4
53.0,171,184,1,0,13,5,10,1,0,0,0.018867924528301886,0.0,0.09433962264150944,0.18867924528301888,0.0,0.018867924528301886,4
54.0,174,184,1,0,10,6,10,1,0,0,0.018518518518518517,0.0,0.1111111111111111,0.18518518518518517,0.0,0.018518518518518517,4
55.0,177,192,1,0,15,6,10,1,0,0,0.01818181818181818,0.0,0.10909090909090909,0.18181818181818182,0.0,0.01818181818181818,4
56.0,180,192,1,0,12,6,10,1,0,0,0.017857142857142856,0.0,0.10714285714285714,0.17857142857142858,0.0,0.017857142857142856,4
57.0,183,192,1,0,9,6,10,1,0,0,0.017543859649122806,0.0,0.10526315789473684,0.17543859649122806,0.0,0.017543859649122806,4
58.0,186,192,1,0,6,6,10,1,0,0,0.017241379310344827,0.0,0.10344827586206896,0.1724137931034483,0.0,0.017241379310344827,4
59.0,189,192,1,0,3,6,11,1,0,0,0.01694915254237288,0.0,0.1016949152542373,0.1864406779661017,0.0,0.01694915254237288,4
60.0,192,195,1,0,3,6,11,1,0,0,0.016666666666666666,0.0,0.1,0.18333333333333332,0.0,0.016666666666666666,4
61.0,195,195,1,0,0,6,11,1,0,0,0.01639344262295082,0.0,0.09836065573770492,0.18032786885245902,0.0,0.01639344262295082,4
62.0,198,195,1,0,-3,6,11,2,0,0,0.016129032258064516,0.0,0.0967741935483871,0.1774193548387097,0.0,0.03225806451612903,4
63.0,201,197,1,0,-4,6,11,2,0,0,0.015873015873015872,0.0,0.09523809523809523,0.1746031746031746,0.0,0.031746031746031744,4
64.0,204,197,1,0,-7,6,11,2,0,0,0.015625,0.0,0.09375,0.171875,0.0,0.03125,4
65.0,207,197,1,0,-10,6,12,2,0,0,0.015384615384615385,0.0,0.09230769230769231,0.18461538461538463,0.0,0.03076923076923077,4
66.0,210,200,1,0,-10,6,13,2,0,0,0.015151515151515152,0.0,0.09090909090909091,0.19696969696969696,0.0,0.030303030303030304,4
67.0,213,203,1,0,-10,6,14,2,0,0,0.014925373134328358,0.0,0.08955223880597014,0.208955223880597,0.0,0.029850746268656716,4
68.0,216,206,1,0,-10,6,14,2,0,0,0.014705882352941176,0.0,0.08823529411764706,0.20588235294117646,0.0,0.029411764705882353,4
69.0,219,206,1,0,-13,6,14,2,0,0,0.014492753623188406,0.0,0.08695652173913043,0.2028985507246377,0.0,0.028985507246376812,4
70.0,222,206,1,0,-16,6,15,2,0,0,0.014285714285714285,0.0,0.08571428571428572,0.21428571428571427,0.0,0.02857142857142857,4
71.0,225,209,1,0,-16,6,15,2,0,0,0.014084507042253521,0.0,0.08450704225352113,0.2112676056338028,0.0,0.028169014084507043,4
72.0,228,209,1,0,-19,6,15,2,0,0,0.013888888888888888,0.0,0.08333333333333333,0.20833333333333334,0.0,0.027777777777777776,4
73.0,231,209,1,0,-22,6,15,2,0,0,0.0136986301369863,0.0,0.0821917808219178,0.2054794520547945,0.0,0.0273972602739726,4
74.0,234,209,1,0,-25,6,15,2,0,0,0.013513513513513514,0.0,0.08108108108108109,0.20270270270270271,0.0,0.02702702702702703,4
75.0,237,209,1,0,-28,7,15,2,0,0,0.013333333333333334,0.0,0.09333333333333334,0.2,0.0,0.02666666666666667,4
76.0,240,217,1,0,-23,7,15,2,0,0,0.013157894736842105,0.0,0.09210526315789473,0.19736842105263158,0.0,0.02631578947368421,4
77.0,243,217,1,0,-26,7,15,2,0,0,0.012987012987012988,0.0,0.09090909090909091,0.19480519480519481,0.0,0.025974025974025976,4
78.0,246,217,1,0,-29,7,16,2,0,0,0.01282051282051282,0.0,0.08974358974358974,0.20512820512820512,0.0,0.02564102564102564,4
79.0,249,220,1,0,-29,7,17,2,0,0,0.012658227848101266,0.0,0.08860759493670886,0.21518987341772153,0.0,0.02531645569620253,4
80.0,252,223,1,0,-29,7,17,2,0,0,0.0125,0.0,0.0875,0.2125,0.0,0.025,4
81.0,255,223,1,0,-32,8,17,2,0,0,0.012345679012345678,0.0,0.09876543209876543,0.20987654320987653,0.0,0.024691358024691357,4
82.0,258,231,1,0,-27,9,17,2,0,0,0.012195121951219513,0.0,0.10975609756097561,0.2073170731707317,0.0,0.024390243902439025,4
83.0,261,239,1,0,-22,9,17,2,0,0,0.012048192771084338,0.0,0.10843373493975904,0.20481927710843373,0.0,0.024096385542168676,4
84.0,264,239,1,0,-25,9,17,2,0,0,0.011904761904761904,0.0,0.10714285714285714,0.20238095238095238,0.0,0.023809523809523808,4
85.0,267,239,1,0,-28,9,17,2,0,0,0.011764705882352941,0.0,0.10588235294117647,0.2,0.0,0.023529411764705882,4
86.0,270,239,1,0,-31,9,17,2,0,0,0.011627906976744186,0.0,0.10465116279069768,0.19767441860465115,0.0,0.023255813953488372,4
87.0,273,239,1,0,-34,9,17,2,0,0,0.011494252873563218,0.0,0.10344827586206896,0.19540229885057472,0.0,0.022988505747126436,4
88.0,276,239,1,0,-37,9,17,2,0,0,0.011363636363636364,0.0,0.10227272727272728,0.19318181818181818,0.0,0.022727272727272728,4
89.0,279,239,1,0,-40,9,17,2,0,0,0.011235955056179775,0.0,0.10112359550561797,0.19101123595505617,0.0,0.02247191011235955,4
90.0,282,239,1,0,-43,10,17,2,0,0,0.011111111111111112,0.0,0.1111111111111111,0.18888888888888888,0.0,0.022222222222222223,4
91.0,285,247,1,0,-38,10,17,2,0,0,0.01098901098901099,0.0,0.10989010989010989,0.18681318681318682,0.0,0.02197802197802198,4
92.0,288,247,1,0,-41,10,17,2,0,0,0.010869565217391304,0.0,0.10869565217391304,0.18478260869565216,0.0,0.021739130434782608,4
93.0,291,247,1,0,-44,10,18,2,0,0,0.010752688172043012,0.0,0.10752688172043011,0.1935483870967742,0.0,0.021505376344086023,4
94.0,294,250,1,0,-44,11,18,2,0,0,0.010638297872340425,0.0,0.11702127659574468,0.19148936170212766,0.0,0.02127659574468085,4
95.0,297,258,1,0,-39,11,18,2,0,0,0.010526315789473684,0.0,0.11578947368421053,0.18947368421052632,0.0,0.021052631578947368,4
96.0,300,258,1,0,-42,11,18,3,0,0,0.010416666666666666,0.0,0.11458333333333333,0.1875,0.0,0.03125,4
97.0,303,260,1,0,-43,11,19,3,0,0,0.010309278350515464,0.0,0.1134020618556701,0.1958762886597938,0.0,0.030927835051546393,4
98.0,306,263,1,0,-43,11,19,3,0,0,0.01020408163265306,0.0,0.11224489795918367,0.19387755102040816,0.0,0.030612244897959183,4
99.0,309,263,1,0,-46,11,19,3,0,0,0.010101010101010102,0.0,0.1111111111111111,0.1919191919191919,0.0,0.030303030303030304,4
100.0,312,263,1,0,-49,11,19,3,0,0,0.01,0.0,0.11,0.19,0.0,0.03,4
101.0,315,263,1,0,-52,11,19,3,0,0,0.009900990099009901,0.0,0.10891089108910891,0.18811881188118812,0.0,0.0297029702970297,4
102.0,318,263,1,0,-55,11,19,3,0,0,0.00980392156862745,0.0,0.10784313725490197,0.18627450980392157,0.0,0.029411764705882353,4
103.0,321,263,1,0,-58,12,19,3,0,0,0.009708737864077669,0.0,0.11650485436893204,0.18446601941747573,0.0,0.02912621359223301,4
104.0,324,271,1,0,-53,12,19,3,0,0,0.009615384615384616,0.0,0.11538461538461539,0.18269230769230768,0.0,0.028846153846153848,4
105.0,327,271,1,0,-56,13,19,3,0,0,0.009523809523809525,0.0,0.12380952380952381,0.18095238095238095,0.0,0.02857142857142857,4
106.0,330,279,1,0,-51,13,20,3,0,0,0.009433962264150943,0.0,0.12264150943396226,0.18867924528301888,0.0,0.02830188679245283,4
107.0,333,282,1,0,-51,13,20,3,0,0,0.009345794392523364,0.0,0.12149532710280374,0.18691588785046728,0.0,0.028037383177570093,4
108.0,336,282,1,0,-54,13,20,3,0,0,0.009259259259259259,0.0,0.12037037037037036,0.18518518518518517,0.0,0.027777777777777776,4
109.0,339,282,1,0,-57,13,20,3,0,0,0.009174311926605505,0.0,0.11926605504587157,0.1834862385321101,0.0,0.027522935779816515,4
110.0,342,282,1,0,-60,13,20,3,0,0,0.00909090909090909,0.0,0.11818181818181818,0.18181818181818182,0.0,0.02727272727272727,4
111.0,345,282,1,0,-63,13,20,3,0,0,0.009009009009009009,0.0,0.11711711711711711,0.18018018018018017,0.0,0.02702702702702703,4
112.0,348,282,1,0,-66,13,21,3,0,0,0.008928571428571428,0.0,0.11607142857142858,0.1875,0.0,0.026785714285714284,4
113.0,351,285,1,0,-66,13,21,3,0,0,0.008849557522123894,0.0,0.11504424778761062,0.18584070796460178,0.0,0.02654867256637168,4
114.0,354,285,1,0,-69,14,21,3,0,0,0.008771929824561403,0.0,0.12280701754385964,0.18421052631578946,0.0,0.02631578947368421,4
115.0,357,293,1,0,-64,14,21,3,0,0,0.008695652173913044,0.0,0.12173913043478261,0.1826086956521739,0.0,0.02608695652173913,4
116.0,360,293,1,0,-67,14,21,3,0,0,0.008620689655172414,0.0,0.1206896551724138,0.1810344827586207,0.0,0.02586206896551724,4
117.0,363,293,1,0,-70,14,21,3,0,0,0.008547008547008548,0.0,0.11965811965811966,0.1794871794871795,0.0,0.02564102564102564,4
118.0,366,293,1,0,-73,14,22,3,0,0,0.00847457627118644,0.0,0.11864406779661017,0.1864406779661017,0.0,0.025423728813559324,4
119.0,369,296,1,0,-73,14,22,3,0,0,0.008403361344537815,0.0,0.11764705882352941,0.18487394957983194,0.0,0.025210084033613446,4
120.0,372,296,1,0,-76,15,22,3,0,0,0.008333333333333333,0.0,0.125,0.18333333333333332,0.0,0.025,4
121.0,375,304,1,0,-71,15,22,3,0,0,0.008264462809917356,0.0,0.12396694214876033,0.18181818181818182,0.0,0.024793388429752067,4
122.0,378,304,1,0,-74,15,22,3,0,0,0.00819672131147541,0.0,0.12295081967213115,0.18032786885245902,0.0,0.02459016393442623,4
123.0,381,304,1,0,-77,15,22,3,0,0,0.008130081300813009,0.0,0.12195121951219512,0.17886178861788618,0.0,0.024390243902439025,4
124.0,384,304,1,0,-80,15,22,3,0,0,0.008064516129032258,0.0,0.12096774193548387,0.1774193548387097,0.0,0.024193548387096774,4
125.0,387,304,1,0,-83,16,22,3,0,0,0.008,0.0,0.128,0.176,0.0,0.024,4
126.0,390,312,1,0,-78,17,22,3,0,0,0.007936507936507936,0.0,0.1349206349206349,0.1746031746031746,0.0,0.023809523809523808,4
127.0,393,320,1,0,-73,17,23,3,0,0,0.007874015748031496,0.0,0.13385826771653545,0.18110236220472442,0.0,0.023622047244094488,4
128.0,396,323,1,0,-73,17,23,3,0,0,0.0078125,0.0,0.1328125,0.1796875,0.0,0.0234375,4
129.0,399,323,1,0,-76,17,23,3,0,0,0.007751937984496124,0.0,0.13178294573643412,0.17829457364341086,0.0,0.023255813953488372,4
130.0,402,323,1,0,-79,18,23,3,0,0,0.007692307692307693,0.0,0.13846153846153847,0.17692307692307693,0.0,0.023076923076923078,4
131.0,405,331,1,0,-74,19,23,3,0,0,0.007633587786259542,0.0,0.1450381679389313,0.17557251908396945,0.0,0.022900763358778626,4
132.0,408,339,1,0,-69,19,23,3,0,0,0.007575757575757576,0.0,0.14393939393939395,0.17424242424242425,0.0,0.022727272727272728,4
133.0,411,339,1,0,-72,19,23,3,0,0,0.007518796992481203,0.0,0.14285714285714285,0.17293233082706766,0.0,0.022556390977443608,4
134.0,414,339,1,0,-75,19,23,3,0,0,0.007462686567164179,0.0,0.1417910447761194,0.17164179104477612,0.0,0.022388059701492536,4
135.0,417,339,1,0,-78,19,23,3,0,0,0.007407407407407408,0.0,0.14074074074074075,0.17037037037037037,0.0,0.022222222222222223,4
136.0,420,339,1,0,-81,19,23,3,0,0,0.007352941176470588,0.0,0.13970588235294118,0.16911764705882354,0.0,0.022058823529411766,4
137.0,423,339,1,0,-84,20,23,3,0,0,0.0072992700729927005,0.0,0.145985401459854,0.1678832116788321,0.0,0.021897810218978103,4
138.0,426,347,1,0,-79,20,23,3,0,0,0.007246376811594203,0.0,0.14492753623188406,0.16666666666666666,0.0,0.021739130434782608,4
139.0,429,347,1,0,-82,20,23,3,0,0,0.007194244604316547,0.0,0.14388489208633093,0.16546762589928057,0.0,0.02158273381294964,4
140.0,432,347,1,0,-85,20,23,3,0,0,0.007142857142857143,0.0,0.14285714285714285,0.16428571428571428,0.0,0.02142857142857143,4
141.0,435,347,1,0,-88,21,23,3,0,0,0.0070921985815602835,0.0,0.14893617021276595,0.16312056737588654,0.0,0.02127659574468085,4
142.0,438,355,1,0,-83,21,23,3,0,0,0.007042253521126761,0.0,0.14788732394366197,0.1619718309859155,0.0,0.02112676056338028,4
143.0,441,355,1,0,-86,21,23,3,0,0,0.006993006993006993,0.0,0.14685314685314685,0.16083916083916083,0.0,0.02097902097902098,4
144.0,444,355,1,0,-89,21,23,3,0,0,0.006944444444444444,0.0,0.14583333333333334,0.1597222222222222,0.0,0.020833333333333332,4
145.0,447,355,1,0,-92,22,23,3,0,0,0.006896551724137931,0.0,0.15172413793103448,0.15862068965517243,0.0,0.020689655172413793,4
146.0,450,363,1,0,-87,22,24,3,0,0,0.00684931506849315,0.0,0.1506849315068493,0.1643835616438356,0.0,0.02054794520547945,4
147.0,453,366,1,0,-87,22,24,3,0,0,0.006802721088435374,0.0,0.14965986394557823,0.16326530612244897,0.0,0.02040816326530612,4
148.0,456,366,1,0,-90,22,24,3,0,0,0.006756756756756757,0.0,0.14864864864864866,0.16216216216216217,0.0,0.02027027027027027,4
149.0,459,366,1,0,-93,22,24,3,0,0,0.006711409395973154,0.0,0.1476510067114094,0.1610738255033557,0.0,0.020134228187919462,4
150.0,462,366,1,0,-96,23,24,3,0,0,0.006666666666666667,0.0,0.15333333333333332,0.16,0.0,0.02,4
151.0,465,374,1,0,-91,23,24,3,0,0,0.006622516556291391,0.0,0.152317880794702,0.15894039735099338,0.0,0.019867549668874173,4
152.0,468,374,1,0,-94,23,24,3,0,0,0.006578947368421052,0.0,0.1513157894736842,0.15789473684210525,0.0,0.019736842105263157,4
153.0,471,374,1,0,-97,24,24,3,0,0,0.006535947712418301,0.0,0.1568627450980392,0.1568627450980392,0.0,0.0196078431372549,4
154.0,474,382,1,0,-92,24,24,3,0,0,0.006493506493506494,0.0,0.15584415584415584,0.15584415584415584,0.0,0.01948051948051948,4
155.0,477,382,1,0,-95,24,25,3,0,0,0.0064516129032258064,0.0,0.15483870967741936,0.16129032258064516,0.0,0.01935483870967742,4
156.0,480,385,1,0,-95,24,25,3,0,0,0.00641025641025641,0.0,0.15384615384615385,0.16025641025641027,0.0,0.019230769230769232,4
157.0,483,385,1,0,-98,24,26,3,0,0,0.006369426751592357,0.0,0.15286624203821655,0.16560509554140126,0.0,0.01910828025477707,4
158.0,486,388,1,0,-98,24,26,3,0,0,0.006329113924050633,0.0,0.1518987341772152,0.16455696202531644,0.0,0.0189873417721519,4
159.0,489,388,1,0,-101,25,26,3,0,0,0.006289308176100629,0.0,0.15723270440251572,0.16352201257861634,0.0,0.018867924528301886,4
160.0,492,396,1,0,-96,25,26,3,0,0,0.00625,0.0,0.15625,0.1625,0.0,0.01875,4
161.0,495,396,1,0,-99,25,26,3,0,0,0.006211180124223602,0.0,0.15527950310559005,0.16149068322981366,0.0,0.018633540372670808,4
162.0,498,396,1,0,-102,26,26,3,0,0,0.006172839506172839,0.0,0.16049382716049382,0.16049382716049382,0.0,0.018518518518518517,4
163.0,501,404,1,0,-97,26,27,3,0,0,0.006134969325153374,0.0,0.15950920245398773,0.1656441717791411,0.0,0.018404907975460124,4
164.0,504,407,1,0,-97,26,27,3,0,0,0.006097560975609756,0.0,0.15853658536585366,0.16463414634146342,0.0,0.018292682926829267,4
165.0,507,407,1,0,-100,26,27,3,0,0,0.006060606060606061,0.0,0.15757575757575756,0.16363636363636364,0.0,0.01818181818181818,4
166.0,510,407,1,0,-103,26,27,3,0,0,0.006024096385542169,0.0,0.1566265060240964,0.16265060240963855,0.0,0.018072289156626505,4
167.0,513,407,1,0,-106,27,27,3,0,0,0.005988023952095809,0.0,0.16167664670658682,0.16167664670658682,0.0,0.017964071856287425,4
168.0,516,415,1,0,-101,27,27,3,0,0,0.005952380952380952,0.0,0.16071428571428573,0.16071428571428573,0.0,0.017857142857142856,4
169.0,519,415,1,0,-104,27,27,3,0,0,0.005917159763313609,0.0,0.15976331360946747,0.15976331360946747,0.0,0.01775147928994083,4
170.0,522,415,1,0,-107,27,27,3,0,0,0.0058823529411764705,0.0,0.1588235294117647,0.1588235294117647,0.0,0.01764705882352941,4
171.0,525,415,1,0,-110,27,27,3,0,0,0.005847953216374269,0.0,0.15789473684210525,0.15789473684210525,0.0,0.017543859649122806,4
172.0,528,415,1,0,-113,27,27,3,0,0,0.005813953488372093,0.0,0.1569767441860465,0.1569767441860465,0.0,0.01744186046511628,4
173.0,531,415,1,0,-116,27,27,3,0,0,0.005780346820809248,0.0,0.15606936416184972,0.15606936416184972,0.0,0.017341040462427744,4
174.0,534,415,1,0,-119,27,27,3,0,0,0.005747126436781609,0.0,0.15517241379310345,0.15517241379310345,0.0,0.017241379310344827,4
175.0,537,415,1,0,-122,27,27,3,0,0,0.005714285714285714,0.0,0.15428571428571428,0.15428571428571428,0.0,0.017142857142857144,4
176.0,540,415,1,0,-125,28,27,3,0,0,0.005681818181818182,0.0,0.1590909090909091,0.1534090909090909,0.0,0.017045454545454544,4
177.0,543,423,1,0,-120,28,27,3,0,0,0.005649717514124294,0.0,0.15819209039548024,0.15254237288135594,0.0,0.01694915254237288,4
178.0,546,423,1,0,-123,28,27,3,0,0,0.0056179775280898875,0.0,0.15730337078651685,0.15168539325842698,0.0,0.016853932584269662,4
179.0,549,423,1,0,-126,28,27,3,0,0,0.00558659217877095,0.0,0.1564245810055866,0.15083798882681565,0.0,0.01675977653631285,4
180.0,552,423,1,0,-129,28,27,3,0,0,0.005555555555555556,0.0,0.15555555555555556,0.15,0.0,0.016666666666666666,4
181.0,555,423,1,0,-132,28,27,3,0,0,0.0055248618784530384,0.0,0.15469613259668508,0.14917127071823205,0.0,0.016574585635359115,4
182.0,558,423,1,0,-135,28,27,3,0,0,0.005494505494505495,0.0,0.15384615384615385,0.14835164835164835,0.0,0.016483516483516484,4
183.0,561,423,1,0,-138,29,27,3,0,0,0.00546448087431694,0.0,0.15846994535519127,0.14754098360655737,0.0,0.01639344262295082,4
184.0,564,431,1,0,-133,29,27,3,0,0,0.005434782608695652,0.0,0.15760869565217392,0.14673913043478262,0.0,0.016304347826086956,4
185.0,567,431,1,0,-136,29,27,3,0,0,0.005405405405405406,0.0,0.15675675675675677,0.14594594594594595,0.0,0.016216216216216217,4
186.0,570,431,1,0,-139,29,27,3,0,0,0.005376344086021506,0.0,0.15591397849462366,0.14516129032258066,0.0,0.016129032258064516,4
187.0,573,431,1,0,-142,29,27,3,0,0,0.0053475935828877,0.0,0.15508021390374332,0.1443850267379679,0.0,0.016042780748663103,4
188.0,576,431,1,0,-145,29,27,3,0,0,0.005319148936170213,0.0,0.15425531914893617,0.14361702127659576,0.0,0.015957446808510637,4
189.0,579,431,1,0,-148,29,27,3,0,0,0.005291005291005291,0.0,0.15343915343915343,0.14285714285714285,0.0,0.015873015873015872,4
190.0,582,431,1,0,-151,30,27,3,0,0,0.005263157894736842,0.0,0.15789473684210525,0.14210526315789473,0.0,0.015789473684210527,4
191.0,585,439,1,0,-146,30,27,3,0,0,0.005235602094240838,0.0,0.15706806282722513,0.14136125654450263,0.0,0.015706806282722512,4
192.0,588,439,1,0,-149,30,27,3,0,0,0.005208333333333333,0.0,0.15625,0.140625,0.0,0.015625,4
193.0,591,439,1,0,-152,30,27,3,0,0,0.0051813471502590676,0.0,0.15544041450777202,0.13989637305699482,0.0,0.015544041450777202,4
194.0,594,439,1,0,-155,30,27,3,0,0,0.005154639175257732,0.0,0.15463917525773196,0.13917525773195877,0.0,0.015463917525773196,4
195.0,597,439,1,0,-158,30,28,3,0,0,0.005128205128205128,0.0,0.15384615384615385,0.14358974358974358,0.0,0.015384615384615385,4
196.0,600,442,1,0,-158,30,28,3,0,0,0.00510204081632653,0.0,0.15306122448979592,0.14285714285714285,0.0,0.015306122448979591,4
197.0,603,442,1,0,-161,30,28,3,0,0,0.005076142131979695,0.0,0.15228426395939088,0.14213197969543148,0.0,0.015228426395939087,4
198.0,606,442,1,0,-164,31,28,3,0,0,0.005050505050505051,0.0,0.15656565656565657,0.1414141414141414,0.0,0.015151515151515152,4
199.0,609,450,1,0,-159,31,28,3,0,0,0.005025125628140704,0.0,0.15577889447236182,0.1407035175879397,0.0,0.01507537688442211,4
200.0,612,450,1,0,-162,31,29,3,0,0,0.005,0.0,0.155,0.145,0.0,0.015,4
201.0,615,453,1,0,-162,31,29,3,0,0,0.004975124378109453,0.0,0.15422885572139303,0.14427860696517414,0.0,0.014925373134328358,4
202.0,618,453,1,0,-165,31,29,3,0,0,0.0049504950495049506,0.0,0.15346534653465346,0.14356435643564355,0.0,0.01485148514851485,4
203.0,621,453,1,0,-168,32,29,3,0,0,0.0049261083743842365,0.0,0.15763546798029557,0.14285714285714285,0.0,0.014778325123152709,4
204.0,624,461,1,0,-163,32,29,3,0,0,0.004901960784313725,0.0,0.1568627450980392,0.14215686274509803,0.0,0.014705882352941176,4
205.0,625,461,1,1,-164,32,29,3,0,0,0.004878048780487805,0.004878048780487805,0.15609756097560976,0.14146341463414633,0.0,0.014634146341463415,4
206.0,670,755,1,1,85,32,29,3,0,0,0.0048543689320388345,0.0048543689320388345,0.1553398058252427,0.1407766990291262,0.0,0.014563106796116505,4
207.0,673,755,1,1,82,32,29,3,0,0,0.004830917874396135,0.004830917874396135,0.15458937198067632,0.14009661835748793,0.0,0.014492753623188406,4
208.0,676,755,1,1,79,32,29,3,0,0,0.004807692307692308,0.004807692307692308,0.15384615384615385,0.13942307692307693,0.0,0.014423076923076924,4
209.0,679,755,1,1,76,32,29,4,0,0,0.004784688995215311,0.004784688995215311,0.15311004784688995,0.13875598086124402,0.0,0.019138755980861243,4
210.0,682,757,1,1,75,32,29,4,0,0,0.004761904761904762,0.004761904761904762,0.1523809523809524,0.1380952380952381,0.0,0.01904761904761905,4
211.0,685,757,1,1,72,32,29,5,0,0,0.004739336492890996,0.004739336492890996,0.15165876777251186,0.13744075829383887,0.0,0.023696682464454975,4
212.0,688,759,1,1,71,32,30,5,0,0,0.0047169811320754715,0.0047169811320754715,0.1509433962264151,0.14150943396226415,0.0,0.02358490566037736,4
213.0,691,762,1,1,71,33,30,5,0,0,0.004694835680751174,0.004694835680751174,0.15492957746478872,0.14084507042253522,0.0,0.023474178403755867,4
214.0,694,770,1,1,76,33,30,6,0,0,0.004672897196261682,0.004672897196261682,0.1542056074766355,0.14018691588785046,0.0,0.028037383177570093,4
215.0,697,772,1,1,75,33,30,6,0,0,0.004651162790697674,0.004651162790697674,0.15348837209302327,0.13953488372093023,0.0,0.027906976744186046,4
216.0,700,772,1,1,72,33,30,6,0,0,0.004629629629629629,0.004629629629629629,0.1527777777777778,0.1388888888888889,0.0,0.027777777777777776,4
217.0,703,772,1,1,69,34,30,6,0,0,0.004608294930875576,0.004608294930875576,0.15668202764976957,0.1382488479262673,0.0,0.027649769585253458,4
218.0,706,780,1,1,74,34,31,6,0,0,0.0045871559633027525,0.0045871559633027525,0.1559633027522936,0.14220183486238533,0.0,0.027522935779816515,4
219.0,709,783,1,1,74,34,32,6,0,0,0.0045662100456621,0.0045662100456621,0.1552511415525114,0.1461187214611872,0.0,0.0273972602739726,4
220.0,712,786,1,1,74,34,33,6,0,0,0.004545454545454545,0.004545454545454545,0.15454545454545454,0.15,0.0,0.02727272727272727,4
221.0,715,789,1,1,74,34,33,6,0,0,0.004524886877828055,0.004524886877828055,0.15384615384615385,0.1493212669683258,0.0,0.027149321266968326,4
222.0,718,789,1,1,71,34,33,6,0,0,0.0045045045045045045,0.0045045045045045045,0.15315315315315314,0.14864864864864866,0.0,0.02702702702702703,4
223.0,721,789,1,1,68,34,33,6,0,0,0.004484304932735426,0.004484304932735426,0.15246636771300448,0.14798206278026907,0.0,0.026905829596412557,4
224.0,724,789,1,1,65,34,33,6,0,0,0.004464285714285714,0.004464285714285714,0.15178571428571427,0.14732142857142858,0.0,0.026785714285714284,4
225.0,727,789,1,1,62,35,33,6,0,0,0.0044444444444444444,0.0044444444444444444,0.15555555555555556,0.14666666666666667,0.0,0.02666666666666667,4
226.0,730,797,1,1,67,35,33,7,0,0,0.004424778761061947,0.004424778761061947,0.15486725663716813,0.14601769911504425,0.0,0.030973451327433628,4
227.0,733,799,1,1,66,35,34,7,0,0,0.004405286343612335,0.004405286343612335,0.15418502202643172,0.14977973568281938,0.0,0.030837004405286344,4
228.0,736,802,1,1,66,35,34,7,0,0,0.0043859649122807015,0.0043859649122807015,0.15350877192982457,0.14912280701754385,0.0,0.03070175438596491,4
229.0,739,802,1,1,63,35,34,7,0,0,0.004366812227074236,0.004366812227074236,0.15283842794759825,0.14847161572052403,0.0,0.03056768558951965,4
230.0,742,802,1,1,60,35,34,7,0,0,0.004347826086956522,0.004347826086956522,0.15217391304347827,0.14782608695652175,0.0,0.030434782608695653,4
231.0,745,802,1,1,57,35,34,7,0,0,0.004329004329004329,0.004329004329004329,0.15151515151515152,0.1471861471861472,0.0,0.030303030303030304,4
232.0,748,802,1,1,54,35,34,7,0,0,0.004310344827586207,0.004310344827586207,0.15086206896551724,0.14655172413793102,0.0,0.03017241379310345,4
233.0,751,802,1,1,51,35,35,7,0,0,0.004291845493562232,0.004291845493562232,0.15021459227467812,0.15021459227467812,0.0,0.030042918454935622,4
234.0,754,805,1,1,51,35,35,7,0,0,0.004273504273504274,0.004273504273504274,0.14957264957264957,0.14957264957264957,0.0,0.029914529914529916,4
235.0,757,805,1,1,48,35,35,7,0,0,0.00425531914893617,0.00425531914893617,0.14893617021276595,0.14893617021276595,0.0,0.029787234042553193,4
236.0,760,805,1,1,45,35,36,7,0,0,0.00423728813559322,0.00423728813559322,0.1483050847457627,0.15254237288135594,0.0,0.029661016949152543,4
237.0,763,808,1,1,45,35,36,7,0,0,0.004219409282700422,0.004219409282700422,0.14767932489451477,0.1518987341772152,0.0,0.029535864978902954,4
238.0,766,808,1,1,42,36,36,7,0,0,0.004201680672268907,0.004201680672268907,0.15126050420168066,0.15126050420168066,0.0,0.029411764705882353,4
239.0,769,816,1,1,47,37,36,7,0,0,0.0041841004184100415,0.0041841004184100415,0.15481171548117154,0.1506276150627615,0.0,0.029288702928870293,4
240.0,772,824,1,1,52,37,36,7,0,0,0.004166666666666667,0.004166666666666667,0.15416666666666667,0.15,0.0,0.029166666666666667,4
241.0,775,824,1,1,49,37,37,7,0,0,0.004149377593360996,0.004149377593360996,0.15352697095435686,0.15352697095435686,0.0,0.029045643153526972,4
242.0,778,827,1,1,49,37,38,7,0,0,0.004132231404958678,0.004132231404958678,0.15289256198347106,0.15702479338842976,0.0,0.028925619834710745,4
243.0,781,830,1,1,49,37,38,7,0,0,0.00411522633744856,0.00411522633744856,0.1522633744855967,0.15637860082304528,0.0,0.02880658436213992,4
244.0,784,830,1,1,46,37,38,7,0,0,0.004098360655737705,0.004098360655737705,0.15163934426229508,0.1557377049180328,0.0,0.028688524590163935,4
245.0,787,830,1,1,43,37,38,7,0,0,0.004081632653061225,0.004081632653061225,0.1510204081632653,0.15510204081632653,0.0,0.02857142857142857,4
246.0,790,830,1,1,40,37,39,7,0,0,0.0040650406504065045,0.0040650406504065045,0.15040650406504066,0.15853658536585366,0.0,0.028455284552845527,4
247.0,793,833,1,1,40,37,40,7,0,0,0.004048582995951417,0.004048582995951417,0.14979757085020243,0.16194331983805668,0.0,0.02834008097165992,4
248.0,796,836,1,1,40,37,41,7,0,0,0.004032258064516129,0.004032258064516129,0.14919354838709678,0.16532258064516128,0.0,0.028225806451612902,4
249.0,799,839,1,1,40,37,41,7,0,0,0.004016064257028112,0.004016064257028112,0.14859437751004015,0.1646586345381526,0.0,0.028112449799196786,4
250.0,802,839,1,1,37,37,41,7,0,0,0.004,0.004,0.148,0.164,0.0,0.028,4
251.0,805,839,1,1,34,38,41,7,0,0,0.00398406374501992,0.00398406374501992,0.15139442231075698,0.16334661354581673,0.0,0.027888446215139442,4
252.0,808,847,1,1,39,38,41,7,0,0,0.003968253968253968,0.003968253968253968,0.15079365079365079,0.1626984126984127,0.0,0.027777777777777776,4
253.0,811,847,1,1,36,38,41,7,0,0,0.003952569169960474,0.003952569169960474,0.15019762845849802,0.16205533596837945,0.0,0.02766798418972332,4
254.0,814,847,1,1,33,38,41,7,0,0,0.003937007874015748,0.003937007874015748,0.14960629921259844,0.16141732283464566,0.0,0.027559055118110236,4
255.0,817,847,1,1,30,38,41,7,0,0,0.00392156862745098,0.00392156862745098,0.14901960784313725,0.1607843137254902,0.0,0.027450980392156862,4
256.0,820,847,1,1,27,38,41,8,0,0,0.00390625,0.00390625,0.1484375,0.16015625,0.0,0.03125,4
257.0,823,849,1,1,26,38,42,8,0,0,0.0038910505836575876,0.0038910505836575876,0.14785992217898833,0.16342412451361868,0.0,0.0311284046692607,4
258.0,826,852,1,1,26,38,42,8,0,0,0.003875968992248062,0.003875968992248062,0.14728682170542637,0.16279069767441862,0.0,0.031007751937984496,4
259.0,829,852,1,2,23,38,42,8,0,0,0.003861003861003861,0.007722007722007722,0.14671814671814673,0.16216216216216217,0.0,0.03088803088803089,4
260.0,874,1146,1,2,272,38,43,8,0,0,0.0038461538461538464,0.007692307692307693,0.14615384615384616,0.16538461538461538,0.0,0.03076923076923077,4
261.0,877,1149,1,2,272,38,44,8,0,0,0.0038314176245210726,0.007662835249042145,0.14559386973180077,0.1685823754789272,0.0,0.03065134099616858,4
262.0,880,1152,1,2,272,38,44,8,0,0,0.003816793893129771,0.007633587786259542,0.1450381679389313,0.16793893129770993,0.0,0.030534351145038167,4
263.0,883,1152,1,2,269,38,45,8,0,0,0.0038022813688212928,0.0076045627376425855,0.1444866920152091,0.17110266159695817,0.0,0.030418250950570342,4
264.0,886,1155,1,2,269,38,45,8,0,0,0.003787878787878788,0.007575757575757576,0.14393939393939395,0.17045454545454544,0.0,0.030303030303030304,4
265.0,889,1155,1,2,266,38,45,8,0,0,0.0037735849056603774,0.007547169811320755,0.14339622641509434,0.16981132075471697,0.0,0.03018867924528302,4
266.0,892,1155,1,2,263,38,46,8,0,0,0.0037593984962406013,0.007518796992481203,0.14285714285714285,0.17293233082706766,0.0,0.03007518796992481,4
267.0,895,1158,1,2,263,38,46,8,0,0,0.003745318352059925,0.00749063670411985,0.14232209737827714,0.17228464419475656,0.0,0.0299625468164794,4
268.0,898,1158,1,2,260,38,47,8,0,0,0.0037313432835820895,0.007462686567164179,0.1417910447761194,0.17537313432835822,0.0,0.029850746268656716,4
269.0,901,1161,1,2,260,38,48,8,0,0,0.0037174721189591076,0.007434944237918215,0.1412639405204461,0.17843866171003717,0.0,0.02973977695167286,4
270.0,904,1164,1,2,260,38,48,8,0,0,0.003703703703703704,0.007407407407407408,0.14074074074074075,0.17777777777777778,0.0,0.02962962962962963,4
271.0,907,1164,1,2,257,38,48,8,0,0,0.0036900369003690036,0.007380073800738007,0.14022140221402213,0.17712177121771217,0.0,0.02952029520295203,4
272.0,910,1164,1,2,254,39,48,8,0,0,0.003676470588235294,0.007352941176470588,0.14338235294117646,0.17647058823529413,0.0,0.029411764705882353,4
273.0,913,1172,1,2,259,39,48,8,0,0,0.003663003663003663,0.007326007326007326,0.14285714285714285,0.17582417582417584,0.0,0.029304029304029304,4
274.0,916,1172,1,2,256,39,48,9,0,0,0.0036496350364963502,0.0072992700729927005,0.14233576642335766,0.17518248175182483,0.0,0.032846715328467155,4
275.0,919,1174,1,2,255,39,48,9,0,0,0.0036363636363636364,0.007272727272727273,0.14181818181818182,0.17454545454545456,0.0,0.03272727272727273,4
276.0,922,1174,1,2,252,39,48,9,0,0,0.0036231884057971015,0.007246376811594203,0.14130434782608695,0.17391304347826086,0.0,0.03260869565217391,4
277.0,925,1174,1,2,249,40,48,9,0,0,0.0036101083032490976,0.007220216606498195,0.1444043321299639,0.17328519855595667,0.0,0.032490974729241874,4
278.0,928,1182,1,2,254,40,48,9,0,0,0.0035971223021582736,0.007194244604316547,0.14388489208633093,0.17266187050359713,0.0,0.03237410071942446,4
279.0,931,1182,1,2,251,40,48,9,0,0,0.0035842293906810036,0.007168458781362007,0.14336917562724014,0.17204301075268819,0.0,0.03225806451612903,4
280.0,934,1182,1,2,248,41,48,9,0,0,0.0035714285714285713,0.007142857142857143,0.14642857142857144,0.17142857142857143,0.0,0.03214285714285714,4
281.0,937,1190,1,2,253,41,48,9,0,0,0.0035587188612099642,0.0071174377224199285,0.14590747330960854,0.1708185053380783,0.0,0.03202846975088968,4
282.0,940,1190,1,2,250,42,48,9,0,0,0.0035460992907801418,0.0070921985815602835,0.14893617021276595,0.1702127659574468,0.0,0.031914893617021274,4
283.0,943,1198,1,2,255,42,49,9,0,0,0.0035335689045936395,0.007067137809187279,0.14840989399293286,0.17314487632508835,0.0,0.03180212014134275,4
284.0,946,1201,1,2,255,42,49,9,0,0,0.0035211267605633804,0.007042253521126761,0.14788732394366197,0.17253521126760563,0.0,0.03169014084507042,4
285.0,949,1201,1,2,252,43,49,9,0,0,0.0035087719298245615,0.007017543859649123,0.15087719298245614,0.17192982456140352,0.0,0.031578947368421054,4
286.0,952,1209,1,2,257,43,49,9,0,0,0.0034965034965034965,0.006993006993006993,0.15034965034965034,0.17132867132867133,0.0,0.03146853146853147,4
287.0,955,1209,1,2,254,43,49,9,0,0,0.003484320557491289,0.006968641114982578,0.14982578397212543,0.17073170731707318,0.0,0.0313588850174216,4
288.0,958,1209,1,2,251,43,49,9,0,0,0.003472222222222222,0.006944444444444444,0.14930555555555555,0.1701388888888889,0.0,0.03125,4
289.0,961,1209,1,2,248,43,49,9,0,0,0.0034602076124567475,0.006920415224913495,0.14878892733564014,0.1695501730103806,0.0,0.031141868512110725,4
290.0,964,1209,1,2,245,43,50,9,0,0,0.0034482758620689655,0.006896551724137931,0.1482758620689655,0.1724137931034483,0.0,0.03103448275862069,4
291.0,967,1212,1,2,245,43,50,9,0,0,0.003436426116838488,0.006872852233676976,0.14776632302405499,0.1718213058419244,0.0,0.030927835051546393,4
292.0,970,1212,1,2,242,43,50,9,0,0,0.003424657534246575,0.00684931506849315,0.14726027397260275,0.17123287671232876,0.0,0.030821917808219176,4
293.0,971,1212,1,3,241,43,50,9,0,0,0.0034129692832764505,0.010238907849829351,0.14675767918088736,0.17064846416382254,0.0,0.030716723549488054,4
294.0,1016,1509,1,3,493,43,50,9,0,0,0.003401360544217687,0.01020408163265306,0.14625850340136054,0.17006802721088435,0.0,0.030612244897959183,4
295.0,1019,1509,1,3,490,44,50,9,0,0,0.003389830508474576,0.010169491525423728,0.14915254237288136,0.1694915254237288,0.0,0.030508474576271188,4
296.0,1022,1517,1,3,495,44,50,9,0,0,0.0033783783783783786,0.010135135135135136,0.14864864864864866,0.16891891891891891,0.0,0.030405405405405407,4
297.0,1025,1517,1,3,492,45,50,9,0,0,0.003367003367003367,0.010101010101010102,0.15151515151515152,0.16835016835016836,0.0,0.030303030303030304,4
298.0,1028,1525,1,3,497,45,50,9,0,0,0.003355704697986577,0.010067114093959731,0.15100671140939598,0.16778523489932887,0.0,0.030201342281879196,4
299.0,1031,1525,1,3,494,45,50,9,0,0,0.0033444816053511705,0.010033444816053512,0.1505016722408027,0.16722408026755853,0.0,0.030100334448160536,4
300.0,1034,1525,1,3,491,45,50,9,0,0,0.0033333333333333335,0.01,0.15,0.16666666666666666,0.0,0.03,4
301.0,1037,1525,1,3,488,45,50,9,0,0,0.0033222591362126247,0.009966777408637873,0.14950166112956811,0.16611295681063123,0.0,0.029900332225913623,4
302.0,1040,1525,1,3,485,45,50,9,0,0,0.0033112582781456954,0.009933774834437087,0.1490066225165563,0.16556291390728478,0.0,0.029801324503311258,4
303.0,1043,1525,1,3,482,45,50,9,0,0,0.0033003300330033004,0.009900990099009901,0.1485148514851485,0.16501650165016502,0.0,0.0297029702970297,4
304.0,1046,1525,1,3,479,45,50,9,0,0,0.003289473684210526,0.009868421052631578,0.14802631578947367,0.16447368421052633,0.0,0.029605263157894735,4
305.0,1049,1525,1,3,476,45,50,9,0,0,0.003278688524590164,0.009836065573770493,0.14754098360655737,0.16393442622950818,0.0,0.029508196721311476,4
306.0,1052,1525,1,3,473,46,50,9,0,0,0.0032679738562091504,0.00980392156862745,0.1503267973856209,0.16339869281045752,0.0,0.029411764705882353,4
307.0,1055,1533,1,3,478,47,50,9,0,0,0.003257328990228013,0.009771986970684038,0.15309446254071662,0.16286644951140064,0.0,0.029315960912052116,4
308.0,1058,1541,1,3,483,47,50,9,0,0,0.003246753246753247,0.00974025974025974,0.1525974025974026,0.16233766233766234,0.0,0.02922077922077922,4
309.0,1061,1541,1,3,480,47,50,9,0,0,0.003236245954692557,0.009708737864077669,0.15210355987055016,0.16181229773462782,0.0,0.02912621359223301,4
310.0,1064,1541,1,3,477,47,50,9,0,0,0.0032258064516129032,0.00967741935483871,0.15161290322580645,0.16129032258064516,0.0,0.02903225806451613,4
311.0,1067,1541,1,3,474,47,50,9,0,0,0.003215434083601286,0.00964630225080386,0.15112540192926044,0.1607717041800643,0.0,0.028938906752411574,4
312.0,1070,1541,1,3,471,47,50,9,0,0,0.003205128205128205,0.009615384615384616,0.15064102564102563,0.16025641025641027,0.0,0.028846153846153848,4
313.0,1073,1541,1,3,468,47,50,9,0,0,0.003194888178913738,0.009584664536741214,0.1501597444089457,0.1597444089456869,0.0,0.02875399361022364,4
314.0,1076,1541,1,3,465,48,50,9,0,0,0.0031847133757961785,0.009554140127388535,0.15286624203821655,0.1592356687898089,0.0,0.028662420382165606,4
315.0,1079,1549,1,3,470,48,50,10,0,0,0.0031746031746031746,0.009523809523809525,0.1523809523809524,0.15873015873015872,0.0,0.031746031746031744,4
316.0,1082,1551,1,3,469,48,51,10,0,0,0.0031645569620253164,0.00949367088607595,0.1518987341772152,0.16139240506329114,0.0,0.03164556962025317,4
317.0,1085,1554,1,3,469,48,51,10,0,0,0.0031545741324921135,0.00946372239747634,0.15141955835962145,0.1608832807570978,0.0,0.031545741324921134,4
318.0,1088,1554,1,3,466,49,51,10,0,0,0.0031446540880503146,0.009433962264150943,0.1540880503144654,0.16037735849056603,0.0,0.031446540880503145,4
319.0,1091,1562,1,3,471,49,51,10,0,0,0.003134796238244514,0.009404388714733543,0.1536050156739812,0.15987460815047022,0.0,0.03134796238244514,4
320.0,1094,1562,1,3,468,49,51,10,0,0,0.003125,0.009375,0.153125,0.159375,0.0,0.03125,4
321.0,1097,1562,1,3,465,50,51,10,0,0,0.003115264797507788,0.009345794392523364,0.1557632398753894,0.1588785046728972,0.0,0.03115264797507788,4
322.0,1100,1570,1,3,470,50,51,10,0,0,0.003105590062111801,0.009316770186335404,0.15527950310559005,0.15838509316770186,0.0,0.031055900621118012,4
323.0,1103,1570,1,3,467,50,51,10,0,0,0.0030959752321981426,0.009287925696594427,0.15479876160990713,0.15789473684210525,0.0,0.030959752321981424,4
324.0,1106,1570,1,3,464,50,51,10,0,0,0.0030864197530864196,0.009259259259259259,0.15432098765432098,0.1574074074074074,0.0,0.030864197530864196,4
325.0,1109,1570,1,3,461,50,52,10,0,0,0.003076923076923077,0.009230769230769232,0.15384615384615385,0.16,0.0,0.03076923076923077,4
326.0,1112,1573,1,3,461,50,52,10,0,0,0.003067484662576687,0.009202453987730062,0.15337423312883436,0.15950920245398773,0.0,0.03067484662576687,4
327.0,1115,1573,1,3,458,50,52,10,0,0,0.0030581039755351682,0.009174311926605505,0.1529051987767584,0.15902140672782875,0.0,0.03058103975535168,4
328.0,1118,1573,1,3,455,50,53,10,0,0,0.003048780487804878,0.009146341463414634,0.1524390243902439,0.16158536585365854,0.0,0.03048780487804878,4
329.0,1121,1576,1,3,455,50,53,10,0,0,0.00303951367781155,0.00911854103343465,0.1519756838905775,0.16109422492401215,0.0,0.030395136778115502,4
330.0,1124,1576,1,3,452,50,53,10,0,0,0.0030303030303030303,0.00909090909090909,0.15151515151515152,0.1606060606060606,0.0,0.030303030303030304,4
331.0,1127,1576,1,3,449,50,53,10,0,0,0.0030211480362537764,0.00906344410876133,0.1510574018126888,0.16012084592145015,0.0,0.030211480362537766,4
332.0,1130,1576,1,3,446,50,53,10,0,0,0.0030120481927710845,0.009036144578313253,0.15060240963855423,0.15963855421686746,0.0,0.030120481927710843,4
333.0,1133,1576,1,3,443,50,53,10,0,0,0.003003003003003003,0.009009009009009009,0.15015015015015015,0.15915915915915915,0.0,0.03003003003003003,4
334.0,1136,1576,1,3,440,50,53,10,0,0,0.0029940119760479044,0.008982035928143712,0.1497005988023952,0.15868263473053892,0.0,0.029940119760479042,4
335.0,1139,1576,1,3,437,50,53,10,0,0,0.0029850746268656717,0.008955223880597015,0.14925373134328357,0.1582089552238806,0.0,0.029850746268656716,4
336.0,1142,1576,1,3,434,50,53,10,0,0,0.002976190476190476,0.008928571428571428,0.1488095238095238,0.15773809523809523,0.0,0.02976190476190476,4
337.0,1145,1576,1,3,431,50,53,10,0,0,0.002967359050445104,0.008902077151335312,0.14836795252225518,0.1572700296735905,0.0,0.02967359050445104,4
338.0,1148,1576,1,3,428,50,53,10,0,0,0.0029585798816568047,0.008875739644970414,0.14792899408284024,0.15680473372781065,0.0,0.029585798816568046,4
339.0,1151,1576,1,3,425,50,53,10,0,0,0.0029498525073746312,0.008849557522123894,0.14749262536873156,0.15634218289085547,0.0,0.029498525073746312,4
340.0,1154,1576,1,3,422,50,53,10,0,0,0.0029411764705882353,0.008823529411764706,0.14705882352941177,0.15588235294117647,0.0,0.029411764705882353,4
341.0,1157,1576,1,3,419,50,54,10,0,0,0.002932551319648094,0.008797653958944282,0.1466275659824047,0.15835777126099707,0.0,0.02932551319648094,4
342.0,1160,1579,1,3,419,50,54,10,0,0,0.0029239766081871343,0.008771929824561403,0.14619883040935672,0.15789473684210525,0.0,0.029239766081871343,4
343.0,1163,1579,1,3,416,50,54,10,0,0,0.0029154518950437317,0.008746355685131196,0.1457725947521866,0.15743440233236153,0.0,0.029154518950437316,4
344.0,1166,1579,1,3,413,50,54,10,0,0,0.0029069767441860465,0.00872093023255814,0.14534883720930233,0.1569767441860465,0.0,0.029069767441860465,4
345.0,1169,1579,1,3,410,50,54,10,0,0,0.002898550724637681,0.008695652173913044,0.14492753623188406,0.1565217391304348,0.0,0.028985507246376812,4
346.0,1172,1579,1,3,407,50,54,10,0,0,0.002890173410404624,0.008670520231213872,0.14450867052023122,0.15606936416184972,0.0,0.028901734104046242,4
347.0,1175,1579,1,3,404,50,54,10,0,0,0.002881844380403458,0.008645533141210375,0.1440922190201729,0.15561959654178675,0.0,0.02881844380403458,4
348.0,1178,1579,1,3,401,51,54,10,0,0,0.0028735632183908046,0.008620689655172414,0.14655172413793102,0.15517241379310345,0.0,0.028735632183908046,4
349.0,1181,1587,1,3,406,51,54,10,0,0,0.0028653295128939827,0.008595988538681949,0.14613180515759314,0.15472779369627507,0.0,0.02865329512893983,4
350.0,1184,1587,1,3,403,51,54,10,0,0,0.002857142857142857,0.008571428571428572,0.1457142857142857,0.15428571428571428,0.0,0.02857142857142857,4
351.0,1187,1587,1,3,400,51,54,10,0,0,0.002849002849002849,0.008547008547008548,0.1452991452991453,0.15384615384615385,0.0,0.02849002849002849,4
352.0,1190,1587,1,3,397,51,54,10,0,0,0.002840909090909091,0.008522727272727272,0.14488636363636365,0.1534090909090909,0.0,0.028409090909090908,4
353.0,1193,1587,1,3,394,52,54,10,0,0,0.0028328611898017,0.0084985835694051,0.14730878186968838,0.1529745042492918,0.0,0.028328611898016998,4
354.0,1196,1595,1,3,399,52,54,10,0,0,0.002824858757062147,0.00847457627118644,0.14689265536723164,0.15254237288135594,0.0,0.02824858757062147,4
355.0,1199,1595,1,3,396,52,54,10,0,0,0.0028169014084507044,0.008450704225352112,0.14647887323943662,0.15211267605633802,0.0,0.028169014084507043,4
356.0,1202,1595,1,3,393,52,54,10,0,0,0.0028089887640449437,0.008426966292134831,0.14606741573033707,0.15168539325842698,0.0,0.028089887640449437,4
357.0,1205,1595,1,3,390,52,54,10,0,0,0.0028011204481792717,0.008403361344537815,0.14565826330532214,0.15126050420168066,0.0,0.028011204481792718,4
358.0,1208,1595,1,3,387,52,54,10,0,0,0.002793296089385475,0.008379888268156424,0.1452513966480447,0.15083798882681565,0.0,0.027932960893854747,4
359.0,1211,1595,1,3,384,52,54,10,0,0,0.002785515320334262,0.008356545961002786,0.14484679665738162,0.15041782729805014,0.0,0.027855153203342618,4
360.0,1214,1595,1,3,381,52,54,10,0,0,0.002777777777777778,0.008333333333333333,0.14444444444444443,0.15,0.0,0.027777777777777776,4
361.0,1217,1595,1,3,378,52,54,10,0,0,0.002770083102493075,0.008310249307479225,0.1440443213296399,0.14958448753462603,0.0,0.027700831024930747,4
362.0,1220,1595,1,3,375,53,54,10,0,0,0.0027624309392265192,0.008287292817679558,0.1464088397790055,0.14917127071823205,0.0,0.027624309392265192,4
363.0,1223,1603,1,3,380,53,54,10,0,0,0.0027548209366391185,0.008264462809917356,0.14600550964187328,0.1487603305785124,0.0,0.027548209366391185,4
364.0,1226,1603,1,3,377,53,54,10,0,0,0.0027472527472527475,0.008241758241758242,0.14560439560439561,0.14835164835164835,0.0,0.027472527472527472,4
365.0,1229,1603,1,3,374,53,54,10,0,0,0.0027397260273972603,0.00821917808219178,0.14520547945205478,0.14794520547945206,0.0,0.0273972602739726,4
366.0,1232,1603,1,3,371,53,54,10,0,0,0.00273224043715847,0.00819672131147541,0.1448087431693989,0.14754098360655737,0.0,0.0273224043715847,4
367.0,1235,1603,1,3,368,53,54,10,0,0,0.0027247956403269754,0.008174386920980926,0.1444141689373297,0.14713896457765668,0.0,0.027247956403269755,4
368.0,1238,1603,1,3,365,53,54,10,0,0,0.002717391304347826,0.008152173913043478,0.14402173913043478,0.14673913043478262,0.0,0.02717391304347826,4
369.0,1241,1603,1,3,362,53,54,11,0,0,0.0027100271002710027,0.008130081300813009,0.14363143631436315,0.14634146341463414,0.0,0.02981029810298103,4
370.0,1244,1605,1,3,361,53,54,11,0,0,0.002702702702702703,0.008108108108108109,0.14324324324324325,0.14594594594594595,0.0,0.02972972972972973,4
371.0,1247,1605,1,3,358,53,54,11,0,0,0.0026954177897574125,0.008086253369272238,0.14285714285714285,0.14555256064690028,0.0,0.029649595687331536,4
372.0,1250,1605,1,3,355,53,54,11,0,0,0.002688172043010753,0.008064516129032258,0.1424731182795699,0.14516129032258066,0.0,0.02956989247311828,4
373.0,1253,1605,1,3,352,53,54,11,0,0,0.002680965147453083,0.00804289544235925,0.14209115281501342,0.1447721179624665,0.0,0.029490616621983913,4
374.0,1256,1605,1,3,349,53,54,11,0,0,0.00267379679144385,0.008021390374331552,0.14171122994652408,0.1443850267379679,0.0,0.029411764705882353,4
375.0,1259,1605,1,3,346,53,54,11,0,0,0.0026666666666666666,0.008,0.14133333333333334,0.144,0.0,0.029333333333333333,4
376.0,1262,1605,1,3,343,54,54,11,0,0,0.0026595744680851063,0.007978723404255319,0.14361702127659576,0.14361702127659576,0.0,0.02925531914893617,4
377.0,1265,1613,1,3,348,54,54,11,0,0,0.002652519893899204,0.007957559681697613,0.14323607427055704,0.14323607427055704,0.0,0.029177718832891247,4
378.0,1268,1613,1,3,345,54,55,11,0,0,0.0026455026455026454,0.007936507936507936,0.14285714285714285,0.1455026455026455,0.0,0.0291005291005291,4
379.0,1271,1616,1,3,345,54,55,11,0,0,0.002638522427440633,0.0079155672823219,0.1424802110817942,0.14511873350923482,0.0,0.029023746701846966,4
380.0,1274,1616,1,3,342,54,55,11,0,0,0.002631578947368421,0.007894736842105263,0.14210526315789473,0.14473684210526316,0.0,0.02894736842105263,4
381.0,1277,1616,1,3,339,54,55,11,0,0,0.0026246719160104987,0.007874015748031496,0.14173228346456693,0.14435695538057744,0.0,0.028871391076115485,4
382.0,1280,1616,1,3,336,54,56,11,0,0,0.002617801047120419,0.007853403141361256,0.14136125654450263,0.14659685863874344,0.0,0.028795811518324606,4
383.0,1283,1619,1,3,336,54,56,11,0,0,0.0026109660574412533,0.007832898172323759,0.1409921671018277,0.1462140992167102,0.0,0.028720626631853787,4
384.0,1286,1619,1,3,333,55,56,11,0,0,0.0026041666666666665,0.0078125,0.14322916666666666,0.14583333333333334,0.0,0.028645833333333332,4
385.0,1289,1627,1,3,338,56,56,11,0,0,0.0025974025974025974,0.007792207792207792,0.14545454545454545,0.14545454545454545,0.0,0.02857142857142857,4
386.0,1292,1635,1,3,343,56,56,11,0,0,0.0025906735751295338,0.007772020725388601,0.14507772020725387,0.14507772020725387,0.0,0.02849740932642487,4
387.0,1295,1635,1,3,340,56,56,11,0,0,0.002583979328165375,0.007751937984496124,0.14470284237726097,0.14470284237726097,0.0,0.028423772609819122,4
388.0,1298,1635,1,3,337,56,56,11,0,0,0.002577319587628866,0.007731958762886598,0.14432989690721648,0.14432989690721648,0.0,0.028350515463917526,4
389.0,1301,1635,1,3,334,56,56,11,0,0,0.002570694087403599,0.007712082262210797,0.14395886889460155,0.14395886889460155,0.0,0.028277634961439587,4
390.0,1304,1635,1,3,331,56,56,11,0,0,0.002564102564102564,0.007692307692307693,0.14358974358974358,0.14358974358974358,0.0,0.028205128205128206,4
391.0,1307,1635,1,3,328,56,56,11,0,0,0.0025575447570332483,0.0076726342710997444,0.1432225063938619,0.1432225063938619,0.0,0.028132992327365727,4
392.0,1310,1635,1,3,325,57,56,11,0,0,0.002551020408163265,0.007653061224489796,0.14540816326530612,0.14285714285714285,0.0,0.02806122448979592,4
393.0,1313,1643,1,3,330,57,56,11,0,0,0.002544529262086514,0.007633587786259542,0.1450381679389313,0.14249363867684478,0.0,0.027989821882951654,4
394.0,1316,1643,1,3,327,57,56,11,0,0,0.0025380710659898475,0.007614213197969543,0.1446700507614213,0.14213197969543148,0.0,0.027918781725888325,4
395.0,1319,1643,1,3,324,58,56,11,0,0,0.002531645569620253,0.007594936708860759,0.1468354430379747,0.14177215189873418,0.0,0.027848101265822784,4
396.0,1322,1651,1,3,329,58,57,11,0,0,0.0025252525252525255,0.007575757575757576,0.14646464646464646,0.14393939393939395,0.0,0.027777777777777776,4
397.0,1325,1654,1,3,329,58,58,11,0,0,0.0025188916876574307,0.007556675062972292,0.14609571788413098,0.14609571788413098,0.0,0.027707808564231738,4
398.0,1328,1657,1,3,329,59,58,11,0,0,0.002512562814070352,0.007537688442211055,0.14824120603015076,0.1457286432160804,0.0,0.02763819095477387,4
399.0,1331,1665,1,3,334,59,59,11,0,0,0.002506265664160401,0.007518796992481203,0.14786967418546365,0.14786967418546365,0.0,0.02756892230576441,4
400.0,1334,1668,1,3,334,59,59,11,0,0,0.0025,0.0075,0.1475,0.1475,0.0,0.0275,4
401.0,1337,1668,1,3,331,59,59,11,0,0,0.0024937655860349127,0.007481296758104738,0.14713216957605985,0.14713216957605985,0.0,0.02743142144638404,4
402.0,1340,1668,1,3,328,59,59,11,0,0,0.0024875621890547263,0.007462686567164179,0.14676616915422885,0.14676616915422885,0.0,0.02736318407960199,4
403.0,1343,1668,1,3,325,59,59,11,0,0,0.0024813895781637717,0.007444168734491315,0.14640198511166252,0.14640198511166252,0.0,0.02729528535980149,4
404.0,1346,1668,1,3,322,60,59,11,0,0,0.0024752475247524753,0.007425742574257425,0.1485148514851485,0.14603960396039603,0.0,0.027227722772277228,4
405.0,1349,1676,1,3,327,60,59,12,0,0,0.0024691358024691358,0.007407407407407408,0.14814814814814814,0.145679012345679,0.0,0.02962962962962963,4
406.0,1352,1678,1,3,326,60,59,12,0,0,0.0024630541871921183,0.007389162561576354,0.1477832512315271,0.14532019704433496,0.0,0.029556650246305417,4
407.0,1355,1678,1,3,323,60,59,12,0,0,0.002457002457002457,0.007371007371007371,0.14742014742014742,0.14496314496314497,0.0,0.029484029484029485,4
408.0,1358,1678,1,3,320,60,59,12,0,0,0.0024509803921568627,0.007352941176470588,0.14705882352941177,0.14460784313725492,0.0,0.029411764705882353,4
409.0,1361,1678,1,3,317,60,59,12,0,0,0.0024449877750611247,0.007334963325183374,0.1466992665036675,0.14425427872860636,0.0,0.029339853300733496,4
410.0,1364,1678,1,3,314,60,59,12,0,0,0.0024390243902439024,0.007317073170731708,0.14634146341463414,0.14390243902439023,0.0,0.02926829268292683,4
411.0,1367,1678,1,3,311,60,59,12,0,0,0.0024330900243309003,0.0072992700729927005,0.145985401459854,0.1435523114355231,0.0,0.029197080291970802,4
412.0,1370,1678,1,3,308,60,59,12,0,0,0.0024271844660194173,0.007281553398058253,0.14563106796116504,0.14320388349514562,0.0,0.02912621359223301,4
413.0,1373,1678,1,3,305,60,59,12,0,0,0.002421307506053269,0.007263922518159807,0.14527845036319612,0.14285714285714285,0.0,0.029055690072639227,4
414.0,1376,1678,1,3,302,60,59,12,0,0,0.0024154589371980675,0.007246376811594203,0.14492753623188406,0.14251207729468598,0.0,0.028985507246376812,4
415.0,1379,1678,1,3,299,60,59,12,0,0,0.0024096385542168677,0.007228915662650603,0.14457831325301204,0.14216867469879518,0.0,0.02891566265060241,4
416.0,1382,1678,1,3,296,60,59,12,0,0,0.002403846153846154,0.007211538461538462,0.14423076923076922,0.14182692307692307,0.0,0.028846153846153848,4
417.0,1385,1678,1,3,293,60,59,12,0,0,0.002398081534772182,0.007194244604316547,0.14388489208633093,0.14148681055155876,0.0,0.02877697841726619,4
418.0,1388,1678,1,3,290,60,59,12,0,0,0.0023923444976076554,0.007177033492822967,0.14354066985645933,0.14114832535885166,0.0,0.028708133971291867,4
419.0,1391,1678,1,3,287,60,60,12,0,0,0.002386634844868735,0.007159904534606206,0.1431980906921241,0.1431980906921241,0.0,0.028639618138424822,4
420.0,1394,1681,1,3,287,60,60,12,0,0,0.002380952380952381,0.007142857142857143,0.14285714285714285,0.14285714285714285,0.0,0.02857142857142857,4
421.0,1397,1681,1,3,284,60,60,12,0,0,0.0023752969121140144,0.007125890736342043,0.14251781472684086,0.14251781472684086,0.0,0.028503562945368172,4
422.0,1400,1681,1,3,281,60,60,12,0,0,0.002369668246445498,0.0071090047393364926,0.14218009478672985,0.14218009478672985,0.0,0.02843601895734597,4
423.0,1403,1681,1,3,278,60,60,12,0,0,0.002364066193853428,0.0070921985815602835,0.14184397163120568,0.14184397163120568,0.0,0.028368794326241134,4
424.0,1406,1681,1,3,275,60,60,12,0,0,0.0023584905660377358,0.007075471698113208,0.14150943396226415,0.14150943396226415,0.0,0.02830188679245283,4
425.0,1409,1681,1,3,272,60,60,12,0,0,0.002352941176470588,0.007058823529411765,0.1411764705882353,0.1411764705882353,0.0,0.02823529411764706,4
426.0,1412,1681,1,3,269,60,60,12,0,0,0.002347417840375587,0.007042253521126761,0.14084507042253522,0.14084507042253522,0.0,0.028169014084507043,4
427.0,1415,1681,1,3,266,60,60,12,0,0,0.00234192037470726,0.00702576112412178,0.1405152224824356,0.1405152224824356,0.0,0.02810304449648712,4
428.0,1418,1681,1,3,263,60,60,12,0,0,0.002336448598130841,0.007009345794392523,0.14018691588785046,0.14018691588785046,0.0,0.028037383177570093,4
429.0,1421,1681,1,3,260,60,60,12,0,0,0.002331002331002331,0.006993006993006993,0.13986013986013987,0.13986013986013987,0.0,0.027972027972027972,4
430.0,1422,1681,2,3,259,60,60,12,0,0,0.004651162790697674,0.0069767441860465115,0.13953488372093023,0.13953488372093023,0.0,0.027906976744186046,4
431.0,1441,1793,2,3,352,60,60,12,0,0,0.004640371229698376,0.0069605568445475635,0.13921113689095127,0.13921113689095127,0.0,0.027842227378190254,4
432.0,1444,1793,2,3,349,60,61,12,0,0,0.004629629629629629,0.006944444444444444,0.1388888888888889,0.1412037037037037,0.0,0.027777777777777776,4
433.0,1447,1796,2,3,349,60,61,12,0,0,0.004618937644341801,0.006928406466512702,0.13856812933025403,0.14087759815242495,0.0,0.02771362586605081,4
434.0,1450,1796,2,3,346,60,61,12,0,0,0.004608294930875576,0.0069124423963133645,0.1382488479262673,0.14055299539170507,0.0,0.027649769585253458,4
435.0,1453,1796,2,3,343,60,62,12,0,0,0.004597701149425287,0.006896551724137931,0.13793103448275862,0.1425287356321839,0.0,0.027586206896551724,4
436.0,1456,1799,2,3,343,61,62,12,0,0,0.0045871559633027525,0.006880733944954129,0.13990825688073394,0.14220183486238533,0.0,0.027522935779816515,4
437.0,1459,1807,2,3,348,61,62,12,0,0,0.004576659038901602,0.006864988558352402,0.13958810068649885,0.14187643020594964,0.0,0.02745995423340961,4
438.0,1462,1807,2,3,345,61,63,12,0,0,0.0045662100456621,0.00684931506849315,0.13926940639269406,0.14383561643835616,0.0,0.0273972602739726,4
439.0,1465,1810,2,3,345,61,63,12,0,0,0.004555808656036446,0.00683371298405467,0.13895216400911162,0.14350797266514806,0.0,0.02733485193621868,4
440.0,1468,1810,2,3,342,61,63,12,0,0,0.004545454545454545,0.006818181818181818,0.13863636363636364,0.1431818181818182,0.0,0.02727272727272727,4
441.0,1471,1810,2,3,339,61,63,12,0,0,0.0045351473922902496,0.006802721088435374,0.1383219954648526,0.14285714285714285,0.0,0.027210884353741496,4
442.0,1474,1810,2,3,336,61,63,12,0,0,0.004524886877828055,0.006787330316742082,0.13800904977375567,0.1425339366515837,0.0,0.027149321266968326,4
443.0,1477,1810,2,3,333,61,63,12,0,0,0.004514672686230248,0.006772009029345372,0.13769751693002258,0.14221218961625282,0.0,0.02708803611738149,4
444.0,1480,1810,2,3,330,61,63,12,0,0,0.0045045045045045045,0.006756756756756757,0.1373873873873874,0.14189189189189189,0.0,0.02702702702702703,4
445.0,1483,1810,2,3,327,61,64,12,0,0,0.0044943820224719105,0.006741573033707865,0.13707865168539327,0.14382022471910114,0.0,0.02696629213483146,4
446.0,1486,1813,2,3,327,61,64,12,0,0,0.004484304932735426,0.006726457399103139,0.1367713004484305,0.14349775784753363,0.0,0.026905829596412557,4
447.0,1489,1813,2,3,324,61,64,12,0,0,0.0044742729306487695,0.006711409395973154,0.13646532438478748,0.14317673378076062,0.0,0.026845637583892617,4
448.0,1492,1813,2,3,321,62,64,12,0,0,0.004464285714285714,0.006696428571428571,0.13839285714285715,0.14285714285714285,0.0,0.026785714285714284,4
449.0,1495,1821,2,3,326,62,64,12,0,0,0.004454342984409799,0.0066815144766146995,0.13808463251670378,0.14253897550111358,0.0,0.026726057906458798,4
450.0,1498,1821,2,3,323,62,65,12,0,0,0.0044444444444444444,0.006666666666666667,0.13777777777777778,0.14444444444444443,0.0,0.02666666666666667,4
451.0,1501,1824,2,3,323,62,65,12,0,0,0.004434589800443459,0.0066518847006651885,0.13747228381374724,0.14412416851441243,0.0,0.026607538802660754,4
452.0,1504,1824,2,3,320,62,65,13,0,0,0.004424778761061947,0.00663716814159292,0.13716814159292035,0.14380530973451328,0.0,0.028761061946902654,4
453.0,1507,1826,2,3,319,62,65,13,0,0,0.004415011037527594,0.006622516556291391,0.1368653421633554,0.1434878587196468,0.0,0.02869757174392936,4
454.0,1510,1826,2,3,316,62,65,13,0,0,0.004405286343612335,0.006607929515418502,0.13656387665198239,0.14317180616740088,0.0,0.028634361233480177,4
455.0,1513,1826,2,3,313,62,65,13,0,0,0.004395604395604396,0.006593406593406593,0.13626373626373625,0.14285714285714285,0.0,0.02857142857142857,4
456.0,1516,1826,2,3,310,62,65,13,0,0,0.0043859649122807015,0.006578947368421052,0.13596491228070176,0.1425438596491228,0.0,0.02850877192982456,4
457.0,1519,1826,2,3,307,62,65,13,0,0,0.00437636761487965,0.006564551422319475,0.13566739606126915,0.1422319474835886,0.0,0.028446389496717725,4
458.0,1522,1826,2,3,304,62,66,13,0,0,0.004366812227074236,0.006550218340611353,0.13537117903930132,0.14410480349344978,0.0,0.028384279475982533,4
459.0,1525,1829,2,3,304,62,66,13,0,0,0.004357298474945534,0.006535947712418301,0.13507625272331156,0.1437908496732026,0.0,0.02832244008714597,4
460.0,1528,1829,2,3,301,63,66,13,0,0,0.004347826086956522,0.006521739130434782,0.13695652173913042,0.14347826086956522,0.0,0.02826086956521739,4
461.0,1531,1837,2,3,306,63,66,13,0,0,0.004338394793926247,0.006507592190889371,0.13665943600867678,0.14316702819956617,0.0,0.028199566160520606,4
462.0,1534,1837,2,3,303,63,66,13,0,0,0.004329004329004329,0.006493506493506494,0.13636363636363635,0.14285714285714285,0.0,0.02813852813852814,4
463.0,1537,1837,2,3,300,63,66,13,0,0,0.004319654427645789,0.0064794816414686825,0.13606911447084233,0.14254859611231102,0.0,0.028077753779697623,4
464.0,1540,1837,2,3,297,63,66,13,0,0,0.004310344827586207,0.00646551724137931,0.13577586206896552,0.14224137931034483,0.0,0.028017241379310345,4
465.0,1543,1837,2,3,294,63,66,13,0,0,0.004301075268817204,0.0064516129032258064,0.13548387096774195,0.14193548387096774,0.0,0.02795698924731183,4
466.0,1546,1837,2,3,291,63,66,13,0,0,0.004291845493562232,0.006437768240343348,0.1351931330472103,0.14163090128755365,0.0,0.027896995708154508,4
467.0,1549,1837,2,3,288,63,66,13,0,0,0.004282655246252677,0.006423982869379015,0.1349036402569593,0.14132762312633834,0.0,0.027837259100642397,4
468.0,1552,1837,2,3,285,64,66,13,0,0,0.004273504273504274,0.00641025641025641,0.13675213675213677,0.14102564102564102,0.0,0.027777777777777776,4
469.0,1555,1845,2,3,290,64,66,13,0,0,0.0042643923240938165,0.006396588486140725,0.13646055437100213,0.14072494669509594,0.0,0.02771855010660981,4
470.0,1558,1845,2,3,287,64,66,14,0,0,0.00425531914893617,0.006382978723404255,0.13617021276595745,0.14042553191489363,0.0,0.029787234042553193,4
471.0,1561,1847,2,3,286,64,66,14,0,0,0.004246284501061571,0.006369426751592357,0.13588110403397027,0.14012738853503184,0.0,0.029723991507430998,4
472.0,1564,1847,2,3,283,64,66,14,0,0,0.00423728813559322,0.006355932203389831,0.13559322033898305,0.13983050847457626,0.0,0.029661016949152543,4
473.0,1567,1847,2,3,280,64,66,14,0,0,0.004228329809725159,0.006342494714587738,0.13530655391120508,0.13953488372093023,0.0,0.02959830866807611,4
474.0,1570,1847,2,3,277,65,66,14,0,0,0.004219409282700422,0.006329113924050633,0.1371308016877637,0.13924050632911392,0.0,0.029535864978902954,4
475.0,1573,1855,2,3,282,65,66,14,0,0,0.004210526315789474,0.00631578947368421,0.1368421052631579,0.13894736842105262,0.0,0.029473684210526315,4
476.0,1576,1855,2,3,279,66,66,14,0,0,0.004201680672268907,0.0063025210084033615,0.13865546218487396,0.13865546218487396,0.0,0.029411764705882353,4
477.0,1579,1863,2,3,284,66,66,14,0,0,0.0041928721174004195,0.006289308176100629,0.13836477987421383,0.13836477987421383,0.0,0.029350104821802937,4
478.0,1582,1863,2,3,281,66,67,14,0,0,0.0041841004184100415,0.006276150627615063,0.13807531380753138,0.1401673640167364,0.0,0.029288702928870293,4
479.0,1585,1866,2,3,281,66,67,14,0,0,0.0041753653444676405,0.006263048016701462,0.13778705636743216,0.13987473903966596,0.0,0.029227557411273485,4
480.0,1588,1866,2,3,278,66,67,14,0,0,0.004166666666666667,0.00625,0.1375,0.13958333333333334,0.0,0.029166666666666667,4
481.0,1591,1866,2,3,275,66,67,14,0,0,0.004158004158004158,0.006237006237006237,0.13721413721413722,0.1392931392931393,0.0,0.029106029106029108,4
482.0,1594,1866,2,3,272,66,67,14,0,0,0.004149377593360996,0.006224066390041493,0.13692946058091288,0.13900414937759337,0.0,0.029045643153526972,4
483.0,1597,1866,2,3,269,66,67,14,0,0,0.004140786749482402,0.006211180124223602,0.13664596273291926,0.13871635610766045,0.0,0.028985507246376812,4
484.0,1600,1866,2,3,266,66,67,14,0,0,0.004132231404958678,0.006198347107438017,0.13636363636363635,0.1384297520661157,0.0,0.028925619834710745,4
485.0,1603,1866,2,3,263,66,67,14,0,0,0.004123711340206186,0.006185567010309278,0.1360824742268041,0.13814432989690723,0.0,0.0288659793814433,4
486.0,1606,1866,2,3,260,66,68,14,0,0,0.00411522633744856,0.006172839506172839,0.13580246913580246,0.13991769547325103,0.0,0.02880658436213992,4
487.0,1609,1869,2,3,260,66,68,14,0,0,0.004106776180698152,0.006160164271047228,0.13552361396303902,0.13963039014373715,0.0,0.028747433264887063,4
488.0,1612,1869,2,3,257,66,68,14,0,0,0.004098360655737705,0.006147540983606557,0.13524590163934427,0.13934426229508196,0.0,0.028688524590163935,4
489.0,1615,1869,2,3,254,66,68,14,0,0,0.00408997955010225,0.006134969325153374,0.13496932515337423,0.1390593047034765,0.0,0.028629856850715747,4
490.0,1618,1869,2,3,251,66,69,14,0,0,0.004081632653061225,0.006122448979591836,0.1346938775510204,0.14081632653061224,0.0,0.02857142857142857,4
491.0,1621,1872,2,3,251,66,69,14,0,0,0.004073319755600814,0.006109979633401222,0.13441955193482688,0.14052953156822812,0.0,0.028513238289205704,4
492.0,1624,1872,2,3,248,66,69,14,0,0,0.0040650406504065045,0.006097560975609756,0.13414634146341464,0.1402439024390244,0.0,0.028455284552845527,4
493.0,1627,1872,2,3,245,66,69,14,0,0,0.004056795131845842,0.006085192697768763,0.13387423935091278,0.13995943204868155,0.0,0.028397565922920892,4
494.0,1630,1872,2,3,242,67,69,14,0,0,0.004048582995951417,0.006072874493927126,0.13562753036437247,0.1396761133603239,0.0,0.02834008097165992,4
495.0,1633,1880,2,3,247,67,70,14,0,0,0.00404040404040404,0.006060606060606061,0.13535353535353536,0.1414141414141414,0.0,0.028282828282828285,4
496.0,1636,1883,2,3,247,68,70,14,0,0,0.004032258064516129,0.006048387096774193,0.13709677419354838,0.14112903225806453,0.0,0.028225806451612902,4
497.0,1639,1891,2,3,252,68,70,14,0,0,0.004024144869215292,0.006036217303822937,0.13682092555331993,0.14084507042253522,0.0,0.028169014084507043,4
498.0,1642,1891,2,3,249,68,70,14,0,0,0.004016064257028112,0.006024096385542169,0.13654618473895583,0.14056224899598393,0.0,0.028112449799196786,4
499.0,1645,1891,2,3,246,68,70,14,0,0,0.004008016032064128,0.006012024048096192,0.13627254509018036,0.1402805611222445,0.0,0.028056112224448898,4
500.0,1648,1891,2,3,243,69,70,14,0,0,0.004,0.006,0.138,0.14,0.0,0.028,4
501.0,1651,1899,2,3,248,69,70,14,0,0,0.003992015968063872,0.005988023952095809,0.1377245508982036,0.13972055888223553,0.0,0.027944111776447105,4
502.0,1654,1899,2,3,245,69,70,14,0,0,0.00398406374501992,0.00597609561752988,0.13745019920318724,0.1394422310756972,0.0,0.027888446215139442,4
503.0,1657,1899,2,3,242,69,71,14,0,0,0.003976143141153081,0.005964214711729622,0.13717693836978131,0.1411530815109344,0.0,0.027833001988071572,4
504.0,1660,1902,2,3,242,70,71,14,0,0,0.003968253968253968,0.005952380952380952,0.1388888888888889,0.14087301587301587,0.0,0.027777777777777776,4
505.0,1663,1910,2,3,247,70,71,14,0,0,0.0039603960396039604,0.005940594059405941,0.13861386138613863,0.1405940594059406,0.0,0.027722772277227723,4
506.0,1666,1910,2,3,244,70,71,14,0,0,0.003952569169960474,0.005928853754940711,0.1383399209486166,0.14031620553359683,0.0,0.02766798418972332,4
507.0,1669,1910,2,3,241,70,71,14,0,0,0.0039447731755424065,0.005917159763313609,0.13806706114398423,0.14003944773175542,0.0,0.027613412228796843,4
508.0,1672,1910,2,3,238,70,71,14,0,0,0.003937007874015748,0.005905511811023622,0.1377952755905512,0.13976377952755906,0.0,0.027559055118110236,4
509.0,1675,1910,2,3,235,70,71,14,0,0,0.003929273084479371,0.005893909626719057,0.137524557956778,0.13948919449901767,0.0,0.0275049115913556,4
510.0,1678,1910,2,3,232,70,71,14,0,0,0.00392156862745098,0.0058823529411764705,0.13725490196078433,0.1392156862745098,0.0,0.027450980392156862,4
511.0,1681,1910,2,3,229,70,72,14,0,0,0.003913894324853229,0.005870841487279843,0.136986301369863,0.14090019569471623,0.0,0.0273972602739726,4
512.0,1684,1913,2,3,229,70,72,14,0,0,0.00390625,0.005859375,0.13671875,0.140625,0.0,0.02734375,4
513.0,1687,1913,2,3,226,70,72,14,0,0,0.003898635477582846,0.005847953216374269,0.1364522417153996,0.14035087719298245,0.0,0.02729044834307992,4
514.0,1690,1913,2,3,223,70,72,14,0,0,0.0038910505836575876,0.005836575875486381,0.13618677042801555,0.14007782101167315,0.0,0.027237354085603113,4
515.0,1693,1913,2,3,220,70,72,14,0,0,0.003883495145631068,0.005825242718446602,0.13592233009708737,0.13980582524271845,0.0,0.027184466019417475,4
516.0,1696,1913,2,3,217,70,72,14,0,0,0.003875968992248062,0.005813953488372093,0.13565891472868216,0.13953488372093023,0.0,0.027131782945736434,4
517.0,1699,1913,2,3,214,70,73,14,0,0,0.0038684719535783366,0.005802707930367505,0.13539651837524178,0.14119922630560927,0.0,0.027079303675048357,4
518.0,1702,1916,2,3,214,70,73,14,0,0,0.003861003861003861,0.005791505791505791,0.13513513513513514,0.14092664092664092,0.0,0.02702702702702703,4
519.0,1705,1916,2,3,211,70,73,14,0,0,0.0038535645472061657,0.005780346820809248,0.1348747591522158,0.14065510597302505,0.0,0.02697495183044316,4
520.0,1708,1916,2,3,208,70,73,14,0,0,0.0038461538461538464,0.0057692307692307696,0.1346153846153846,0.14038461538461539,0.0,0.026923076923076925,4
521.0,1711,1916,2,3,205,70,73,14,0,0,0.003838771593090211,0.005758157389635317,0.1343570057581574,0.1401151631477927,0.0,0.026871401151631478,4
522.0,1714,1916,2,3,202,70,73,14,0,0,0.0038314176245210726,0.005747126436781609,0.13409961685823754,0.13984674329501914,0.0,0.02681992337164751,4
523.0,1717,1916,2,3,199,70,73,14,0,0,0.0038240917782026767,0.0057361376673040155,0.1338432122370937,0.13957934990439771,0.0,0.02676864244741874,4
524.0,1720,1916,2,3,196,70,73,14,0,0,0.003816793893129771,0.0057251908396946565,0.13358778625954199,0.13931297709923665,0.0,0.026717557251908396,4
525.0,1723,1916,2,3,193,70,73,14,0,0,0.0038095238095238095,0.005714285714285714,0.13333333333333333,0.13904761904761906,0.0,0.02666666666666667,4
526.0,1726,1916,2,3,190,70,74,14,0,0,0.0038022813688212928,0.005703422053231939,0.13307984790874525,0.14068441064638784,0.0,0.026615969581749048,4
527.0,1729,1919,2,3,190,70,74,14,0,0,0.003795066413662239,0.0056925996204933585,0.13282732447817835,0.14041745730550284,0.0,0.026565464895635674,4
528.0,1732,1919,2,3,187,70,75,14,0,0,0.003787878787878788,0.005681818181818182,0.13257575757575757,0.14204545454545456,0.0,0.026515151515151516,4
529.0,1735,1922,2,3,187,70,75,14,0,0,0.003780718336483932,0.005671077504725898,0.1323251417769376,0.14177693761814744,0.0,0.026465028355387523,4
530.0,1738,1922,2,3,184,70,76,14,0,0,0.0037735849056603774,0.005660377358490566,0.1320754716981132,0.14339622641509434,0.0,0.026415094339622643,4
531.0,1741,1925,2,3,184,71,76,14,0,0,0.003766478342749529,0.005649717514124294,0.1337099811676083,0.1431261770244821,0.0,0.026365348399246705,4
532.0,1744,1933,2,3,189,71,76,14,0,0,0.0037593984962406013,0.005639097744360902,0.13345864661654136,0.14285714285714285,0.0,0.02631578947368421,4
533.0,1747,1933,2,3,186,71,77,14,0,0,0.00375234521575985,0.005628517823639775,0.13320825515947468,0.14446529080675422,0.0,0.02626641651031895,4
534.0,1750,1936,2,3,186,71,77,14,0,0,0.003745318352059925,0.0056179775280898875,0.13295880149812733,0.1441947565543071,0.0,0.026217228464419477,4
535.0,1753,1936,2,3,183,71,77,14,0,0,0.003738317757009346,0.005607476635514018,0.13271028037383178,0.14392523364485982,0.0,0.026168224299065422,4
536.0,1756,1936,2,3,180,71,77,14,0,0,0.0037313432835820895,0.005597014925373134,0.13246268656716417,0.14365671641791045,0.0,0.026119402985074626,4
537.0,1759,1936,2,3,177,71,77,14,0,0,0.0037243947858473,0.00558659217877095,0.13221601489757914,0.14338919925512103,0.0,0.0260707635009311,4
538.0,1762,1936,2,3,174,71,77,14,0,0,0.0037174721189591076,0.0055762081784386614,0.13197026022304834,0.14312267657992564,0.0,0.026022304832713755,4
539.0,1765,1936,2,3,171,71,77,14,0,0,0.0037105751391465678,0.0055658627087198514,0.13172541743970315,0.14285714285714285,0.0,0.025974025974025976,4
540.0,1768,1936,2,3,168,71,77,14,0,0,0.003703703703703704,0.005555555555555556,0.13148148148148148,0.1425925925925926,0.0,0.025925925925925925,4
541.0,1771,1936,2,3,165,71,77,14,0,0,0.0036968576709796672,0.005545286506469501,0.13123844731977818,0.1423290203327172,0.0,0.025878003696857672,4
542.0,1774,1936,2,3,162,71,77,14,0,0,0.0036900369003690036,0.005535055350553505,0.13099630996309963,0.14206642066420663,0.0,0.025830258302583026,4
543.0,1777,1936,2,3,159,71,77,14,0,0,0.003683241252302026,0.0055248618784530384,0.13075506445672191,0.141804788213628,0.0,0.02578268876611418,4
544.0,1780,1936,2,3,156,71,77,14,0,0,0.003676470588235294,0.0055147058823529415,0.13051470588235295,0.14154411764705882,0.0,0.025735294117647058,4
545.0,1783,1936,2,3,153,71,77,14,0,0,0.003669724770642202,0.005504587155963303,0.13027522935779817,0.14128440366972478,0.0,0.025688073394495414,4
546.0,1786,1936,2,3,150,71,77,14,0,0,0.003663003663003663,0.005494505494505495,0.13003663003663005,0.14102564102564102,0.0,0.02564102564102564,4
547.0,1789,1936,2,3,147,71,78,14,0,0,0.003656307129798903,0.005484460694698354,0.12979890310786105,0.1425959780621572,0.0,0.025594149908592323,4
548.0,1792,1939,2,3,147,71,78,14,0,0,0.0036496350364963502,0.005474452554744526,0.12956204379562045,0.14233576642335766,0.0,0.025547445255474453,4
549.0,1795,1939,2,3,144,71,79,14,0,0,0.0036429872495446266,0.00546448087431694,0.12932604735883424,0.14389799635701275,0.0,0.025500910746812388,4
550.0,1798,1942,2,3,144,71,79,14,0,0,0.0036363636363636364,0.005454545454545455,0.1290909090909091,0.14363636363636365,0.0,0.025454545454545455,4
551.0,1801,1942,2,3,141,71,79,14,0,0,0.003629764065335753,0.0054446460980036296,0.12885662431941924,0.14337568058076225,0.0,0.025408348457350273,4
552.0,1804,1942,2,3,138,71,79,14,0,0,0.0036231884057971015,0.005434782608695652,0.1286231884057971,0.1431159420289855,0.0,0.025362318840579712,4
553.0,1807,1942,2,3,135,72,79,14,0,0,0.003616636528028933,0.0054249547920434,0.1301989150090416,0.14285714285714285,0.0,0.02531645569620253,4
554.0,1810,1950,2,3,140,72,79,14,0,0,0.0036101083032490976,0.005415162454873646,0.1299638989169675,0.14259927797833935,0.0,0.02527075812274368,4
555.0,1813,1950,2,3,137,72,79,14,0,0,0.0036036036036036037,0.005405405405405406,0.12972972972972974,0.14234234234234233,0.0,0.025225225225225224,4
556.0,1816,1950,2,3,134,72,79,14,0,0,0.0035971223021582736,0.00539568345323741,0.12949640287769784,0.1420863309352518,0.0,0.025179856115107913,4
557.0,1819,1950,2,3,131,72,79,14,0,0,0.003590664272890485,0.005385996409335727,0.12926391382405744,0.14183123877917414,0.0,0.025134649910233394,4
558.0,1822,1950,2,3,128,72,80,14,0,0,0.0035842293906810036,0.005376344086021506,0.12903225806451613,0.14336917562724014,0.0,0.025089605734767026,4
559.0,1825,1953,2,3,128,72,80,14,0,0,0.0035778175313059034,0.005366726296958855,0.12880143112701253,0.14311270125223613,0.0,0.025044722719141325,4
560.0,1828,1953,2,3,125,73,80,14,0,0,0.0035714285714285713,0.005357142857142857,0.13035714285714287,0.14285714285714285,0.0,0.025,4
561.0,1831,1961,2,3,130,73,80,14,0,0,0.0035650623885918,0.0053475935828877,0.13012477718360071,0.14260249554367202,0.0,0.024955436720142603,4
562.0,1834,1961,2,3,127,73,81,14,0,0,0.0035587188612099642,0.005338078291814947,0.1298932384341637,0.14412811387900357,0.0,0.02491103202846975,4
563.0,1837,1964,2,3,127,73,81,14,0,0,0.003552397868561279,0.0053285968028419185,0.12966252220248667,0.1438721136767318,0.0,0.02486678507992895,4
564.0,1840,1964,2,3,124,73,81,14,0,0,0.0035460992907801418,0.005319148936170213,0.12943262411347517,0.14361702127659576,0.0,0.024822695035460994,4
565.0,1843,1964,2,3,121,73,81,14,0,0,0.0035398230088495575,0.005309734513274336,0.12920353982300886,0.1433628318584071,0.0,0.024778761061946902,4
566.0,1846,1964,2,3,118,73,82,14,0,0,0.0035335689045936395,0.00530035335689046,0.12897526501766785,0.14487632508833923,0.0,0.024734982332155476,4
567.0,1849,1967,2,3,118,73,82,14,0,0,0.003527336860670194,0.005291005291005291,0.12874779541446207,0.14462081128747795,0.0,0.024691358024691357,4
568.0,1852,1967,2,3,115,74,82,14,0,0,0.0035211267605633804,0.00528169014084507,0.13028169014084506,0.1443661971830986,0.0,0.02464788732394366,4
569.0,1855,1975,2,3,120,75,82,14,0,0,0.0035149384885764497,0.005272407732864675,0.13181019332161686,0.14411247803163443,0.0,0.02460456942003515,4
570.0,1858,1983,2,3,125,75,82,14,0,0,0.0035087719298245615,0.005263157894736842,0.13157894736842105,0.14385964912280702,0.0,0.02456140350877193,4
571.0,1861,1983,2,3,122,75,82,14,0,0,0.0035026269702276708,0.005253940455341506,0.13134851138353765,0.1436077057793345,0.0,0.024518388791593695,4
572.0,1864,1983,2,3,119,75,82,14,0,0,0.0034965034965034965,0.005244755244755245,0.13111888111888112,0.14335664335664336,0.0,0.024475524475524476,4
573.0,1867,1983,2,3,116,75,82,14,0,0,0.0034904013961605585,0.005235602094240838,0.13089005235602094,0.1431064572425829,0.0,0.02443280977312391,4
574.0,1870,1983,2,3,113,75,82,14,0,0,0.003484320557491289,0.005226480836236934,0.13066202090592335,0.14285714285714285,0.0,0.024390243902439025,4
575.0,1873,1983,2,3,110,75,83,14,0,0,0.0034782608695652175,0.0052173913043478265,0.13043478260869565,0.1443478260869565,0.0,0.02434782608695652,4
576.0,1876,1986,2,3,110,75,83,14,0,0,0.003472222222222222,0.005208333333333333,0.13020833333333334,0.1440972222222222,0.0,0.024305555555555556,4
577.0,1879,1986,2,3,107,75,84,14,0,0,0.0034662045060658577,0.005199306759098787,0.12998266897746968,0.14558058925476602,0.0,0.024263431542461005,4
578.0,1882,1989,2,3,107,75,84,14,0,0,0.0034602076124567475,0.005190311418685121,0.12975778546712802,0.1453287197231834,0.0,0.02422145328719723,4
579.0,1885,1989,2,3,104,76,84,14,0,0,0.0034542314335060447,0.0051813471502590676,0.13126079447322972,0.14507772020725387,0.0,0.024179620034542316,4
580.0,1888,1997,2,3,109,76,84,14,0,0,0.0034482758620689655,0.005172413793103448,0.1310344827586207,0.14482758620689656,0.0,0.02413793103448276,4
581.0,1891,1997,2,3,106,76,84,14,0,0,0.0034423407917383822,0.0051635111876075735,0.13080895008605853,0.14457831325301204,0.0,0.024096385542168676,4
582.0,1894,1997,2,3,103,76,84,14,0,0,0.003436426116838488,0.005154639175257732,0.13058419243986255,0.14432989690721648,0.0,0.024054982817869417,4
583.0,1897,1997,2,3,100,76,84,14,0,0,0.003430531732418525,0.005145797598627788,0.13036020583190394,0.14408233276157806,0.0,0.024013722126929673,4
584.0,1900,1997,2,3,97,76,84,14,0,0,0.003424657534246575,0.005136986301369863,0.13013698630136986,0.14383561643835616,0.0,0.023972602739726026,4
585.0,1903,1997,2,3,94,76,84,14,0,0,0.003418803418803419,0.005128205128205128,0.12991452991452992,0.14358974358974358,0.0,0.023931623931623933,4
586.0,1906,1997,2,3,91,76,84,14,0,0,0.0034129692832764505,0.005119453924914676,0.1296928327645051,0.14334470989761092,0.0,0.023890784982935155,4
587.0,1907,1997,2,4,90,76,84,14,0,0,0.0034071550255536627,0.0068143100511073255,0.12947189097103917,0.14310051107325383,0.0,0.02385008517887564,4
588.0,1952,2291,2,4,339,76,84,14,0,0,0.003401360544217687,0.006802721088435374,0.1292517006802721,0.14285714285714285,0.0,0.023809523809523808,4
589.0,1955,2291,2,4,336,77,84,14,0,0,0.003395585738539898,0.006791171477079796,0.1307300509337861,0.14261460101867574,0.0,0.023769100169779286,4
590.0,1958,2299,2,4,341,78,84,14,0,0,0.003389830508474576,0.006779661016949152,0.13220338983050847,0.1423728813559322,0.0,0.023728813559322035,4
591.0,1961,2307,2,4,346,78,84,14,0,0,0.00338409475465313,0.00676818950930626,0.1319796954314721,0.14213197969543148,0.0,0.023688663282571912,4
592.0,1964,2307,2,4,343,78,84,14,0,0,0.0033783783783783786,0.006756756756756757,0.13175675675675674,0.14189189189189189,0.0,0.02364864864864865,4
593.0,1967,2307,2,4,340,78,84,14,0,0,0.003372681281618887,0.006745362563237774,0.1315345699831366,0.14165261382799327,0.0,0.023608768971332208,4
594.0,1970,2307,2,4,337,78,85,14,0,0,0.003367003367003367,0.006734006734006734,0.13131313131313133,0.14309764309764308,0.0,0.02356902356902357,4
595.0,1973,2310,2,4,337,78,86,14,0,0,0.0033613445378151263,0.0067226890756302525,0.13109243697478992,0.14453781512605043,0.0,0.023529411764705882,4
596.0,1976,2313,2,4,337,78,86,14,0,0,0.003355704697986577,0.006711409395973154,0.13087248322147652,0.14429530201342283,0.0,0.02348993288590604,4
597.0,1979,2313,2,4,334,78,87,14,0,0,0.0033500837520938024,0.006700167504187605,0.1306532663316583,0.1457286432160804,0.0,0.023450586264656615,4
598.0,1982,2316,2,4,334,78,87,14,0,0,0.0033444816053511705,0.006688963210702341,0.13043478260869565,0.1454849498327759,0.0,0.023411371237458192,4
599.0,1985,2316,2,4,331,79,87,14,0,0,0.00333889816360601,0.00667779632721202,0.1318864774624374,0.14524207011686144,0.0,0.02337228714524207,4
600.0,1988,2324,2,4,336,79,87,14,0,0,0.0033333333333333335,0.006666666666666667,0.13166666666666665,0.145,0.0,0.023333333333333334,4
601.0,1991,2324,2,4,333,79,87,14,0,0,0.0033277870216306157,0.0066555740432612314,0.1314475873544093,0.1447587354409318,0.0,0.02329450915141431,4
602.0,1994,2324,2,4,330,79,87,14,0,0,0.0033222591362126247,0.006644518272425249,0.13122923588039867,0.14451827242524917,0.0,0.023255813953488372,4
603.0,1997,2324,2,4,327,79,87,14,0,0,0.003316749585406302,0.006633499170812604,0.1310116086235489,0.14427860696517414,0.0,0.02321724709784411,4
604.0,2000,2324,2,4,324,79,87,14,0,0,0.0033112582781456954,0.006622516556291391,0.13079470198675497,0.14403973509933773,0.0,0.023178807947019868,4
605.0,2003,2324,2,4,321,79,87,14,0,0,0.003305785123966942,0.006611570247933884,0.1305785123966942,0.14380165289256197,0.0,0.023140495867768594,4
606.0,2006,2324,2,4,318,80,87,14,0,0,0.0033003300330033004,0.006600660066006601,0.132013201320132,0.14356435643564355,0.0,0.0231023102310231,4
607.0,2009,2332,2,4,323,80,87,14,0,0,0.0032948929159802307,0.006589785831960461,0.13179571663920922,0.14332784184514002,0.0,0.023064250411861616,4
608.0,2012,2332,2,4,320,80,87,14,0,0,0.003289473684210526,0.006578947368421052,0.13157894736842105,0.14309210526315788,0.0,0.023026315789473683,4
609.0,2015,2332,2,4,317,80,87,14,0,0,0.003284072249589491,0.006568144499178982,0.13136288998357964,0.14285714285714285,0.0,0.022988505747126436,4
610.0,2018,2332,2,4,314,80,88,14,0,0,0.003278688524590164,0.006557377049180328,0.13114754098360656,0.14426229508196722,0.0,0.022950819672131147,4
611.0,2021,2335,2,4,314,80,89,14,0,0,0.0032733224222585926,0.006546644844517185,0.1309328968903437,0.14566284779050737,0.0,0.022913256955810146,4
612.0,2024,2338,2,4,314,80,89,14,0,0,0.0032679738562091504,0.006535947712418301,0.13071895424836602,0.1454248366013072,0.0,0.02287581699346405,4
613.0,2027,2338,2,4,311,80,89,14,0,0,0.0032626427406199023,0.0065252854812398045,0.13050570962479607,0.14518760195758565,0.0,0.022838499184339316,4
614.0,2030,2338,2,4,308,80,90,14,0,0,0.003257328990228013,0.006514657980456026,0.13029315960912052,0.1465798045602606,0.0,0.02280130293159609,4
615.0,2033,2341,2,4,308,80,90,14,0,0,0.0032520325203252032,0.0065040650406504065,0.13008130081300814,0.14634146341463414,0.0,0.022764227642276424,4
616.0,2036,2341,2,4,305,81,90,14,0,0,0.003246753246753247,0.006493506493506494,0.1314935064935065,0.1461038961038961,0.0,0.022727272727272728,4
617.0,2039,2349,2,4,310,81,90,14,0,0,0.0032414910858995136,0.006482982171799027,0.1312803889789303,0.1458670988654781,0.0,0.022690437601296597,4
618.0,2042,2349,2,4,307,81,90,14,0,0,0.003236245954692557,0.006472491909385114,0.13106796116504854,0.14563106796116504,0.0,0.022653721682847898,4
619.0,2045,2349,2,4,304,81,90,14,0,0,0.0032310177705977385,0.006462035541195477,0.1308562197092084,0.14539579967689822,0.0,0.022617124394184167,4
620.0,2048,2349,2,4,301,81,90,14,0,0,0.0032258064516129032,0.0064516129032258064,0.13064516129032258,0.14516129032258066,0.0,0.02258064516129032,4
621.0,2051,2349,2,4,298,81,91,14,0,0,0.00322061191626409,0.00644122383252818,0.13043478260869565,0.14653784219001612,0.0,0.02254428341384863,4
622.0,2054,2352,2,4,298,81,91,14,0,0,0.003215434083601286,0.006430868167202572,0.1302250803858521,0.14630225080385853,0.0,0.022508038585209004,4
623.0,2057,2352,2,4,295,81,91,14,0,0,0.0032102728731942215,0.006420545746388443,0.13001605136436598,0.14606741573033707,0.0,0.02247191011235955,4
624.0,2060,2352,2,4,292,82,91,14,0,0,0.003205128205128205,0.00641025641025641,0.13141025641025642,0.14583333333333334,0.0,0.022435897435897436,4
625.0,2063,2360,2,4,297,82,91,14,0,0,0.0032,0.0064,0.1312,0.1456,0.0,0.0224,4
626.0,2066,2360,2,4,294,83,91,14,0,0,0.003194888178913738,0.006389776357827476,0.13258785942492013,0.14536741214057508,0.0,0.022364217252396165,4
627.0,2069,2368,2,4,299,83,91,14,0,0,0.003189792663476874,0.006379585326953748,0.13237639553429026,0.14513556618819776,0.0,0.022328548644338118,4
628.0,2072,2368,2,4,296,83,91,14,0,0,0.0031847133757961785,0.006369426751592357,0.1321656050955414,0.1449044585987261,0.0,0.022292993630573247,4
629.0,2075,2368,2,4,293,83,91,14,0,0,0.003179650238473768,0.006359300476947536,0.13195548489666137,0.14467408585055644,0.0,0.022257551669316374,4
630.0,2078,2368,2,4,290,83,92,14,0,0,0.0031746031746031746,0.006349206349206349,0.13174603174603175,0.14603174603174604,0.0,0.022222222222222223,4
631.0,2081,2371,2,4,290,83,92,14,0,0,0.003169572107765452,0.006339144215530904,0.13153724247226625,0.14580031695721077,0.0,0.022187004754358162,4
632.0,2084,2371,2,4,287,83,93,14,0,0,0.0031645569620253164,0.006329113924050633,0.13132911392405064,0.14715189873417722,0.0,0.022151898734177215,4
633.0,2087,2374,2,4,287,83,93,14,0,0,0.00315955766192733,0.00631911532385466,0.13112164296998421,0.14691943127962084,0.0,0.022116903633491312,4
634.0,2090,2374,2,4,284,83,93,14,0,0,0.0031545741324921135,0.006309148264984227,0.1309148264984227,0.14668769716088328,0.0,0.022082018927444796,4
635.0,2093,2374,2,4,281,83,93,14,0,0,0.0031496062992125984,0.006299212598425197,0.13070866141732285,0.14645669291338584,0.0,0.02204724409448819,4
636.0,2096,2374,2,4,278,83,93,14,0,0,0.0031446540880503146,0.006289308176100629,0.13050314465408805,0.14622641509433962,0.0,0.0220125786163522,4
637.0,2099,2374,2,4,275,84,93,14,0,0,0.0031397174254317113,0.006279434850863423,0.13186813186813187,0.14599686028257458,0.0,0.02197802197802198,4
638.0,2102,2382,2,4,280,84,93,14,0,0,0.003134796238244514,0.006269592476489028,0.13166144200626959,0.14576802507836992,0.0,0.0219435736677116,4
639.0,2105,2382,2,4,277,84,93,14,0,0,0.003129890453834116,0.006259780907668232,0.13145539906103287,0.14553990610328638,0.0,0.02190923317683881,4
640.0,2108,2382,2,4,274,85,93,14,0,0,0.003125,0.00625,0.1328125,0.1453125,0.0,0.021875,4
641.0,2109,2390,2,4,281,85,93,14,0,1,0.0031201248049922,0.0062402496099844,0.13260530421216848,0.14508580343213728,0.0,0.0234009360374415,4
642.0,2110,2391,2,4,281,86,93,14,0,1,0.003115264797507788,0.006230529595015576,0.13395638629283488,0.14485981308411214,0.0,0.02336448598130841,4
643.0,2111,2399,2,4,288,86,93,14,0,1,0.003110419906687403,0.006220839813374806,0.13374805598755832,0.14463452566096424,0.0,0.02332814930015552,4
644.0,2112,2399,2,5,287,86,93,14,0,1,0.003105590062111801,0.007763975155279503,0.13354037267080746,0.14440993788819875,0.0,0.023291925465838508,4
645.0,2157,2701,2,5,544,87,93,14,0,1,0.0031007751937984496,0.007751937984496124,0.13488372093023257,0.14418604651162792,0.0,0.023255813953488372,4
646.0,2160,2709,2,5,549,87,93,14,0,1,0.0030959752321981426,0.007739938080495356,0.1346749226006192,0.14396284829721362,0.0,0.02321981424148607,4
647.0,2163,2709,2,5,546,87,93,14,0,1,0.0030911901081916537,0.0077279752704791345,0.13446676970633695,0.1437403400309119,0.0,0.023183925811437404,4
648.0,2166,2709,2,5,543,87,93,14,0,1,0.0030864197530864196,0.007716049382716049,0.13425925925925927,0.14351851851851852,0.0,0.023148148148148147,4
649.0,2169,2709,2,5,540,87,93,14,0,1,0.0030816640986132513,0.007704160246533128,0.13405238828967642,0.14329738058551617,0.0,0.023112480739599383,4
650.0,2172,2709,2,5,537,87,93,14,0,1,0.003076923076923077,0.007692307692307693,0.13384615384615384,0.14307692307692307,0.0,0.023076923076923078,4
651.0,2175,2709,2,5,534,87,93,14,0,1,0.0030721966205837174,0.007680491551459293,0.1336405529953917,0.14285714285714285,0.0,0.02304147465437788,4
652.0,2178,2709,2,5,531,87,93,14,0,1,0.003067484662576687,0.007668711656441718,0.1334355828220859,0.14263803680981596,0.0,0.023006134969325152,4
653.0,2181,2709,2,5,528,87,93,14,0,1,0.0030627871362940277,0.007656967840735069,0.1332312404287902,0.14241960183767227,0.0,0.022970903522205207,4
654.0,2184,2709,2,5,525,87,93,15,0,1,0.0030581039755351682,0.00764525993883792,0.13302752293577982,0.14220183486238533,0.0,0.024464831804281346,4
655.0,2187,2711,2,5,524,88,93,15,0,1,0.0030534351145038168,0.007633587786259542,0.13435114503816795,0.14198473282442747,0.0,0.024427480916030534,4
656.0,2190,2719,2,5,529,88,93,15,0,1,0.003048780487804878,0.007621951219512195,0.13414634146341464,0.14176829268292682,0.0,0.024390243902439025,4
657.0,2193,2719,2,5,526,88,93,15,0,1,0.0030441400304414,0.0076103500761035,0.1339421613394216,0.1415525114155251,0.0,0.0243531202435312,4
658.0,2196,2719,2,5,523,88,93,15,0,1,0.00303951367781155,0.007598784194528876,0.1337386018237082,0.1413373860182371,0.0,0.0243161094224924,4
659.0,2199,2719,2,5,520,88,93,15,0,1,0.0030349013657056147,0.007587253414264037,0.13353566009104703,0.1411229135053111,0.0,0.024279210925644917,4
660.0,2202,2719,2,5,517,88,93,15,0,1,0.0030303030303030303,0.007575757575757576,0.13333333333333333,0.1409090909090909,0.0,0.024242424242424242,4
661.0,2205,2719,2,5,514,88,93,15,0,1,0.0030257186081694403,0.007564296520423601,0.13313161875945537,0.14069591527987896,0.0,0.024205748865355523,4
662.0,2208,2719,2,5,511,88,94,15,0,1,0.0030211480362537764,0.0075528700906344415,0.13293051359516617,0.1419939577039275,0.0,0.02416918429003021,4
663.0,2211,2722,2,5,511,89,94,15,0,1,0.0030165912518853697,0.007541478129713424,0.13423831070889894,0.14177978883861236,0.0,0.024132730015082957,4
664.0,2214,2730,2,5,516,89,95,15,0,1,0.0030120481927710845,0.007530120481927711,0.13403614457831325,0.1430722891566265,0.0,0.024096385542168676,4
665.0,2217,2733,2,5,516,89,95,15,0,1,0.0030075187969924814,0.007518796992481203,0.13383458646616542,0.14285714285714285,0.0,0.02406015037593985,4
666.0,2220,2733,2,5,513,89,95,15,0,1,0.003003003003003003,0.0075075075075075074,0.13363363363363365,0.14264264264264265,0.0,0.024024024024024024,4
667.0,2223,2733,2,5,510,89,95,15,0,1,0.0029985007496251873,0.0074962518740629685,0.13343328335832083,0.1424287856071964,0.0,0.0239880059970015,4
668.0,2226,2733,2,5,507,89,95,15,0,1,0.0029940119760479044,0.0074850299401197605,0.13323353293413173,0.14221556886227546,0.0,0.023952095808383235,4
669.0,2229,2733,2,5,504,89,95,15,0,1,0.0029895366218236174,0.007473841554559043,0.13303437967115098,0.14200298953662183,0.0,0.02391629297458894,4
670.0,2232,2733,2,5,501,89,95,15,0,1,0.0029850746268656717,0.007462686567164179,0.1328358208955224,0.1417910447761194,0.0,0.023880597014925373,4
671.0,2235,2733,2,5,498,89,96,15,0,1,0.0029806259314456036,0.007451564828614009,0.13263785394932937,0.14307004470938897,0.0,0.02384500745156483,4
672.0,2238,2736,2,5,498,89,97,15,0,1,0.002976190476190476,0.00744047619047619,0.1324404761904762,0.14434523809523808,0.0,0.023809523809523808,4
673.0,2241,2739,2,5,498,89,98,15,0,1,0.0029717682020802376,0.007429420505200594,0.13224368499257058,0.14561664190193166,0.0,0.0237741456166419,4
674.0,2244,2742,2,5,498,89,99,15,0,1,0.002967359050445104,0.00741839762611276,0.13204747774480713,0.14688427299703263,0.0,0.02373887240356083,4
675.0,2247,2745,2,5,498,89,99,15,0,1,0.002962962962962963,0.007407407407407408,0.13185185185185186,0.14666666666666667,0.0,0.023703703703703703,4
676.0,2250,2745,2,5,495,89,99,16,0,1,0.0029585798816568047,0.0073964497041420114,0.13165680473372782,0.14644970414201183,0.0,0.02514792899408284,4
677.0,2253,2747,2,5,494,89,99,16,0,1,0.0029542097488921715,0.007385524372230428,0.13146233382570163,0.14623338257016247,0.0,0.025110782865583457,4
678.0,2256,2747,2,5,491,89,99,16,0,1,0.0029498525073746312,0.007374631268436578,0.13126843657817108,0.14601769911504425,0.0,0.025073746312684365,4
679.0,2259,2747,2,5,488,89,100,16,0,1,0.0029455081001472753,0.007363770250368188,0.13107511045655376,0.14727540500736377,0.0,0.025036818851251842,4
680.0,2262,2750,2,5,488,89,100,16,0,1,0.0029411764705882353,0.007352941176470588,0.13088235294117648,0.14705882352941177,0.0,0.025,4
681.0,2265,2750,2,5,485,89,100,16,0,1,0.002936857562408223,0.007342143906020558,0.13069016152716592,0.14684287812041116,0.0,0.024963289280469897,4
682.0,2268,2750,2,5,482,89,101,16,0,1,0.002932551319648094,0.007331378299120235,0.13049853372434017,0.14809384164222875,0.0,0.024926686217008796,4
683.0,2271,2753,2,5,482,89,101,16,0,1,0.0029282576866764276,0.007320644216691069,0.13030746705710103,0.1478770131771596,0.0,0.024890190336749635,4
684.0,2274,2753,2,5,479,89,102,16,0,1,0.0029239766081871343,0.007309941520467836,0.1301169590643275,0.14912280701754385,0.0,0.024853801169590642,4
685.0,2277,2756,2,5,479,89,102,16,0,1,0.00291970802919708,0.0072992700729927005,0.12992700729927006,0.14890510948905109,0.0,0.024817518248175182,4
686.0,2280,2756,2,5,476,89,102,16,0,1,0.0029154518950437317,0.007288629737609329,0.12973760932944606,0.14868804664723032,0.0,0.02478134110787172,4
687.0,2283,2756,2,5,473,89,102,16,0,1,0.002911208151382824,0.00727802037845706,0.12954876273653565,0.14847161572052403,0.0,0.024745269286754003,4
688.0,2286,2756,2,5,470,89,102,16,0,1,0.0029069767441860465,0.007267441860465116,0.12936046511627908,0.14825581395348839,0.0,0.024709302325581394,4
689.0,2287,2756,2,6,469,89,102,16,0,1,0.002902757619738752,0.008708272859216255,0.12917271407837447,0.14804063860667635,0.0,0.02467343976777939,4
690.0,2332,3050,2,6,718,89,102,16,0,1,0.002898550724637681,0.008695652173913044,0.1289855072463768,0.14782608695652175,0.0,0.02463768115942029,4
691.0,2335,3050,2,6,715,89,103,16,0,1,0.002894356005788712,0.008683068017366137,0.1287988422575977,0.14905933429811866,0.0,0.024602026049204053,4
692.0,2338,3053,2,6,715,90,103,16,0,1,0.002890173410404624,0.008670520231213872,0.13005780346820808,0.14884393063583815,0.0,0.024566473988439308,4
693.0,2341,3061,2,6,720,91,103,16,0,1,0.002886002886002886,0.008658008658008658,0.13131313131313133,0.14862914862914864,0.0,0.024531024531024532,4
694.0,2344,3069,2,6,725,92,103,16,0,1,0.002881844380403458,0.008645533141210375,0.13256484149855907,0.1484149855907781,0.0,0.024495677233429394,4
695.0,2347,3077,2,6,730,92,103,16,0,1,0.0028776978417266188,0.008633093525179856,0.13237410071942446,0.14820143884892087,0.0,0.02446043165467626,4
696.0,2350,3077,2,6,727,92,103,16,0,1,0.0028735632183908046,0.008620689655172414,0.13218390804597702,0.14798850574712644,0.0,0.02442528735632184,4
697.0,2353,3077,2,6,724,92,104,16,0,1,0.0028694404591104736,0.00860832137733142,0.13199426111908177,0.1492109038737446,0.0,0.024390243902439025,4
698.0,2356,3080,2,6,724,92,104,16,0,1,0.0028653295128939827,0.008595988538681949,0.1318051575931232,0.1489971346704871,0.0,0.024355300859598854,4
699.0,2359,3080,2,6,721,93,104,16,0,1,0.002861230329041488,0.008583690987124463,0.13304721030042918,0.14878397711015737,0.0,0.024320457796852647,4
700.0,2362,3088,2,6,726,93,104,16,0,1,0.002857142857142857,0.008571428571428572,0.13285714285714287,0.14857142857142858,0.0,0.024285714285714285,4
701.0,2365,3088,2,6,723,93,104,16,0,1,0.0028530670470756064,0.008559201141226819,0.1326676176890157,0.14835948644793154,0.0,0.024251069900142655,4
702.0,2368,3088,2,6,720,93,104,16,0,1,0.002849002849002849,0.008547008547008548,0.13247863247863248,0.14814814814814814,0.0,0.024216524216524215,4
703.0,2371,3088,2,6,717,93,104,16,0,1,0.002844950213371266,0.008534850640113799,0.13229018492176386,0.14793741109530584,0.0,0.02418207681365576,4
704.0,2374,3088,2,6,714,94,104,16,0,1,0.002840909090909091,0.008522727272727272,0.13352272727272727,0.14772727272727273,0.0,0.024147727272727272,4
705.0,2377,3096,2,6,719,94,104,16,0,1,0.0028368794326241137,0.00851063829787234,0.13333333333333333,0.1475177304964539,0.0,0.024113475177304965,4
706.0,2380,3096,2,6,716,94,104,16,0,1,0.0028328611898017,0.0084985835694051,0.13314447592067988,0.14730878186968838,0.0,0.024079320113314446,4
707.0,2383,3096,2,6,713,94,105,16,0,1,0.002828854314002829,0.008486562942008486,0.13295615275813297,0.1485148514851485,0.0,0.024045261669024046,4
708.0,2386,3099,2,6,713,94,105,16,0,1,0.002824858757062147,0.00847457627118644,0.1327683615819209,0.1483050847457627,0.0,0.02401129943502825,4
709.0,2389,3099,2,6,710,94,106,16,0,1,0.0028208744710860366,0.00846262341325811,0.1325811001410437,0.14950634696755993,0.0,0.023977433004231313,4
710.0,2392,3102,2,6,710,94,106,16,0,1,0.0028169014084507044,0.008450704225352112,0.1323943661971831,0.14929577464788732,0.0,0.023943661971830985,4
711.0,2395,3102,2,6,707,94,106,16,0,1,0.0028129395218002813,0.008438818565400843,0.13220815752461323,0.1490857946554149,0.0,0.02390998593530239,4
712.0,2398,3102,2,6,704,95,106,16,0,1,0.0028089887640449437,0.008426966292134831,0.13342696629213482,0.14887640449438203,0.0,0.023876404494382022,4
713.0,2401,3110,2,6,709,95,106,16,0,1,0.002805049088359046,0.008415147265077139,0.1332398316970547,0.14866760168302945,0.0,0.023842917251051893,4
714.0,2404,3110,2,6,706,95,106,16,0,1,0.0028011204481792717,0.008403361344537815,0.1330532212885154,0.1484593837535014,0.0,0.023809523809523808,4
715.0,2407,3110,2,6,703,95,106,16,0,1,0.002797202797202797,0.008391608391608392,0.13286713286713286,0.14825174825174825,0.0,0.023776223776223775,4
716.0,2408,3110,2,7,702,95,106,16,0,1,0.002793296089385475,0.009776536312849162,0.13268156424581007,0.14804469273743018,0.0,0.023743016759776536,4
717.0,2453,3404,2,7,951,95,107,16,0,1,0.002789400278940028,0.009762900976290097,0.13249651324965134,0.1492329149232915,0.0,0.023709902370990237,4
718.0,2456,3407,2,7,951,95,107,16,0,1,0.002785515320334262,0.009749303621169917,0.13231197771587744,0.149025069637883,0.0,0.023676880222841225,4
719.0,2459,3407,2,7,948,95,107,16,0,1,0.0027816411682892906,0.009735744089012517,0.13212795549374132,0.14881780250347706,0.0,0.02364394993045897,4
720.0,2462,3407,2,7,945,96,107,16,0,1,0.002777777777777778,0.009722222222222222,0.13333333333333333,0.1486111111111111,0.0,0.02361111111111111,4
721.0,2465,3415,2,7,950,96,107,16,0,1,0.0027739251040221915,0.009708737864077669,0.13314840499306518,0.14840499306518723,0.0,0.023578363384188627,4
722.0,2468,3415,2,7,947,96,107,16,0,1,0.002770083102493075,0.009695290858725761,0.1329639889196676,0.1481994459833795,0.0,0.023545706371191136,4
723.0,2471,3415,2,7,944,96,107,16,0,1,0.0027662517289073307,0.009681881051175657,0.13278008298755187,0.1479944674965422,0.0,0.02351313969571231,4
724.0,2474,3415,2,7,941,96,107,16,0,1,0.0027624309392265192,0.009668508287292817,0.13259668508287292,0.1477900552486188,0.0,0.023480662983425413,4
725.0,2477,3415,2,7,938,96,108,16,0,1,0.002758620689655172,0.009655172413793104,0.13241379310344828,0.1489655172413793,0.0,0.023448275862068966,4
726.0,2480,3418,2,7,938,96,108,16,0,1,0.0027548209366391185,0.009641873278236915,0.1322314049586777,0.1487603305785124,0.0,0.023415977961432508,4
727.0,2483,3418,2,7,935,96,108,16,0,1,0.002751031636863824,0.009628610729023384,0.13204951856946354,0.1485557083906465,0.0,0.023383768913342505,4
728.0,2486,3418,2,7,932,96,108,16,0,1,0.0027472527472527475,0.009615384615384616,0.13186813186813187,0.14835164835164835,0.0,0.023351648351648352,4
729.0,2489,3418,2,7,929,96,108,16,0,1,0.0027434842249657062,0.009602194787379973,0.13168724279835392,0.14814814814814814,0.0,0.023319615912208505,4
730.0,2492,3418,2,7,926,96,108,16,0,1,0.0027397260273972603,0.009589041095890411,0.13150684931506848,0.14794520547945206,0.0,0.023287671232876714,4
731.0,2495,3418,2,7,923,96,109,16,0,1,0.0027359781121751026,0.009575923392612859,0.13132694938440492,0.1491108071135431,0.0,0.023255813953488372,4
732.0,2498,3421,2,7,923,96,109,16,0,1,0.00273224043715847,0.009562841530054645,0.13114754098360656,0.1489071038251366,0.0,0.023224043715846996,4
733.0,2501,3421,2,7,920,96,109,16,0,1,0.002728512960436562,0.009549795361527967,0.13096862210095497,0.14870395634379263,0.0,0.023192360163710776,4
734.0,2504,3421,2,7,917,96,110,16,0,1,0.0027247956403269754,0.009536784741144414,0.1307901907356948,0.14986376021798364,0.0,0.02316076294277929,4
735.0,2507,3424,2,7,917,96,110,16,0,1,0.0027210884353741495,0.009523809523809525,0.1306122448979592,0.14965986394557823,0.0,0.02312925170068027,4
736.0,2510,3424,2,7,914,96,110,16,0,1,0.002717391304347826,0.009510869565217392,0.13043478260869565,0.14945652173913043,0.0,0.02309782608695652,4
737.0,2513,3424,2,7,911,96,111,16,0,1,0.0027137042062415195,0.009497964721845319,0.13025780189959293,0.15061058344640435,0.0,0.023066485753052916,4
738.0,2516,3427,2,7,911,96,111,16,0,1,0.0027100271002710027,0.009485094850948509,0.13008130081300814,0.15040650406504066,0.0,0.023035230352303523,4
739.0,2519,3427,2,7,908,96,111,16,0,1,0.0027063599458728013,0.009472259810554804,0.12990527740189445,0.15020297699594046,0.0,0.023004059539918808,4
740.0,2522,3427,2,7,905,96,111,16,0,1,0.002702702702702703,0.00945945945945946,0.12972972972972974,0.15,0.0,0.022972972972972974,4
741.0,2525,3427,2,7,902,96,111,16,0,1,0.002699055330634278,0.009446693657219974,0.12955465587044535,0.14979757085020243,0.0,0.022941970310391364,4
742.0,2528,3427,2,7,899,97,111,16,0,1,0.0026954177897574125,0.009433962264150943,0.1307277628032345,0.1495956873315364,0.0,0.022911051212938006,4
743.0,2531,3435,2,7,904,97,111,16,0,1,0.0026917900403768506,0.009421265141318977,0.13055181695827725,0.14939434724091522,0.0,0.02288021534320323,4
744.0,2534,3435,2,7,901,97,112,16,0,1,0.002688172043010753,0.009408602150537635,0.1303763440860215,0.15053763440860216,0.0,0.0228494623655914,4
745.0,2537,3438,2,7,901,97,112,16,0,1,0.0026845637583892616,0.009395973154362415,0.13020134228187918,0.15033557046979865,0.0,0.022818791946308724,4
746.0,2540,3438,2,7,898,98,112,16,0,1,0.002680965147453083,0.00938337801608579,0.13136729222520108,0.15013404825737264,0.0,0.022788203753351208,4
747.0,2543,3446,2,7,903,98,112,16,0,1,0.002677376171352075,0.009370816599732263,0.13119143239625167,0.1499330655957162,0.0,0.022757697456492636,4
748.0,2546,3446,2,7,900,99,112,16,0,1,0.00267379679144385,0.009358288770053475,0.1323529411764706,0.1497326203208556,0.0,0.022727272727272728,4
749.0,2549,3454,2,7,905,99,112,16,0,1,0.0026702269692923898,0.009345794392523364,0.1321762349799733,0.14953271028037382,0.0,0.022696929238985315,4
750.0,2552,3454,2,7,902,99,113,16,0,1,0.0026666666666666666,0.009333333333333334,0.132,0.15066666666666667,0.0,0.02266666666666667,4
751.0,2555,3457,2,7,902,99,113,16,0,1,0.002663115845539281,0.009320905459387484,0.1318242343541944,0.15046604527296936,0.0,0.022636484687083888,4
752.0,2558,3457,2,7,899,99,113,16,0,1,0.0026595744680851063,0.009308510638297872,0.13164893617021275,0.1502659574468085,0.0,0.022606382978723406,4
753.0,2561,3457,2,7,896,99,113,16,0,1,0.0026560424966799467,0.009296148738379814,0.13147410358565736,0.150066401062417,0.0,0.02257636122177955,4
754.0,2564,3457,2,7,893,99,113,16,0,1,0.002652519893899204,0.009283819628647215,0.1312997347480106,0.14986737400530503,0.0,0.022546419098143235,4
755.0,2567,3457,2,7,890,99,113,16,0,1,0.0026490066225165563,0.009271523178807948,0.13112582781456952,0.14966887417218544,0.0,0.022516556291390728,4
756.0,2570,3457,2,7,887,100,113,16,0,1,0.0026455026455026454,0.009259259259259259,0.13227513227513227,0.14947089947089948,0.0,0.022486772486772486,4
757.0,2573,3465,2,7,892,100,113,16,0,1,0.002642007926023778,0.009247027741083224,0.13210039630118892,0.14927344782034346,0.0,0.022457067371202115,4
758.0,2576,3465,2,7,889,100,113,16,0,1,0.002638522427440633,0.009234828496042216,0.13192612137203166,0.14907651715039577,0.0,0.022427440633245383,4
759.0,2579,3465,2,7,886,100,113,16,0,1,0.002635046113306983,0.00922266139657444,0.13175230566534915,0.14888010540184454,0.0,0.022397891963109356,4
760.0,2582,3465,2,7,883,100,113,16,0,1,0.002631578947368421,0.009210526315789473,0.13157894736842105,0.14868421052631578,0.0,0.02236842105263158,4
761.0,2585,3465,2,7,880,100,113,16,0,1,0.002628120893561104,0.009198423127463863,0.1314060446780552,0.14848883048620237,0.0,0.022339027595269383,4
762.0,2588,3465,2,7,877,100,114,16,0,1,0.0026246719160104987,0.009186351706036745,0.13123359580052493,0.14960629921259844,0.0,0.02230971128608924,4
763.0,2591,3468,2,7,877,101,114,16,0,1,0.002621231979030144,0.009174311926605505,0.13237221494102228,0.14941022280471822,0.0,0.022280471821756225,4
764.0,2594,3476,2,7,882,101,114,16,0,1,0.002617801047120419,0.009162303664921465,0.13219895287958114,0.14921465968586387,0.0,0.02225130890052356,4
765.0,2597,3476,2,7,879,101,114,16,0,1,0.00261437908496732,0.009150326797385621,0.13202614379084968,0.14901960784313725,0.0,0.022222222222222223,4
766.0,2600,3476,2,7,876,101,114,16,0,1,0.0026109660574412533,0.009138381201044387,0.13185378590078328,0.14882506527415143,0.0,0.022193211488250653,4
767.0,2603,3476,2,7,873,101,114,16,0,1,0.002607561929595828,0.009126466753585397,0.1316818774445893,0.14863102998696218,0.0,0.02216427640156454,4
768.0,2606,3476,2,7,870,102,114,16,0,1,0.0026041666666666665,0.009114583333333334,0.1328125,0.1484375,0.0,0.022135416666666668,4
769.0,2609,3484,2,7,875,102,114,16,0,1,0.002600780234070221,0.009102730819245773,0.13263979193758127,0.1482444733420026,0.0,0.022106631989596878,4
770.0,2612,3484,2,7,872,102,114,16,0,1,0.0025974025974025974,0.00909090909090909,0.13246753246753246,0.14805194805194805,0.0,0.02207792207792208,4
771.0,2615,3484,2,7,869,102,114,16,0,1,0.0025940337224383916,0.009079118028534372,0.13229571984435798,0.14785992217898833,0.0,0.02204928664072633,4
772.0,2618,3484,2,7,866,103,114,16,0,1,0.0025906735751295338,0.009067357512953367,0.133419689119171,0.14766839378238342,0.0,0.022020725388601035,4
773.0,2621,3492,2,7,871,103,114,16,0,1,0.00258732212160414,0.009055627425614488,0.1332470892626132,0.14747736093143596,0.0,0.02199223803363519,4
774.0,2624,3492,2,7,868,104,114,16,0,1,0.002583979328165375,0.00904392764857881,0.1343669250645995,0.14728682170542637,0.0,0.021963824289405683,4
775.0,2627,3500,2,7,873,104,114,16,0,1,0.0025806451612903226,0.00903225806451613,0.13419354838709677,0.14709677419354839,0.0,0.02193548387096774,4
776.0,2630,3500,2,7,870,105,114,16,0,1,0.002577319587628866,0.00902061855670103,0.13530927835051546,0.14690721649484537,0.0,0.02190721649484536,4
777.0,2633,3508,2,7,875,105,114,16,0,1,0.002574002574002574,0.009009009009009009,0.13513513513513514,0.14671814671814673,0.0,0.021879021879021878,4
778.0,2636,3508,2,7,872,105,115,16,0,1,0.002570694087403599,0.008997429305912597,0.13496143958868895,0.14781491002570693,0.0,0.021850899742930592,4
779.0,2639,3511,2,7,872,105,115,16,0,1,0.0025673940949935813,0.008985879332477536,0.13478818998716302,0.14762516046213095,0.0,0.021822849807445442,4
780.0,2642,3511,2,7,869,105,115,16,0,1,0.002564102564102564,0.008974358974358974,0.1346153846153846,0.14743589743589744,0.0,0.021794871794871794,4
781.0,2645,3511,2,7,866,105,115,16,0,1,0.002560819462227913,0.008962868117797696,0.13444302176696543,0.147247119078105,0.0,0.02176696542893726,4
782.0,2648,3511,2,7,863,105,115,16,0,1,0.0025575447570332483,0.008951406649616368,0.13427109974424553,0.14705882352941177,0.0,0.021739130434782608,4
783.0,2651,3511,2,7,860,106,115,16,0,1,0.002554278416347382,0.008939974457215836,0.13537675606641125,0.14687100893997446,0.0,0.021711366538952746,4
784.0,2654,3519,2,7,865,106,115,16,0,1,0.002551020408163265,0.008928571428571428,0.13520408163265307,0.14668367346938777,0.0,0.021683673469387755,4
785.0,2657,3519,2,7,862,106,116,16,0,1,0.0025477707006369425,0.008917197452229299,0.13503184713375796,0.14777070063694267,0.0,0.02165605095541401,4
786.0,2660,3522,2,7,862,106,116,16,0,1,0.002544529262086514,0.008905852417302799,0.13486005089058525,0.1475826972010178,0.0,0.021628498727735368,4
787.0,2663,3522,2,7,859,107,116,16,0,1,0.0025412960609911056,0.008894536213468869,0.13595933926302414,0.1473951715374841,0.0,0.021601016518424398,4
788.0,2666,3530,2,7,864,108,116,16,0,1,0.0025380710659898475,0.008883248730964468,0.13705583756345177,0.14720812182741116,0.0,0.021573604060913704,4
789.0,2669,3538,2,7,869,108,116,16,0,1,0.0025348542458808617,0.008871989860583017,0.13688212927756654,0.14702154626108999,0.0,0.021546261089987327,4
790.0,2672,3538,2,7,866,108,116,16,0,1,0.002531645569620253,0.008860759493670886,0.13670886075949368,0.1468354430379747,0.0,0.021518987341772152,4
791.0,2675,3538,2,7,863,108,117,16,0,1,0.0025284450063211127,0.008849557522123894,0.13653603034134007,0.14791403286978508,0.0,0.021491782553729456,4
792.0,2678,3541,2,7,863,109,117,16,0,1,0.0025252525252525255,0.008838383838383838,0.13762626262626262,0.14772727272727273,0.0,0.021464646464646464,4
793.0,2681,3549,2,7,868,109,117,16,0,1,0.0025220680958385876,0.008827238335435058,0.13745271122320302,0.14754098360655737,0.0,0.021437578814627996,4
794.0,2684,3549,2,7,865,109,118,16,0,1,0.0025188916876574307,0.008816120906801008,0.13727959697732997,0.1486146095717884,0.0,0.021410579345088162,4
795.0,2687,3552,2,7,865,109,118,16,0,1,0.0025157232704402514,0.00880503144654088,0.1371069182389937,0.14842767295597484,0.0,0.021383647798742137,4
796.0,2690,3552,2,7,862,109,118,16,0,1,0.002512562814070352,0.008793969849246231,0.13693467336683418,0.14824120603015076,0.0,0.02135678391959799,4
797.0,2693,3552,2,7,859,109,118,16,0,1,0.002509410288582183,0.00878293601003764,0.13676286072772897,0.1480552070263488,0.0,0.02132998745294856,4
798.0,2696,3552,2,7,856,109,118,16,0,1,0.002506265664160401,0.008771929824561403,0.13659147869674185,0.14786967418546365,0.0,0.021303258145363407,4
799.0,2699,3552,2,7,853,109,118,16,0,1,0.0025031289111389237,0.008760951188986232,0.13642052565707133,0.1476846057571965,0.0,0.02127659574468085,4
800.0,2702,3552,2,7,850,110,118,16,0,1,0.0025,0.00875,0.1375,0.1475,0.0,0.02125,4
801.0,2705,3560,2,7,855,110,119,16,0,1,0.0024968789013732834,0.008739076154806492,0.1373283395755306,0.14856429463171036,0.0,0.02122347066167291,4
802.0,2708,3563,2,7,855,110,119,16,0,1,0.0024937655860349127,0.008728179551122194,0.1371571072319202,0.1483790523690773,0.0,0.02119700748129676,4
803.0,2711,3563,2,7,852,110,119,16,0,1,0.0024906600249066002,0.008717310087173101,0.136986301369863,0.14819427148194272,0.0,0.021170610211706103,4
804.0,2714,3563,2,7,849,111,119,16,0,1,0.0024875621890547263,0.008706467661691543,0.13805970149253732,0.1480099502487562,0.0,0.021144278606965175,4
805.0,2717,3571,2,7,854,111,120,16,0,1,0.002484472049689441,0.008695652173913044,0.13788819875776398,0.14906832298136646,0.0,0.02111801242236025,4
806.0,2720,3574,2,7,854,111,120,16,0,1,0.0024813895781637717,0.008684863523573201,0.13771712158808933,0.1488833746898263,0.0,0.02109181141439206,4
807.0,2723,3574,2,7,851,111,120,16,0,1,0.0024783147459727386,0.008674101610904586,0.137546468401487,0.14869888475836432,0.0,0.021065675340768277,4
808.0,2726,3574,2,7,848,111,120,16,0,1,0.0024752475247524753,0.008663366336633664,0.1373762376237624,0.1485148514851485,0.0,0.02103960396039604,4
809.0,2729,3574,2,7,845,112,120,16,0,1,0.002472187886279357,0.00865265760197775,0.138442521631644,0.14833127317676142,0.0,0.021013597033374538,4
810.0,2732,3582,2,7,850,113,120,16,0,1,0.0024691358024691358,0.008641975308641974,0.13950617283950617,0.14814814814814814,0.0,0.020987654320987655,4
811.0,2735,3590,2,7,855,113,120,16,0,1,0.002466091245376079,0.008631319358816275,0.13933415536374846,0.14796547472256474,0.0,0.02096177558569667,4
812.0,2738,3590,2,7,852,113,120,16,0,1,0.0024630541871921183,0.008620689655172414,0.13916256157635468,0.1477832512315271,0.0,0.020935960591133004,4
813.0,2741,3590,2,7,849,113,120,16,0,1,0.0024600246002460025,0.008610086100861008,0.13899138991389914,0.14760147601476015,0.0,0.020910209102091022,4
814.0,2744,3590,2,7,846,113,120,16,0,1,0.002457002457002457,0.0085995085995086,0.13882063882063883,0.14742014742014742,0.0,0.020884520884520884,4
815.0,2745,3590,3,7,845,113,120,16,0,1,0.0036809815950920245,0.008588957055214725,0.13865030674846626,0.147239263803681,0.0,0.020858895705521473,4
816.0,2764,3702,3,7,938,113,120,16,0,1,0.003676470588235294,0.00857843137254902,0.13848039215686275,0.14705882352941177,0.0,0.020833333333333332,4
817.0,2767,3702,3,7,935,113,120,16,0,1,0.0036719706242350062,0.008567931456548347,0.1383108935128519,0.14687882496940025,0.0,0.0208078335373317,4
818.0,2770,3702,3,7,932,113,120,16,0,1,0.003667481662591687,0.008557457212713936,0.13814180929095354,0.1466992665036675,0.0,0.02078239608801956,4
819.0,2773,3702,3,7,929,113,120,16,0,1,0.003663003663003663,0.008547008547008548,0.13797313797313798,0.14652014652014653,0.0,0.020757020757020756,4
820.0,2776,3702,3,7,926,113,121,16,0,1,0.003658536585365854,0.00853658536585366,0.1378048780487805,0.1475609756097561,0.0,0.020731707317073172,4
821.0,2779,3705,3,7,926,113,121,16,0,1,0.0036540803897685747,0.008526187576126675,0.13763702801461633,0.14738124238733252,0.0,0.020706455542021926,4
822.0,2782,3705,3,7,923,113,121,16,0,1,0.0036496350364963502,0.00851581508515815,0.13746958637469586,0.14720194647201945,0.0,0.02068126520681265,4
823.0,2785,3705,3,7,920,113,121,16,0,1,0.0036452004860267314,0.00850546780072904,0.13730255164034022,0.14702308626974483,0.0,0.020656136087484813,4
824.0,2788,3705,3,7,917,113,121,16,0,1,0.0036407766990291263,0.00849514563106796,0.13713592233009708,0.14684466019417475,0.0,0.02063106796116505,4
825.0,2791,3705,3,7,914,114,121,16,0,1,0.0036363636363636364,0.008484848484848486,0.13818181818181818,0.14666666666666667,0.0,0.020606060606060607,4
826.0,2794,3713,3,7,919,114,121,16,0,1,0.0036319612590799033,0.00847457627118644,0.13801452784503632,0.14648910411622276,0.0,0.020581113801452784,4
827.0,2797,3713,3,7,916,114,121,16,0,1,0.0036275695284159614,0.008464328899637243,0.13784764207980654,0.14631197097944376,0.0,0.020556227327690448,4
828.0,2800,3713,3,7,913,114,121,16,0,1,0.0036231884057971015,0.008454106280193236,0.13768115942028986,0.1461352657004831,0.0,0.020531400966183576,4
829.0,2801,3713,3,8,912,114,121,16,0,1,0.0036188178528347406,0.009650180940892641,0.13751507840772015,0.14595898673100122,0.0,0.020506634499396863,4
830.0,2846,4010,3,8,1164,115,121,16,0,1,0.0036144578313253013,0.00963855421686747,0.13855421686746988,0.14578313253012049,0.0,0.020481927710843374,4
831.0,2849,4018,3,8,1169,115,122,16,0,1,0.0036101083032490976,0.009626955475330927,0.13838748495788206,0.14681107099879662,0.0,0.02045728038507822,4
832.0,2852,4021,3,8,1169,115,122,16,0,1,0.003605769230769231,0.009615384615384616,0.13822115384615385,0.1466346153846154,0.0,0.020432692307692308,4
833.0,2855,4021,3,8,1166,116,122,16,0,1,0.003601440576230492,0.009603841536614645,0.13925570228091236,0.14645858343337334,0.0,0.02040816326530612,4
834.0,2858,4029,3,8,1171,116,123,16,0,1,0.0035971223021582736,0.009592326139088728,0.13908872901678657,0.1474820143884892,0.0,0.02038369304556355,4
835.0,2861,4032,3,8,1171,116,123,16,0,1,0.003592814371257485,0.009580838323353293,0.13892215568862276,0.1473053892215569,0.0,0.02035928143712575,4
836.0,2864,4032,3,8,1168,116,123,16,0,1,0.0035885167464114833,0.009569377990430622,0.13875598086124402,0.1471291866028708,0.0,0.02033492822966507,4
837.0,2867,4032,3,8,1165,116,123,16,0,1,0.0035842293906810036,0.009557945041816009,0.13859020310633213,0.14695340501792115,0.0,0.02031063321385902,4
838.0,2870,4032,3,8,1162,116,123,16,0,1,0.003579952267303103,0.00954653937947494,0.13842482100238662,0.1467780429594272,0.0,0.02028639618138425,4
839.0,2873,4032,3,8,1159,116,123,16,0,1,0.003575685339690107,0.009535160905840286,0.13825983313468415,0.1466030989272944,0.0,0.02026221692491061,4
840.0,2876,4032,3,8,1156,116,123,16,0,1,0.0035714285714285713,0.009523809523809525,0.1380952380952381,0.14642857142857144,0.0,0.02023809523809524,4
841.0,2879,4032,3,8,1153,116,123,16,0,1,0.0035671819262782403,0.009512485136741973,0.13793103448275862,0.14625445897740785,0.0,0.020214030915576695,4
842.0,2882,4032,3,8,1150,116,124,16,0,1,0.0035629453681710215,0.009501187648456057,0.1377672209026128,0.14726840855106887,0.0,0.020190023752969122,4
843.0,2885,4035,3,8,1150,116,125,16,0,1,0.0035587188612099642,0.009489916963226572,0.1376037959667853,0.14827995255041518,0.0,0.020166073546856466,4
844.0,2888,4038,3,8,1150,116,125,16,0,1,0.0035545023696682463,0.009478672985781991,0.13744075829383887,0.1481042654028436,0.0,0.02014218009478673,4
845.0,2891,4038,3,8,1147,116,125,16,0,1,0.0035502958579881655,0.009467455621301775,0.13727810650887573,0.14792899408284024,0.0,0.020118343195266272,4
846.0,2894,4038,3,8,1144,117,125,16,0,1,0.0035460992907801418,0.009456264775413711,0.13829787234042554,0.14775413711583923,0.0,0.02009456264775414,4
847.0,2897,4046,3,8,1149,117,125,16,0,1,0.0035419126328217238,0.009445100354191263,0.1381345926800472,0.14757969303423848,0.0,0.020070838252656435,4
848.0,2900,4046,3,8,1146,117,125,16,0,1,0.003537735849056604,0.009433962264150943,0.13797169811320756,0.1474056603773585,0.0,0.020047169811320754,4
849.0,2903,4046,3,8,1143,117,125,16,0,1,0.0035335689045936395,0.009422850412249705,0.13780918727915195,0.14723203769140164,0.0,0.020023557126030624,4
850.0,2906,4046,3,8,1140,117,125,16,0,1,0.0035294117647058825,0.009411764705882352,0.1376470588235294,0.14705882352941177,0.0,0.02,4
851.0,2909,4046,3,8,1137,117,125,16,0,1,0.0035252643948296123,0.009400705052878966,0.13748531139835488,0.14688601645123384,0.0,0.0199764982373678,4
852.0,2912,4046,3,8,1134,117,126,16,0,1,0.0035211267605633804,0.009389671361502348,0.13732394366197184,0.14788732394366197,0.0,0.01995305164319249,4
853.0,2915,4049,3,8,1134,117,126,16,0,1,0.0035169988276670576,0.009378663540445486,0.13716295427901523,0.1477139507620164,0.0,0.01992966002344666,4
854.0,2918,4049,3,8,1131,117,126,16,0,1,0.00351288056206089,0.00936768149882904,0.13700234192037472,0.14754098360655737,0.0,0.01990632318501171,4
855.0,2921,4049,3,8,1128,117,126,16,0,1,0.0035087719298245615,0.00935672514619883,0.1368421052631579,0.14736842105263157,0.0,0.019883040935672516,4
856.0,2924,4049,3,8,1125,118,126,16,0,1,0.0035046728971962616,0.009345794392523364,0.1378504672897196,0.14719626168224298,0.0,0.01985981308411215,4
857.0,2927,4057,3,8,1130,119,126,16,0,1,0.003500583430571762,0.009334889148191364,0.13885647607934656,0.147024504084014,0.0,0.019836639439906652,4
858.0,2930,4065,3,8,1135,120,126,16,0,1,0.0034965034965034965,0.009324009324009324,0.13986013986013987,0.14685314685314685,0.0,0.019813519813519812,4
859.0,2933,4073,3,8,1140,121,126,16,0,1,0.0034924330616996507,0.009313154831199068,0.1408614668218859,0.14668218859138532,0.0,0.01979045401629802,4
860.0,2936,4081,3,8,1145,121,126,16,0,1,0.0034883720930232558,0.009302325581395349,0.14069767441860465,0.14651162790697675,0.0,0.019767441860465116,4
861.0,2939,4081,3,8,1142,121,127,16,0,1,0.003484320557491289,0.009291521486643438,0.140534262485482,0.14750290360046459,0.0,0.019744483159117306,4
862.0,2942,4084,3,8,1142,121,127,17,0,1,0.0034802784222737818,0.009280742459396751,0.14037122969837587,0.14733178654292342,0.0,0.02088167053364269,4
863.0,2945,4086,3,8,1141,121,127,17,0,1,0.0034762456546929316,0.009269988412514484,0.14020857473928158,0.14716106604866744,0.0,0.02085747392815759,4
864.0,2948,4086,3,8,1138,121,128,17,0,1,0.003472222222222222,0.009259259259259259,0.1400462962962963,0.14814814814814814,0.0,0.020833333333333332,4
865.0,2951,4089,3,8,1138,121,128,17,0,1,0.003468208092485549,0.009248554913294798,0.13988439306358383,0.14797687861271677,0.0,0.020809248554913295,4
866.0,2954,4089,3,8,1135,121,129,17,0,1,0.003464203233256351,0.009237875288683603,0.1397228637413395,0.1489607390300231,0.0,0.020785219399538105,4
867.0,2957,4092,3,8,1135,121,129,17,0,1,0.0034602076124567475,0.00922722029988466,0.1395617070357555,0.14878892733564014,0.0,0.020761245674740483,4
868.0,2960,4092,3,8,1132,121,130,17,0,1,0.0034562211981566822,0.009216589861751152,0.13940092165898618,0.1497695852534562,0.0,0.020737327188940093,4
869.0,2963,4095,3,8,1132,122,130,17,0,1,0.0034522439585730723,0.009205983889528193,0.14039125431530494,0.14959723820483314,0.0,0.020713463751438434,4
870.0,2966,4103,3,8,1137,122,130,17,0,1,0.0034482758620689655,0.009195402298850575,0.14022988505747128,0.14942528735632185,0.0,0.020689655172413793,4
871.0,2969,4103,3,8,1134,122,130,17,0,1,0.003444316877152698,0.009184845005740528,0.14006888633754305,0.14925373134328357,0.0,0.02066590126291619,4
872.0,2972,4103,3,8,1131,122,130,17,0,1,0.0034403669724770644,0.009174311926605505,0.13990825688073394,0.14908256880733944,0.0,0.020642201834862386,4
873.0,2975,4103,3,8,1128,122,130,17,0,1,0.003436426116838488,0.009163802978235968,0.13974799541809851,0.14891179839633448,0.0,0.020618556701030927,4
874.0,2978,4103,3,8,1125,122,130,17,0,1,0.003432494279176201,0.009153318077803204,0.13958810068649885,0.14874141876430205,0.0,0.020594965675057208,4
875.0,2981,4103,3,8,1122,122,130,17,0,1,0.0034285714285714284,0.009142857142857144,0.13942857142857143,0.14857142857142858,0.0,0.02057142857142857,4
876.0,2984,4103,3,8,1119,123,130,17,0,1,0.003424657534246575,0.0091324200913242,0.1404109589041096,0.14840182648401826,0.0,0.02054794520547945,4
877.0,2987,4111,3,8,1124,123,130,17,0,1,0.0034207525655644243,0.009122006841505131,0.1402508551881414,0.14823261117445838,0.0,0.020524515393386546,4
878.0,2990,4111,3,8,1121,123,130,17,0,1,0.003416856492027335,0.009111617312072893,0.14009111617312073,0.1480637813211845,0.0,0.02050113895216401,4
879.0,2993,4111,3,8,1118,123,130,17,0,1,0.0034129692832764505,0.009101251422070534,0.13993174061433447,0.14789533560864618,0.0,0.020477815699658702,4
880.0,2996,4111,3,8,1115,124,130,17,0,1,0.003409090909090909,0.00909090909090909,0.1409090909090909,0.14772727272727273,0.0,0.020454545454545454,4
881.0,2999,4119,3,8,1120,124,130,17,0,1,0.00340522133938706,0.009080590238365494,0.14074914869466515,0.14755959137343927,0.0,0.02043132803632236,4
882.0,3002,4119,3,8,1117,124,130,17,0,1,0.003401360544217687,0.009070294784580499,0.14058956916099774,0.1473922902494331,0.0,0.02040816326530612,4
883.0,3005,4119,3,8,1114,124,130,17,0,1,0.0033975084937712344,0.009060022650056626,0.1404303510758777,0.14722536806342015,0.0,0.020385050962627407,4
884.0,3008,4119,3,8,1111,124,131,17,0,1,0.003393665158371041,0.00904977375565611,0.14027149321266968,0.14819004524886878,0.0,0.020361990950226245,4
885.0,3011,4122,3,8,1111,125,131,17,0,1,0.003389830508474576,0.00903954802259887,0.14124293785310735,0.1480225988700565,0.0,0.020338983050847456,4
886.0,3014,4130,3,8,1116,126,131,17,0,1,0.003386004514672686,0.009029345372460496,0.14221218961625282,0.14785553047404063,0.0,0.020316027088036117,4
887.0,3017,4138,3,8,1121,126,131,17,0,1,0.0033821871476888386,0.009019165727170236,0.14205186020293123,0.14768883878241262,0.0,0.020293122886133032,4
888.0,3020,4138,3,8,1118,126,131,17,0,1,0.0033783783783783786,0.009009009009009009,0.14189189189189189,0.14752252252252251,0.0,0.02027027027027027,4
889.0,3023,4138,3,8,1115,126,131,17,0,1,0.003374578177727784,0.008998875140607425,0.14173228346456693,0.14735658042744657,0.0,0.020247469066366704,4
890.0,3026,4138,3,8,1112,127,131,17,0,1,0.0033707865168539327,0.008988764044943821,0.14269662921348314,0.14719101123595504,0.0,0.020224719101123594,4
891.0,3029,4146,3,8,1117,127,131,17,0,1,0.003367003367003367,0.008978675645342313,0.1425364758698092,0.14702581369248036,0.0,0.020202020202020204,4
892.0,3032,4146,3,8,1114,128,131,17,0,1,0.0033632286995515697,0.008968609865470852,0.14349775784753363,0.1468609865470852,0.0,0.020179372197309416,4
893.0,3035,4154,3,8,1119,129,131,17,0,1,0.0033594624860022394,0.008958566629339306,0.1444568868980963,0.14669652855543114,0.0,0.020156774916013438,4
894.0,3038,4162,3,8,1124,129,132,17,0,1,0.003355704697986577,0.008948545861297539,0.14429530201342283,0.1476510067114094,0.0,0.020134228187919462,4
895.0,3041,4165,3,8,1124,129,132,17,0,1,0.0033519553072625698,0.008938547486033519,0.1441340782122905,0.14748603351955308,0.0,0.02011173184357542,4
896.0,3044,4165,3,8,1121,129,132,17,0,1,0.0033482142857142855,0.008928571428571428,0.14397321428571427,0.14732142857142858,0.0,0.020089285714285716,4
897.0,3047,4165,3,8,1118,130,132,17,0,1,0.0033444816053511705,0.008918617614269788,0.14492753623188406,0.14715719063545152,0.0,0.020066889632107024,4
898.0,3050,4173,3,8,1123,130,132,17,0,1,0.0033407572383073497,0.008908685968819599,0.1447661469933185,0.14699331848552338,0.0,0.0200445434298441,4
899.0,3053,4173,3,8,1120,130,132,18,0,1,0.0033370411568409346,0.008898776418242492,0.1446051167964405,0.1468298109010011,0.0,0.021134593993325918,4
900.0,3056,4175,3,8,1119,131,132,18,0,1,0.0033333333333333335,0.008888888888888889,0.14555555555555555,0.14666666666666667,0.0,0.021111111111111112,4
901.0,3059,4183,3,8,1124,131,132,18,0,1,0.003329633740288568,0.008879023307436182,0.1453940066592675,0.146503884572697,0.0,0.021087680355160933,4
902.0,3062,4183,3,8,1121,132,132,18,0,1,0.0033259423503325942,0.008869179600886918,0.14634146341463414,0.14634146341463414,0.0,0.02106430155210643,4
903.0,3065,4191,3,8,1126,133,132,18,0,1,0.0033222591362126247,0.008859357696566999,0.14728682170542637,0.1461794019933555,0.0,0.021040974529346623,4
904.0,3068,4199,3,8,1131,133,132,18,0,1,0.00331858407079646,0.008849557522123894,0.14712389380530974,0.14601769911504425,0.0,0.02101769911504425,4
905.0,3071,4199,3,8,1128,133,132,18,0,1,0.0033149171270718232,0.008839779005524863,0.14696132596685083,0.14585635359116023,0.0,0.020994475138121547,4
906.0,3074,4199,3,8,1125,133,132,18,0,1,0.0033112582781456954,0.008830022075055188,0.1467991169977925,0.1456953642384106,0.0,0.02097130242825607,4
907.0,3077,4199,3,8,1122,133,132,18,0,1,0.0033076074972436605,0.008820286659316428,0.1466372657111356,0.14553472987872107,0.0,0.020948180815876516,4
908.0,3080,4199,3,8,1119,133,132,18,0,1,0.003303964757709251,0.00881057268722467,0.14647577092511013,0.14537444933920704,0.0,0.02092511013215859,4
909.0,3083,4199,3,8,1116,133,132,18,0,1,0.0033003300330033004,0.0088008800880088,0.14631463146314633,0.14521452145214522,0.0,0.020902090209020903,4
910.0,3086,4199,3,8,1113,133,132,18,0,1,0.0032967032967032967,0.008791208791208791,0.14615384615384616,0.14505494505494507,0.0,0.020879120879120878,4
911.0,3089,4199,3,8,1110,133,132,19,0,1,0.003293084522502744,0.008781558726673985,0.145993413830955,0.14489571899012074,0.0,0.021953896816684963,4
912.0,3092,4201,3,8,1109,133,132,19,0,1,0.003289473684210526,0.008771929824561403,0.14583333333333334,0.14473684210526316,0.0,0.021929824561403508,4
913.0,3095,4201,3,8,1106,133,132,19,0,1,0.0032858707557502738,0.008762322015334063,0.1456736035049288,0.14457831325301204,0.0,0.02190580503833516,4
914.0,3098,4201,3,8,1103,133,132,19,0,1,0.0032822757111597373,0.0087527352297593,0.14551422319474835,0.14442013129102846,0.0,0.02188183807439825,4
915.0,3101,4201,3,8,1100,133,132,19,0,1,0.003278688524590164,0.008743169398907104,0.1453551912568306,0.14426229508196722,0.0,0.02185792349726776,4
916.0,3104,4201,3,8,1097,134,132,19,0,1,0.0032751091703056767,0.008733624454148471,0.1462882096069869,0.14410480349344978,0.0,0.021834061135371178,4
917.0,3107,4209,3,8,1102,134,133,19,0,1,0.003271537622682661,0.008724100327153763,0.14612868047982552,0.1450381679389313,0.0,0.021810250817884406,4
918.0,3110,4212,3,8,1102,134,134,19,0,1,0.0032679738562091504,0.008714596949891068,0.14596949891067537,0.14596949891067537,0.0,0.02178649237472767,4
919.0,3113,4215,3,8,1102,135,134,19,0,1,0.003264417845484222,0.008705114254624592,0.14689880304678998,0.1458106637649619,0.0,0.02176278563656148,4
920.0,3116,4223,3,8,1107,135,134,19,0,1,0.003260869565217391,0.008695652173913044,0.14673913043478262,0.14565217391304347,0.0,0.021739130434782608,4
921.0,3119,4223,3,8,1104,135,135,19,0,1,0.003257328990228013,0.008686210640608035,0.1465798045602606,0.1465798045602606,0.0,0.021715526601520086,4
922.0,3122,4226,3,8,1104,135,135,19,0,1,0.0032537960954446853,0.008676789587852495,0.14642082429501085,0.14642082429501085,0.0,0.021691973969631236,4
923.0,3125,4226,3,8,1101,135,135,19,0,1,0.0032502708559046588,0.00866738894907909,0.14626218851570963,0.14626218851570963,0.0,0.021668472372697724,4
924.0,3128,4226,3,8,1098,135,135,19,0,1,0.003246753246753247,0.008658008658008658,0.1461038961038961,0.1461038961038961,0.0,0.021645021645021644,4
925.0,3131,4226,3,8,1095,136,135,19,0,1,0.003243243243243243,0.008648648648648649,0.14702702702702702,0.14594594594594595,0.0,0.021621621621621623,4
926.0,3134,4234,3,8,1100,136,135,19,0,1,0.0032397408207343412,0.008639308855291577,0.1468682505399568,0.14578833693304535,0.0,0.02159827213822894,4
927.0,3137,4234,3,8,1097,136,135,19,0,1,0.003236245954692557,0.008629989212513484,0.14670981661272922,0.14563106796116504,0.0,0.021574973031283712,4
928.0,3140,4234,3,8,1094,136,135,19,0,1,0.003232758620689655,0.008620689655172414,0.14655172413793102,0.14547413793103448,0.0,0.021551724137931036,4
929.0,3143,4234,3,8,1091,136,136,19,0,1,0.0032292787944025836,0.008611410118406888,0.14639397201291712,0.14639397201291712,0.0,0.021528525296017224,4
930.0,3146,4237,3,8,1091,137,136,19,0,1,0.0032258064516129032,0.008602150537634409,0.14731182795698924,0.14623655913978495,0.0,0.021505376344086023,4
931.0,3149,4245,3,8,1096,137,136,19,0,1,0.00322234156820623,0.008592910848549946,0.14715359828141783,0.1460794844253491,0.0,0.021482277121374866,4
932.0,3152,4245,3,8,1093,137,136,19,0,1,0.003218884120171674,0.008583690987124463,0.14699570815450644,0.1459227467811159,0.0,0.02145922746781116,4
933.0,3155,4245,3,8,1090,137,136,19,0,1,0.003215434083601286,0.00857449088960343,0.14683815648445875,0.1457663451232583,0.0,0.021436227224008574,4
934.0,3158,4245,3,8,1087,138,136,19,0,1,0.0032119914346895075,0.008565310492505354,0.14775160599571735,0.145610278372591,0.0,0.021413276231263382,4
935.0,3161,4253,3,8,1092,138,136,19,0,1,0.0032085561497326204,0.008556149732620321,0.14759358288770053,0.14545454545454545,0.0,0.0213903743315508,4
936.0,3164,4253,3,8,1089,138,136,19,0,1,0.003205128205128205,0.008547008547008548,0.14743589743589744,0.1452991452991453,0.0,0.021367521367521368,4
937.0,3167,4253,3,8,1086,139,136,19,0,1,0.0032017075773745998,0.008537886872998933,0.14834578441835647,0.14514407684098185,0.0,0.021344717182497332,4
938.0,3170,4261,3,8,1091,140,136,19,0,1,0.0031982942430703624,0.008528784648187633,0.14925373134328357,0.14498933901918976,0.0,0.021321961620469083,4
939.0,3173,4269,3,8,1096,140,136,19,0,1,0.003194888178913738,0.008519701810436636,0.14909478168264112,0.1448349307774228,0.0,0.021299254526091587,4
940.0,3176,4269,3,8,1093,140,136,19,0,1,0.0031914893617021275,0.00851063829787234,0.14893617021276595,0.14468085106382977,0.0,0.02127659574468085,4
941.0,3179,4269,3,8,1090,140,136,19,0,1,0.003188097768331562,0.008501594048884165,0.1487778958554729,0.14452709883103082,0.0,0.021253985122210415,4
942.0,3182,4269,3,8,1087,140,136,19,0,1,0.0031847133757961785,0.008492569002123142,0.14861995753715498,0.14437367303609341,0.0,0.021231422505307854,4
943.0,3185,4269,3,8,1084,140,136,19,0,1,0.003181336161187699,0.008483563096500531,0.14846235418875928,0.14422057264050903,0.0,0.021208907741251327,4
944.0,3188,4269,3,8,1081,140,136,19,0,1,0.0031779661016949155,0.00847457627118644,0.1483050847457627,0.1440677966101695,0.0,0.0211864406779661,4
945.0,3191,4269,3,8,1078,140,136,19,0,1,0.0031746031746031746,0.008465608465608466,0.14814814814814814,0.1439153439153439,0.0,0.021164021164021163,4
946.0,3194,4269,3,8,1075,140,136,19,0,1,0.003171247357293869,0.008456659619450317,0.14799154334038056,0.14376321353065538,0.0,0.021141649048625793,4
947.0,3197,4269,3,8,1072,140,136,19,0,1,0.0031678986272439284,0.008447729672650475,0.14783526927138332,0.14361140443505807,0.0,0.021119324181626188,4
948.0,3200,4269,3,8,1069,140,136,19,0,1,0.0031645569620253164,0.008438818565400843,0.14767932489451477,0.14345991561181434,0.0,0.02109704641350211,4
949.0,3203,4269,3,8,1066,140,136,19,0,1,0.003161222339304531,0.008429926238145416,0.1475237091675448,0.14330874604847207,0.0,0.02107481559536354,4
950.0,3206,4269,3,8,1063,140,136,19,0,1,0.003157894736842105,0.008421052631578947,0.14736842105263157,0.1431578947368421,0.0,0.021052631578947368,4
951.0,3209,4269,3,8,1060,141,136,19,0,1,0.0031545741324921135,0.008412197686645636,0.14826498422712933,0.14300736067297581,0.0,0.02103049421661409,4
952.0,3212,4277,3,8,1065,141,137,19,0,1,0.0031512605042016808,0.008403361344537815,0.148109243697479,0.14390756302521007,0.0,0.02100840336134454,4
953.0,3215,4280,3,8,1065,141,138,19,0,1,0.0031479538300104933,0.008394543546694649,0.14795383001049317,0.14480587618048268,0.0,0.02098635886673662,4
954.0,3218,4283,3,8,1065,141,138,19,0,1,0.0031446540880503146,0.008385744234800839,0.14779874213836477,0.14465408805031446,0.0,0.020964360587002098,4
955.0,3221,4283,3,8,1062,141,138,19,0,1,0.0031413612565445027,0.008376963350785341,0.14764397905759163,0.14450261780104712,0.0,0.020942408376963352,4
956.0,3224,4283,3,8,1059,141,138,19,0,1,0.0031380753138075313,0.008368200836820083,0.14748953974895398,0.14435146443514643,0.0,0.02092050209205021,4
957.0,3227,4283,3,8,1056,141,138,19,0,1,0.003134796238244514,0.008359456635318705,0.14733542319749215,0.14420062695924765,0.0,0.02089864158829676,4
958.0,3230,4283,3,8,1053,141,138,19,0,1,0.003131524008350731,0.008350730688935281,0.14718162839248433,0.1440501043841336,0.0,0.020876826722338204,4
959.0,3233,4283,3,8,1050,141,138,19,0,1,0.0031282586027111575,0.008342022940563087,0.1470281543274244,0.14389989572471323,0.0,0.020855057351407715,4
960.0,3236,4283,3,8,1047,141,138,19,0,1,0.003125,0.008333333333333333,0.146875,0.14375,0.0,0.020833333333333332,4
961.0,3239,4283,3,8,1044,141,138,19,0,1,0.003121748178980229,0.008324661810613945,0.14672216441207075,0.14360041623309053,0.0,0.02081165452653486,4
962.0,3242,4283,3,8,1041,141,138,19,0,1,0.0031185031185031187,0.008316008316008316,0.14656964656964658,0.14345114345114346,0.0,0.02079002079002079,4
963.0,3245,4283,3,8,1038,141,138,19,0,1,0.003115264797507788,0.008307372793354102,0.14641744548286603,0.14330218068535824,0.0,0.020768431983385256,4
964.0,3248,4283,3,8,1035,141,138,19,0,1,0.0031120331950207467,0.008298755186721992,0.1462655601659751,0.14315352697095435,0.0,0.02074688796680498,4
965.0,3251,4283,3,8,1032,141,138,19,0,1,0.0031088082901554403,0.008290155440414507,0.1461139896373057,0.14300518134715026,0.0,0.02072538860103627,4
966.0,3254,4283,3,8,1029,141,139,19,0,1,0.003105590062111801,0.008281573498964804,0.14596273291925466,0.14389233954451347,0.0,0.020703933747412008,4
967.0,3257,4286,3,8,1029,141,139,20,0,1,0.0031023784901758012,0.008273009307135471,0.14581178903826267,0.1437435367114788,0.0,0.02171664943123061,4
968.0,3260,4288,3,8,1028,141,139,20,0,1,0.0030991735537190084,0.008264462809917356,0.14566115702479338,0.14359504132231404,0.0,0.02169421487603306,4
969.0,3263,4288,3,8,1025,141,139,20,0,1,0.0030959752321981426,0.008255933952528379,0.14551083591331268,0.1434468524251806,0.0,0.021671826625386997,4
970.0,3265,4288,3,9,1023,141,139,20,0,1,0.003092783505154639,0.009278350515463918,0.14536082474226805,0.14329896907216494,0.0,0.021649484536082474,4
971.0,3310,4582,3,9,1272,141,139,21,0,1,0.003089598352214212,0.009268795056642637,0.14521112255406798,0.1431513903192585,0.0,0.02265705458290422,4
972.0,3313,4584,3,9,1271,141,139,21,0,1,0.0030864197530864196,0.009259259259259259,0.14506172839506173,0.14300411522633744,0.0,0.02263374485596708,4
973.0,3316,4584,3,9,1268,141,139,21,0,1,0.003083247687564234,0.009249743062692703,0.144912641315519,0.14285714285714285,0.0,0.022610483042137718,4
974.0,3319,4584,3,9,1265,142,139,21,0,1,0.003080082135523614,0.009240246406570842,0.1457905544147844,0.14271047227926079,0.0,0.022587268993839837,4
975.0,3322,4592,3,9,1270,142,139,21,0,1,0.003076923076923077,0.009230769230769232,0.14564102564102563,0.14256410256410257,0.0,0.022564102564102566,4
976.0,3325,4592,3,9,1267,142,139,21,0,1,0.0030737704918032786,0.009221311475409836,0.14549180327868852,0.14241803278688525,0.0,0.022540983606557378,4
977.0,3328,4592,3,9,1264,143,139,21,0,1,0.0030706243602865915,0.009211873080859774,0.14636642784032752,0.14227226202661208,0.0,0.022517911975435005,4
978.0,3331,4600,3,9,1269,143,139,21,0,1,0.003067484662576687,0.009202453987730062,0.14621676891615543,0.14212678936605316,0.0,0.022494887525562373,4
979.0,3334,4600,3,9,1266,144,139,21,0,1,0.0030643513789581204,0.009193054136874362,0.1470888661899898,0.14198161389172625,0.0,0.02247191011235955,4
980.0,3337,4608,3,9,1271,144,139,21,0,1,0.003061224489795918,0.009183673469387756,0.1469387755102041,0.14183673469387756,0.0,0.022448979591836733,4
981.0,3340,4608,3,9,1268,144,139,21,0,1,0.0030581039755351682,0.009174311926605505,0.14678899082568808,0.14169215086646278,0.0,0.022426095820591234,4
982.0,3343,4608,3,9,1265,144,140,21,0,1,0.003054989816700611,0.009164969450101833,0.14663951120162932,0.1425661914460285,0.0,0.02240325865580448,4
983.0,3346,4611,3,9,1265,144,140,21,0,1,0.003051881993896236,0.009155645981688708,0.14649033570701933,0.14242115971515767,0.0,0.022380467955239063,4
984.0,3349,4611,3,9,1262,145,140,21,0,1,0.003048780487804878,0.009146341463414634,0.14735772357723578,0.14227642276422764,0.0,0.022357723577235773,4
985.0,3352,4619,3,9,1267,146,140,21,0,1,0.003045685279187817,0.009137055837563452,0.14822335025380712,0.14213197969543148,0.0,0.02233502538071066,4
986.0,3355,4627,3,9,1272,146,140,21,0,1,0.0030425963488843813,0.009127789046653144,0.14807302231237324,0.14198782961460446,0.0,0.02231237322515213,4
987.0,3358,4627,3,9,1269,146,141,21,0,1,0.00303951367781155,0.00911854103343465,0.14792299898682879,0.14285714285714285,0.0,0.022289766970618033,4
988.0,3361,4630,3,9,1269,146,142,21,0,1,0.003036437246963563,0.009109311740890687,0.14777327935222673,0.1437246963562753,0.0,0.022267206477732792,4
989.0,3364,4633,3,9,1269,146,142,21,0,1,0.003033367037411527,0.00910010111223458,0.14762386248736098,0.1435793731041456,0.0,0.022244691607684528,4
990.0,3367,4633,3,9,1266,146,142,21,0,1,0.0030303030303030303,0.00909090909090909,0.14747474747474748,0.14343434343434344,0.0,0.022222222222222223,4
991.0,3370,4633,3,9,1263,146,142,21,0,1,0.0030272452068617556,0.009081735620585268,0.14732593340060546,0.1432896064581231,0.0,0.022199798183652877,4
992.0,3373,4633,3,9,1260,146,143,21,0,1,0.0030241935483870967,0.009072580645161291,0.14717741935483872,0.14415322580645162,0.0,0.02217741935483871,4
993.0,3376,4636,3,9,1260,147,143,21,0,1,0.0030211480362537764,0.00906344410876133,0.14803625377643503,0.14400805639476336,0.0,0.022155085599194362,4
994.0,3379,4644,3,9,1265,147,143,21,0,1,0.0030181086519114686,0.009054325955734407,0.14788732394366197,0.14386317907444668,0.0,0.022132796780684104,4
995.0,3382,4644,3,9,1262,148,143,21,0,1,0.003015075376884422,0.009045226130653266,0.1487437185929648,0.14371859296482412,0.0,0.022110552763819097,4
996.0,3385,4652,3,9,1267,148,143,21,0,1,0.0030120481927710845,0.009036144578313253,0.14859437751004015,0.14357429718875503,0.0,0.02208835341365462,4
997.0,3388,4652,3,9,1264,149,143,21,0,1,0.003009027081243731,0.009027081243731194,0.14944834503510532,0.14343029087261785,0.0,0.022066198595787363,4
998.0,3391,4660,3,9,1269,150,143,21,0,1,0.003006012024048096,0.009018036072144289,0.15030060120240482,0.1432865731462926,0.0,0.022044088176352707,4
999.0,3394,4668,3,9,1274,150,143,21,0,1,0.003003003003003003,0.009009009009009009,0.15015015015015015,0.14314314314314314,0.0,0.022022022022022022,4
1000.0,3397,4668,3,9,1271,150,143,21,0,1,0.003,0.009,0.15,0.143,0.0,0.022,4
1001.0,3400,4668,3,9,1268,150,144,21,0,1,0.002997002997002997,0.008991008991008992,0.14985014985014986,0.14385614385614387,0.0,0.02197802197802198,4
1002.0,3403,4671,3,9,1268,150,144,21,0,1,0.0029940119760479044,0.008982035928143712,0.1497005988023952,0.1437125748502994,0.0,0.021956087824351298,4
1003.0,3406,4671,3,9,1265,150,144,21,0,1,0.0029910269192422734,0.00897308075772682,0.14955134596211367,0.14356929212362912,0.0,0.02193419740777667,4
1004.0,3409,4671,3,9,1262,150,145,21,0,1,0.00298804780876494,0.008964143426294821,0.14940239043824702,0.14442231075697212,0.0,0.021912350597609563,4
1005.0,3412,4674,3,9,1262,150,145,21,0,1,0.0029850746268656717,0.008955223880597015,0.14925373134328357,0.14427860696517414,0.0,0.021890547263681594,4
1006.0,3415,4674,3,9,1259,150,145,21,0,1,0.002982107355864811,0.008946322067594433,0.14910536779324055,0.1441351888667992,0.0,0.02186878727634195,4
1007.0,3418,4674,3,9,1256,150,145,21,0,1,0.0029791459781529296,0.00893743793445879,0.14895729890764647,0.14399205561072492,0.0,0.021847070506454815,4
1008.0,3421,4674,3,9,1253,150,146,21,0,1,0.002976190476190476,0.008928571428571428,0.1488095238095238,0.14484126984126985,0.0,0.021825396825396824,4
1009.0,3424,4677,3,9,1253,150,146,21,0,1,0.002973240832507433,0.008919722497522299,0.14866204162537167,0.14469772051536176,0.0,0.02180376610505451,4
1010.0,3427,4677,3,9,1250,150,146,21,0,1,0.0029702970297029703,0.00891089108910891,0.1485148514851485,0.14455445544554454,0.0,0.02178217821782178,4
1011.0,3430,4677,3,9,1247,150,146,21,0,1,0.002967359050445104,0.008902077151335312,0.14836795252225518,0.1444114737883284,0.0,0.021760633036597428,4
1012.0,3433,4677,3,9,1244,150,146,21,0,1,0.0029644268774703555,0.008893280632411068,0.1482213438735178,0.1442687747035573,0.0,0.021739130434782608,4
1013.0,3436,4677,3,9,1241,150,146,21,0,1,0.0029615004935834156,0.008884501480750246,0.14807502467917077,0.1441263573543929,0.0,0.02171767028627838,4
1014.0,3439,4677,3,9,1238,150,146,21,0,1,0.0029585798816568047,0.008875739644970414,0.14792899408284024,0.14398422090729784,0.0,0.021696252465483234,4
1015.0,3440,4677,3,10,1237,150,146,21,0,1,0.002955665024630542,0.009852216748768473,0.1477832512315271,0.1438423645320197,0.0,0.02167487684729064,4
1016.0,3485,4971,3,10,1486,151,146,21,0,1,0.002952755905511811,0.00984251968503937,0.1486220472440945,0.1437007874015748,0.0,0.021653543307086614,4
1017.0,3488,4979,3,10,1491,151,146,21,0,1,0.0029498525073746312,0.00983284169124877,0.14847590953785644,0.14355948869223206,0.0,0.021632251720747297,4
1018.0,3491,4979,3,10,1488,151,146,21,0,1,0.0029469548133595285,0.009823182711198428,0.14833005893909626,0.14341846758349705,0.0,0.021611001964636542,4
1019.0,3494,4979,3,10,1485,151,146,21,0,1,0.002944062806673209,0.009813542688910697,0.1481844946025515,0.14327772325809618,0.0,0.021589793915603533,4
1020.0,3497,4979,3,10,1482,151,146,21,0,1,0.0029411764705882353,0.00980392156862745,0.1480392156862745,0.14313725490196078,0.0,0.021568627450980392,4
1021.0,3500,4979,3,10,1479,151,146,21,0,1,0.002938295788442703,0.009794319294809012,0.14789422135161606,0.14299706170421156,0.0,0.021547502448579822,4
1022.0,3503,4979,3,10,1476,151,147,21,0,1,0.0029354207436399216,0.009784735812133072,0.14774951076320939,0.14383561643835616,0.0,0.021526418786692758,4
1023.0,3506,4982,3,10,1476,151,147,21,0,1,0.002932551319648094,0.009775171065493646,0.14760508308895406,0.1436950146627566,0.0,0.021505376344086023,4
1024.0,3509,4982,3,10,1473,151,147,21,0,1,0.0029296875,0.009765625,0.1474609375,0.1435546875,0.0,0.021484375,4
1025.0,3512,4982,3,10,1470,152,147,21,0,1,0.002926829268292683,0.00975609756097561,0.14829268292682926,0.14341463414634145,0.0,0.021463414634146343,4
1026.0,3515,4990,3,10,1475,152,147,21,0,1,0.0029239766081871343,0.009746588693957114,0.14814814814814814,0.14327485380116958,0.0,0.021442495126705652,4
1027.0,3518,4990,3,10,1472,152,147,21,0,1,0.0029211295034079843,0.009737098344693282,0.14800389483933787,0.14313534566699124,0.0,0.021421616358325218,4
1028.0,3521,4990,3,10,1469,152,148,21,0,1,0.0029182879377431907,0.009727626459143969,0.14785992217898833,0.14396887159533073,0.0,0.021400778210116732,4
1029.0,3524,4993,3,10,1469,152,148,21,0,1,0.0029154518950437317,0.009718172983479106,0.1477162293488824,0.14382896015549076,0.0,0.021379980563654033,4
1030.0,3527,4993,3,10,1466,152,148,21,0,1,0.002912621359223301,0.009708737864077669,0.14757281553398058,0.1436893203883495,0.0,0.021359223300970873,4
1031.0,3530,4993,3,10,1463,152,148,21,0,1,0.002909796314258002,0.009699321047526674,0.14742967992240544,0.14354995150339475,0.0,0.02133850630455868,4
1032.0,3533,4993,3,10,1460,152,148,21,0,1,0.0029069767441860465,0.009689922480620155,0.14728682170542637,0.1434108527131783,0.0,0.02131782945736434,4
1033.0,3536,4993,3,10,1457,152,149,21,0,1,0.002904162633107454,0.00968054211035818,0.14714424007744434,0.1442400774443369,0.0,0.021297192642787996,4
1034.0,3539,4996,3,10,1457,152,149,21,0,1,0.0029013539651837525,0.009671179883945842,0.1470019342359768,0.14410058027079303,0.0,0.02127659574468085,4
1035.0,3542,4996,3,10,1454,152,149,21,0,1,0.002898550724637681,0.00966183574879227,0.1468599033816425,0.14396135265700483,0.0,0.021256038647342997,4
1036.0,3545,4996,3,10,1451,152,150,21,0,1,0.0028957528957528956,0.009652509652509652,0.14671814671814673,0.14478764478764478,0.0,0.021235521235521235,4
1037.0,3548,4999,3,10,1451,152,150,21,0,1,0.0028929604628736743,0.009643201542912247,0.14657666345226616,0.1446480231436837,0.0,0.021215043394406944,4
1038.0,3551,4999,3,10,1448,152,150,21,0,1,0.002890173410404624,0.009633911368015413,0.1464354527938343,0.14450867052023122,0.0,0.02119460500963391,4
1039.0,3554,4999,3,10,1445,152,150,21,0,1,0.0028873917228103944,0.009624639076034648,0.14629451395572665,0.14436958614051973,0.0,0.021174205967276226,4
1040.0,3557,4999,3,10,1442,152,150,21,0,1,0.0028846153846153848,0.009615384615384616,0.14615384615384616,0.14423076923076922,0.0,0.021153846153846155,4
1041.0,3558,4999,3,11,1441,152,150,21,0,1,0.002881844380403458,0.010566762728146013,0.14601344860710855,0.1440922190201729,0.0,0.021133525456292025,4
1042.0,3603,5293,3,11,1690,153,150,21,0,1,0.0028790786948176585,0.01055662188099808,0.14683301343570057,0.14395393474088292,0.0,0.02111324376199616,4
1043.0,3606,5301,3,11,1695,153,150,21,0,1,0.0028763183125599234,0.010546500479386385,0.14669223394055608,0.14381591562799617,0.0,0.02109300095877277,4
1044.0,3609,5301,3,11,1692,153,150,21,0,1,0.0028735632183908046,0.01053639846743295,0.14655172413793102,0.14367816091954022,0.0,0.0210727969348659,4
1045.0,3612,5301,3,11,1689,153,150,21,0,1,0.0028708133971291866,0.010526315789473684,0.14641148325358852,0.14354066985645933,0.0,0.021052631578947368,4
1046.0,3615,5301,3,11,1686,153,150,21,0,1,0.0028680688336520078,0.010516252390057362,0.1462715105162524,0.14340344168260039,0.0,0.021032504780114723,4
1047.0,3618,5301,3,11,1683,154,150,21,0,1,0.0028653295128939827,0.010506208213944603,0.14708691499522444,0.14326647564469913,0.0,0.021012416427889206,4
1048.0,3621,5309,3,11,1688,155,150,21,0,1,0.0028625954198473282,0.01049618320610687,0.14790076335877864,0.1431297709923664,0.0,0.02099236641221374,4
1049.0,3624,5317,3,11,1693,155,150,21,0,1,0.002859866539561487,0.010486177311725452,0.14775977121067682,0.14299332697807435,0.0,0.020972354623450904,4
1050.0,3627,5317,3,11,1690,155,151,21,0,1,0.002857142857142857,0.010476190476190476,0.14761904761904762,0.1438095238095238,0.0,0.02095238095238095,4
1051.0,3630,5320,3,11,1690,155,151,21,0,1,0.0028544243577545195,0.010466222645099905,0.14747859181731685,0.14367269267364416,0.0,0.02093244529019981,4
1052.0,3633,5320,3,11,1687,156,151,21,0,1,0.0028517110266159697,0.010456273764258554,0.1482889733840304,0.1435361216730038,0.0,0.02091254752851711,4
1053.0,3636,5328,3,11,1692,156,151,21,0,1,0.002849002849002849,0.010446343779677113,0.14814814814814814,0.14339981006647673,0.0,0.020892687559354226,4
1054.0,3639,5328,3,11,1689,156,151,21,0,1,0.0028462998102466793,0.010436432637571158,0.14800759013282733,0.1432637571157495,0.0,0.020872865275142316,4
1055.0,3642,5328,3,11,1686,157,151,21,0,1,0.002843601895734597,0.01042654028436019,0.14881516587677726,0.14312796208530806,0.0,0.02085308056872038,4
1056.0,3645,5336,3,11,1691,157,151,21,0,1,0.002840909090909091,0.010416666666666666,0.14867424242424243,0.14299242424242425,0.0,0.020833333333333332,4
1057.0,3648,5336,3,11,1688,158,151,21,0,1,0.002838221381267739,0.010406811731315043,0.14947965941343425,0.14285714285714285,0.0,0.020813623462630087,4
1058.0,3651,5344,3,11,1693,159,151,21,0,1,0.002835538752362949,0.010396975425330813,0.1502835538752363,0.14272211720226843,0.0,0.020793950850661626,4
1059.0,3654,5352,3,11,1698,159,151,21,0,1,0.0028328611898017,0.010387157695939566,0.1501416430594901,0.14258734655335223,0.0,0.02077431539187913,4
1060.0,3657,5352,3,11,1695,159,151,21,0,1,0.002830188679245283,0.010377358490566037,0.15,0.14245283018867924,0.0,0.020754716981132074,4
1061.0,3660,5352,3,11,1692,160,151,21,0,1,0.002827521206409048,0.010367577756833177,0.15080113100848255,0.1423185673892554,0.0,0.020735155513666354,4
1062.0,3663,5360,3,11,1697,161,151,21,0,1,0.002824858757062147,0.010357815442561206,0.15160075329566855,0.14218455743879474,0.0,0.02071563088512241,4
1063.0,3666,5368,3,11,1702,161,151,21,0,1,0.0028222013170272815,0.010348071495766699,0.15145813734713076,0.14205079962370648,0.0,0.020696142991533398,4
1064.0,3669,5368,3,11,1699,162,151,21,0,1,0.002819548872180451,0.010338345864661654,0.15225563909774437,0.14191729323308272,0.0,0.020676691729323307,4
1065.0,3672,5376,3,11,1704,162,151,21,0,1,0.0028169014084507044,0.010328638497652582,0.15211267605633802,0.14178403755868543,0.0,0.020657276995305163,4
1066.0,3675,5376,3,11,1701,162,151,21,0,1,0.0028142589118198874,0.010318949343339587,0.15196998123827393,0.14165103189493433,0.0,0.020637898686679174,4
1067.0,3678,5376,3,11,1698,162,151,21,0,1,0.0028116213683223993,0.010309278350515464,0.15182755388940955,0.1415182755388941,0.0,0.020618556701030927,4
1068.0,3681,5376,3,11,1695,162,151,21,0,1,0.0028089887640449437,0.010299625468164793,0.15168539325842698,0.14138576779026218,0.0,0.020599250936329586,4
1069.0,3684,5376,3,11,1692,162,151,21,0,1,0.002806361085126286,0.01028999064546305,0.15154349859681945,0.1412535079513564,0.0,0.0205799812909261,4
1070.0,3687,5376,3,11,1689,163,151,21,0,1,0.002803738317757009,0.010280373831775701,0.15233644859813084,0.1411214953271028,0.0,0.020560747663551402,4
1071.0,3690,5384,3,11,1694,163,152,21,0,1,0.0028011204481792717,0.01027077497665733,0.15219421101774042,0.1419234360410831,0.0,0.02054154995331466,4
1072.0,3693,5387,3,11,1694,163,153,21,0,1,0.002798507462686567,0.010261194029850746,0.15205223880597016,0.14272388059701493,0.0,0.020522388059701493,4
1073.0,3696,5390,3,11,1694,163,154,21,0,1,0.0027958993476234857,0.010251630941286114,0.15191053122087605,0.1435228331780056,0.0,0.02050326188257223,4
1074.0,3699,5393,3,11,1694,164,154,21,0,1,0.002793296089385475,0.010242085661080074,0.1527001862197393,0.14338919925512103,0.0,0.020484171322160148,4
1075.0,3702,5401,3,11,1699,164,154,21,0,1,0.0027906976744186047,0.010232558139534883,0.15255813953488373,0.14325581395348838,0.0,0.020465116279069766,4
1076.0,3705,5401,3,11,1696,164,155,21,0,1,0.0027881040892193307,0.010223048327137546,0.1524163568773234,0.14405204460966542,0.0,0.020446096654275093,4
1077.0,3708,5404,3,11,1696,164,155,21,0,1,0.002785515320334262,0.01021355617455896,0.1522748375116063,0.14391829155060354,0.0,0.02042711234911792,4
1078.0,3711,5404,3,11,1693,164,155,21,0,1,0.0027829313543599257,0.01020408163265306,0.15213358070500926,0.1437847866419295,0.0,0.02040816326530612,4
1079.0,3714,5404,3,11,1690,164,155,21,0,1,0.0027803521779425394,0.010194624652455977,0.1519925857275255,0.14365152919369786,0.0,0.020389249304911955,4
1080.0,3717,5404,3,11,1687,164,155,22,0,1,0.002777777777777778,0.010185185185185186,0.15185185185185185,0.14351851851851852,0.0,0.021296296296296296,4
1081.0,3720,5406,3,11,1686,164,155,22,0,1,0.0027752081406105457,0.010175763182238668,0.1517113783533765,0.14338575393154487,0.0,0.02127659574468085,4
1082.0,3723,5406,3,11,1683,164,155,22,0,1,0.0027726432532347504,0.010166358595194085,0.15157116451016636,0.14325323475046212,0.0,0.021256931608133085,4
1083.0,3726,5406,3,11,1680,164,155,22,0,1,0.002770083102493075,0.010156971375807941,0.15143120960295475,0.14312096029547552,0.0,0.02123730378578024,4
1084.0,3729,5406,3,11,1677,164,155,22,0,1,0.0027675276752767526,0.01014760147601476,0.15129151291512916,0.1429889298892989,0.0,0.021217712177121772,4
1085.0,3732,5406,3,11,1674,165,155,22,0,1,0.0027649769585253456,0.010138248847926268,0.15207373271889402,0.14285714285714285,0.0,0.02119815668202765,4
1086.0,3735,5414,3,11,1679,165,155,22,0,1,0.0027624309392265192,0.010128913443830571,0.15193370165745856,0.1427255985267035,0.0,0.02117863720073665,4
1087.0,3738,5414,3,11,1676,165,155,22,0,1,0.0027598896044158236,0.010119595216191352,0.15179392824287027,0.14259429622815087,0.0,0.021159153633854646,4
1088.0,3741,5414,3,11,1673,165,155,22,0,1,0.0027573529411764708,0.01011029411764706,0.15165441176470587,0.14246323529411764,0.0,0.021139705882352942,4
1089.0,3744,5414,3,11,1670,165,156,22,0,1,0.0027548209366391185,0.010101010101010102,0.15151515151515152,0.14325068870523416,0.0,0.021120293847566574,4
1090.0,3747,5417,3,11,1670,165,156,22,0,1,0.0027522935779816515,0.010091743119266056,0.15137614678899083,0.14311926605504588,0.0,0.02110091743119266,4
1091.0,3750,5417,3,11,1667,166,156,22,0,1,0.002749770852428964,0.01008249312557287,0.152153987167736,0.14298808432630614,0.0,0.021081576535288724,4
1092.0,3753,5425,3,11,1672,166,156,22,0,1,0.0027472527472527475,0.010073260073260074,0.152014652014652,0.14285714285714285,0.0,0.021062271062271064,4
1093.0,3756,5425,3,11,1669,167,156,22,0,1,0.0027447392497712718,0.010064043915827997,0.15279048490393413,0.14272644098810613,0.0,0.021043000914913082,4
1094.0,3759,5433,3,11,1674,167,156,22,0,1,0.002742230347349177,0.010054844606946984,0.1526508226691042,0.1425959780621572,0.0,0.02102376599634369,4
1095.0,3762,5433,3,11,1671,167,156,23,0,1,0.0027397260273972603,0.01004566210045662,0.15251141552511416,0.14246575342465753,0.0,0.021917808219178082,4
1096.0,3765,5435,3,11,1670,168,156,23,0,1,0.002737226277372263,0.010036496350364963,0.15328467153284672,0.14233576642335766,0.0,0.021897810218978103,4
1097.0,3768,5443,3,11,1675,168,156,23,0,1,0.0027347310847766638,0.010027347310847767,0.15314494074749316,0.1422060164083865,0.0,0.02187784867821331,4
1098.0,3771,5443,3,11,1672,168,156,23,0,1,0.00273224043715847,0.010018214936247723,0.15300546448087432,0.14207650273224043,0.0,0.02185792349726776,4
1099.0,3774,5443,3,11,1669,168,156,23,0,1,0.00272975432211101,0.010009099181073703,0.15286624203821655,0.14194722474977253,0.0,0.02183803457688808,4
1100.0,3777,5443,3,11,1666,168,156,23,0,1,0.0027272727272727275,0.01,0.15272727272727274,0.14181818181818182,0.0,0.02181818181818182,4
1101.0,3780,5443,3,11,1663,168,156,23,0,1,0.0027247956403269754,0.009990917347865577,0.15258855585831063,0.14168937329700274,0.0,0.021798365122615803,4
1102.0,3783,5443,3,11,1660,169,156,23,0,1,0.0027223230490018148,0.009981851179673321,0.15335753176043557,0.14156079854809436,0.0,0.021778584392014518,4
1103.0,3786,5451,3,11,1665,170,156,23,0,1,0.0027198549410698096,0.009972801450589302,0.1541251133272892,0.1414324569356301,0.0,0.021758839528558477,4
1104.0,3789,5459,3,11,1670,170,156,23,0,1,0.002717391304347826,0.009963768115942028,0.1539855072463768,0.14130434782608695,0.0,0.021739130434782608,4
1105.0,3792,5459,3,11,1667,170,156,23,0,1,0.0027149321266968325,0.009954751131221719,0.15384615384615385,0.1411764705882353,0.0,0.02171945701357466,4
1106.0,3795,5459,3,11,1664,170,156,23,0,1,0.0027124773960217,0.009945750452079566,0.15370705244122965,0.1410488245931284,0.0,0.0216998191681736,4
1107.0,3798,5459,3,11,1661,170,156,23,0,1,0.0027100271002710027,0.00993676603432701,0.15356820234869015,0.14092140921409213,0.0,0.02168021680216802,4
1108.0,3801,5459,3,11,1658,170,156,23,0,1,0.002707581227436823,0.009927797833935019,0.15342960288808663,0.1407942238267148,0.0,0.021660649819494584,4
1109.0,3804,5459,3,11,1655,170,156,23,0,1,0.002705139765554554,0.009918845807033363,0.1532912533814247,0.1406672678088368,0.0,0.02164111812443643,4
1110.0,3807,5459,3,11,1652,171,156,23,0,1,0.002702702702702703,0.00990990990990991,0.15405405405405406,0.14054054054054055,0.0,0.021621621621621623,4
1111.0,3810,5467,3,11,1657,172,156,23,0,1,0.0027002700270027003,0.009900990099009901,0.1548154815481548,0.1404140414041404,0.0,0.021602160216021602,4
1112.0,3813,5475,3,11,1662,173,156,23,0,1,0.002697841726618705,0.009892086330935251,0.15557553956834533,0.14028776978417265,0.0,0.02158273381294964,4
1113.0,3816,5483,3,11,1667,173,156,23,0,1,0.0026954177897574125,0.009883198562443846,0.1554357592093441,0.14016172506738545,0.0,0.0215633423180593,4
1114.0,3819,5483,3,11,1664,173,157,23,0,1,0.0026929982046678637,0.009874326750448833,0.15529622980251345,0.14093357271095153,0.0,0.02154398563734291,4
1115.0,3822,5486,3,11,1664,173,158,23,0,1,0.0026905829596412557,0.009865470852017937,0.15515695067264573,0.14170403587443947,0.0,0.021524663677130046,4
1116.0,3825,5489,3,11,1664,173,158,23,0,1,0.002688172043010753,0.00985663082437276,0.1550179211469534,0.14157706093189965,0.0,0.021505376344086023,4
1117.0,3828,5489,3,11,1661,173,159,23,0,1,0.0026857654431512983,0.009847806624888093,0.1548791405550582,0.1423455684870188,0.0,0.021486123545210387,4
1118.0,3831,5492,3,11,1661,173,159,23,0,1,0.0026833631484794273,0.009838998211091235,0.1547406082289803,0.14221824686940965,0.0,0.02146690518783542,4
1119.0,3834,5492,3,11,1658,173,159,23,0,1,0.002680965147453083,0.009830205540661306,0.1546023235031278,0.14209115281501342,0.0,0.021447721179624665,4
1120.0,3837,5492,3,11,1655,173,159,23,0,1,0.0026785714285714286,0.009821428571428571,0.15446428571428572,0.1419642857142857,0.0,0.02142857142857143,4
1121.0,3840,5492,3,11,1652,173,159,23,0,1,0.0026761819803746653,0.009812667261373774,0.1543264942016057,0.14183764495985726,0.0,0.021409455842997322,4
1122.0,3843,5492,3,11,1649,174,159,23,0,1,0.00267379679144385,0.00980392156862745,0.15508021390374332,0.14171122994652408,0.0,0.0213903743315508,4
1123.0,3846,5500,3,11,1654,174,159,23,0,1,0.0026714158504007124,0.009795191451469279,0.1549421193232413,0.14158504007123776,0.0,0.0213713268032057,4
1124.0,3849,5500,3,11,1651,174,159,23,0,1,0.0026690391459074734,0.009786476868327402,0.15480427046263345,0.14145907473309607,0.0,0.021352313167259787,4
1125.0,3852,5500,3,11,1648,174,159,23,0,1,0.0026666666666666666,0.009777777777777778,0.15466666666666667,0.14133333333333334,0.0,0.021333333333333333,4
1126.0,3855,5500,3,11,1645,175,159,23,0,1,0.0026642984014209592,0.009769094138543518,0.15541740674955595,0.14120781527531084,0.0,0.021314387211367674,4
1127.0,3858,5508,3,11,1650,175,159,24,0,1,0.0026619343389529724,0.009760425909494233,0.15527950310559005,0.14108251996450755,0.0,0.022182786157941437,4
1128.0,3861,5510,3,11,1649,175,159,24,0,1,0.0026595744680851063,0.00975177304964539,0.1551418439716312,0.14095744680851063,0.0,0.022163120567375887,4
1129.0,3864,5510,3,11,1646,175,159,24,0,1,0.002657218777679362,0.00974313551815766,0.1550044286979628,0.1408325952170062,0.0,0.022143489813994686,4
1130.0,3867,5510,3,11,1643,175,160,24,0,1,0.002654867256637168,0.009734513274336283,0.15486725663716813,0.1415929203539823,0.0,0.022123893805309734,4
1131.0,3870,5513,3,11,1643,175,160,24,0,1,0.002652519893899204,0.009725906277630416,0.15473032714412024,0.14146772767462423,0.0,0.022104332449160036,4
1132.0,3873,5513,3,11,1640,175,161,24,0,1,0.00265017667844523,0.009717314487632508,0.15459363957597172,0.142226148409894,0.0,0.022084805653710248,4
1133.0,3876,5516,3,11,1640,175,161,24,0,1,0.00264783759929391,0.009708737864077669,0.15445719329214475,0.14210061782877317,0.0,0.02206531332744925,4
1134.0,3879,5516,3,11,1637,175,161,24,0,1,0.0026455026455026454,0.009700176366843033,0.15432098765432098,0.1419753086419753,0.0,0.02204585537918871,4
1135.0,3882,5516,3,11,1634,176,161,24,0,1,0.0026431718061674008,0.009691629955947136,0.15506607929515417,0.14185022026431718,0.0,0.022026431718061675,4
1136.0,3885,5524,3,11,1639,176,161,24,0,1,0.002640845070422535,0.009683098591549295,0.15492957746478872,0.14172535211267606,0.0,0.022007042253521125,4
1137.0,3888,5524,3,11,1636,177,161,24,0,1,0.002638522427440633,0.009674582233948988,0.15567282321899736,0.14160070360598065,0.0,0.02198768689533861,4
1138.0,3891,5532,3,11,1641,177,161,24,0,1,0.0026362038664323375,0.009666080843585237,0.1555360281195079,0.14147627416520211,0.0,0.021968365553602813,4
1139.0,3894,5532,3,11,1638,177,162,24,0,1,0.0026338893766461808,0.009657594381035996,0.15539947322212466,0.14223002633889376,0.0,0.021949078138718173,4
1140.0,3897,5535,3,11,1638,177,162,24,0,1,0.002631578947368421,0.009649122807017544,0.15526315789473685,0.14210526315789473,0.0,0.021929824561403508,4
1141.0,3900,5535,3,11,1635,177,162,24,0,1,0.0026292725679228747,0.009640666082383873,0.1551270815074496,0.14198071866783524,0.0,0.021910604732690624,4
1142.0,3903,5535,3,11,1632,177,163,24,0,1,0.002626970227670753,0.009632224168126095,0.15499124343257442,0.14273204903677758,0.0,0.021891418563922942,4
1143.0,3906,5538,3,11,1632,177,163,24,0,1,0.0026246719160104987,0.009623797025371828,0.15485564304461943,0.1426071741032371,0.0,0.021872265966754154,4
1144.0,3909,5538,3,11,1629,177,164,24,0,1,0.0026223776223776225,0.009615384615384616,0.1547202797202797,0.14335664335664336,0.0,0.021853146853146852,4
1145.0,3912,5541,3,11,1629,177,164,24,0,1,0.0026200873362445414,0.00960698689956332,0.15458515283842794,0.14323144104803492,0.0,0.021834061135371178,4
1146.0,3915,5541,3,11,1626,178,164,24,0,1,0.002617801047120419,0.009598603839441536,0.15532286212914484,0.1431064572425829,0.0,0.02181500872600349,4
1147.0,3918,5549,3,11,1631,178,164,24,0,1,0.0026155187445510027,0.00959023539668701,0.15518744551002617,0.14298169136878813,0.0,0.021795989537925022,4
1148.0,3921,5549,3,11,1628,178,164,24,0,1,0.002613240418118467,0.009581881533101045,0.15505226480836237,0.14285714285714285,0.0,0.02177700348432056,4
1149.0,3924,5549,3,11,1625,178,164,24,0,1,0.0026109660574412533,0.009573542210617928,0.15491731940818101,0.14273281114012185,0.0,0.02175805047867711,4
1150.0,3927,5549,3,11,1622,178,164,24,0,1,0.0026086956521739132,0.009565217391304347,0.15478260869565216,0.1426086956521739,0.0,0.021739130434782608,4
1151.0,3930,5549,3,11,1619,179,164,24,0,1,0.0026064291920069507,0.009556907037358819,0.15551694178974804,0.1424847958297133,0.0,0.021720243266724587,4
1152.0,3933,5557,3,11,1624,179,164,24,0,1,0.0026041666666666665,0.009548611111111112,0.15538194444444445,0.1423611111111111,0.0,0.021701388888888888,4
1153.0,3936,5557,3,11,1621,179,164,24,0,1,0.0026019080659150044,0.009540329575021683,0.1552471812662619,0.1422376409366869,0.0,0.02168256721595837,4
1154.0,3939,5557,3,11,1618,179,164,24,0,1,0.0025996533795493936,0.009532062391681109,0.15511265164644714,0.14211438474870017,0.0,0.021663778162911613,4
1155.0,3942,5557,3,11,1615,179,164,24,0,1,0.0025974025974025974,0.009523809523809525,0.15497835497835497,0.141991341991342,0.0,0.021645021645021644,4
1156.0,3945,5557,3,11,1612,179,164,24,0,1,0.0025951557093425604,0.009515570934256055,0.15484429065743946,0.14186851211072665,0.0,0.02162629757785467,4
1157.0,3948,5557,3,11,1609,179,165,24,0,1,0.0025929127052722557,0.00950734658599827,0.1547104580812446,0.14261019878997408,0.0,0.021607605877268798,4
1158.0,3951,5560,3,11,1609,180,165,24,0,1,0.0025906735751295338,0.009499136442141624,0.15544041450777202,0.14248704663212436,0.0,0.02158894645941278,4
1159.0,3954,5568,3,11,1614,181,165,24,0,1,0.0025884383088869713,0.009490940465918895,0.15616911130284727,0.14236410698878343,0.0,0.021570319240724764,4
1160.0,3957,5576,3,11,1619,181,165,24,0,1,0.002586206896551724,0.009482758620689655,0.1560344827586207,0.14224137931034483,0.0,0.021551724137931036,4
1161.0,3960,5576,3,11,1616,182,165,24,0,1,0.002583979328165375,0.009474590869939707,0.15676141257536608,0.1421188630490956,0.0,0.02153316106804479,4
1162.0,3963,5584,3,11,1621,182,165,24,0,1,0.0025817555938037868,0.00946643717728055,0.1566265060240964,0.14199655765920827,0.0,0.021514629948364887,4
1163.0,3966,5584,3,11,1618,182,165,24,0,1,0.0025795356835769563,0.009458297506448839,0.15649183147033535,0.1418744625967326,0.0,0.021496130696474634,4
1164.0,3969,5584,3,11,1615,182,165,24,0,1,0.002577319587628866,0.009450171821305841,0.1563573883161512,0.14175257731958762,0.0,0.02147766323024055,4
1165.0,3972,5584,3,11,1612,183,165,24,0,1,0.002575107296137339,0.00944206008583691,0.1570815450643777,0.14163090128755365,0.0,0.02145922746781116,4
1166.0,3975,5592,3,11,1617,183,165,24,0,1,0.002572898799313894,0.009433962264150943,0.1569468267581475,0.14150943396226415,0.0,0.02144082332761578,4
1167.0,3978,5592,3,11,1614,183,165,24,0,1,0.002570694087403599,0.009425878320479864,0.15681233933161953,0.14138817480719795,0.0,0.021422450728363324,4
1168.0,3981,5592,3,11,1611,183,165,24,0,1,0.0025684931506849314,0.009417808219178082,0.1566780821917808,0.14126712328767124,0.0,0.021404109589041095,4
1169.0,3984,5592,3,11,1608,183,166,24,0,1,0.0025662959794696323,0.009409751924721984,0.15654405474764757,0.1420017108639863,0.0,0.0213857998289136,4
1170.0,3987,5595,3,11,1608,183,167,24,0,1,0.002564102564102564,0.009401709401709401,0.1564102564102564,0.14273504273504273,0.0,0.021367521367521368,4
1171.0,3990,5598,3,11,1608,184,167,24,0,1,0.0025619128949615714,0.009393680614859094,0.15713065755764305,0.1426131511528608,0.0,0.02134927412467976,4
1172.0,3993,5606,3,11,1613,184,168,24,0,1,0.002559726962457338,0.00938566552901024,0.15699658703071673,0.14334470989761092,0.0,0.021331058020477817,4
1173.0,3996,5609,3,11,1613,184,168,24,0,1,0.0025575447570332483,0.00937766410912191,0.1568627450980392,0.1432225063938619,0.0,0.021312872975277068,4
1174.0,3999,5609,3,11,1610,185,168,24,0,1,0.002555366269165247,0.009369676320272573,0.1575809199318569,0.14310051107325383,0.0,0.02129471890971039,4
1175.0,4002,5617,3,11,1615,185,168,24,0,1,0.002553191489361702,0.009361702127659575,0.1574468085106383,0.14297872340425533,0.0,0.02127659574468085,4
1176.0,4005,5617,3,11,1612,185,168,24,0,1,0.002551020408163265,0.00935374149659864,0.15731292517006804,0.14285714285714285,0.0,0.021258503401360544,4
1177.0,4008,5617,3,11,1609,186,168,24,0,1,0.002548853016142736,0.009345794392523364,0.1580288870008496,0.1427357689039932,0.0,0.021240441801189464,4
1178.0,4011,5625,3,11,1614,186,168,24,0,1,0.0025466893039049238,0.00933786078098472,0.15789473684210525,0.14261460101867574,0.0,0.021222410865874362,4
1179.0,4014,5625,3,11,1611,186,168,24,0,1,0.002544529262086514,0.009329940627650551,0.15776081424936386,0.14249363867684478,0.0,0.021204410517387615,4
1180.0,4017,5625,3,11,1608,186,168,24,0,1,0.002542372881355932,0.009322033898305085,0.1576271186440678,0.1423728813559322,0.0,0.0211864406779661,4
1181.0,4020,5625,3,11,1605,187,168,24,0,1,0.002540220152413209,0.009314140558848433,0.15834038950042337,0.14225232853513972,0.0,0.021168501270110076,4
1182.0,4023,5633,3,11,1610,187,168,24,0,1,0.0025380710659898475,0.009306260575296108,0.15820642978003385,0.14213197969543148,0.0,0.021150592216582064,4
1183.0,4026,5633,3,11,1607,187,168,24,0,1,0.00253592561284869,0.009298393913778529,0.158072696534235,0.14201183431952663,0.0,0.021132713440405747,4
1184.0,4029,5633,3,11,1604,188,168,24,0,1,0.002533783783783784,0.009290540540540541,0.15878378378378377,0.14189189189189189,0.0,0.021114864864864864,4
1185.0,4032,5641,3,11,1609,188,168,24,0,1,0.002531645569620253,0.009282700421940928,0.15864978902953586,0.14177215189873418,0.0,0.02109704641350211,4
1186.0,4035,5641,3,11,1606,188,168,24,0,1,0.002529510961214165,0.00927487352445194,0.15851602023608768,0.14165261382799327,0.0,0.021079258010118045,4
1187.0,4038,5641,3,11,1603,188,169,24,0,1,0.002527379949452401,0.009267059814658803,0.15838247683235046,0.14237573715248525,0.0,0.02106149957877001,4
1188.0,4041,5644,3,11,1603,188,169,24,0,1,0.0025252525252525255,0.009259259259259259,0.15824915824915825,0.14225589225589225,0.0,0.021043771043771045,4
1189.0,4044,5644,3,11,1600,188,169,24,0,1,0.002523128679562658,0.009251471825063078,0.1581160639192599,0.1421362489486964,0.0,0.021026072329688814,4
1190.0,4047,5644,3,11,1597,188,169,24,0,1,0.0025210084033613447,0.009243697478991597,0.15798319327731092,0.14201680672268907,0.0,0.02100840336134454,4
1191.0,4050,5644,3,11,1594,189,169,24,0,1,0.0025188916876574307,0.009235936188077247,0.15869017632241814,0.1418975650713686,0.0,0.020990764063811923,4
1192.0,4053,5652,3,11,1599,190,169,24,0,1,0.0025167785234899327,0.009228187919463088,0.1593959731543624,0.1417785234899329,0.0,0.02097315436241611,4
1193.0,4056,5660,3,11,1604,190,169,24,0,1,0.002514668901927913,0.009220452640402346,0.15926236378876782,0.14165968147527241,0.0,0.020955574182732608,4
1194.0,4059,5660,3,11,1601,191,169,24,0,1,0.002512562814070352,0.009212730318257957,0.15996649916247907,0.14154103852596314,0.0,0.020938023450586266,4
1195.0,4062,5668,3,11,1606,191,169,24,0,1,0.002510460251046025,0.009205020920502092,0.1598326359832636,0.1414225941422594,0.0,0.02092050209205021,4
1196.0,4065,5668,3,11,1603,191,169,24,0,1,0.002508361204013378,0.00919732441471572,0.1596989966555184,0.14130434782608695,0.0,0.020903010033444816,4
1197.0,4068,5668,3,11,1600,191,169,24,0,1,0.002506265664160401,0.009189640768588136,0.1595655806182122,0.14118629908103592,0.0,0.020885547201336674,4
1198.0,4071,5668,3,11,1597,191,169,24,0,1,0.0025041736227045075,0.009181969949916527,0.15943238731218698,0.14106844741235391,0.0,0.020868113522537562,4
1199.0,4074,5668,3,11,1594,191,170,24,0,1,0.0025020850708924102,0.009174311926605505,0.15929941618015012,0.14178482068390325,0.0,0.020850708924103418,4
1200.0,4077,5671,3,11,1594,191,170,24,0,1,0.0025,0.009166666666666667,0.15916666666666668,0.14166666666666666,0.0,0.020833333333333332,4
1201.0,4080,5671,3,11,1591,192,170,24,0,1,0.002497918401332223,0.009159034138218152,0.15986677768526228,0.14154870940882597,0.0,0.020815986677768527,4
1202.0,4083,5679,3,11,1596,192,170,24,0,1,0.0024958402662229617,0.009151414309484194,0.15973377703826955,0.14143094841930118,0.0,0.020798668885191347,4
1203.0,4086,5679,3,11,1593,193,170,24,0,1,0.0024937655860349127,0.00914380714879468,0.16043225270157938,0.14131338320864506,0.0,0.020781379883624274,4
1204.0,4089,5687,3,11,1598,193,170,24,0,1,0.0024916943521594683,0.009136212624584718,0.16029900332225913,0.14119601328903655,0.0,0.020764119601328904,4
1205.0,4092,5687,3,11,1595,193,170,24,0,1,0.0024896265560165973,0.009128630705394191,0.16016597510373445,0.14107883817427386,0.0,0.02074688796680498,4
1206.0,4095,5687,3,11,1592,193,170,24,0,1,0.0024875621890547263,0.00912106135986733,0.16003316749585406,0.14096185737976782,0.0,0.020729684908789386,4
1207.0,4098,5687,3,11,1589,193,170,24,0,1,0.0024855012427506215,0.009113504556752278,0.15990057995028997,0.14084507042253522,0.0,0.020712510356255178,4
1208.0,4101,5687,3,11,1586,194,170,24,0,1,0.0024834437086092716,0.009105960264900662,0.1605960264900662,0.14072847682119205,0.0,0.020695364238410598,4
1209.0,4104,5695,3,11,1591,194,170,24,0,1,0.0024813895781637717,0.009098428453267164,0.16046319272125723,0.14061207609594706,0.0,0.0206782464846981,4
1210.0,4107,5695,3,11,1588,194,170,24,0,1,0.0024793388429752068,0.00909090909090909,0.16033057851239668,0.14049586776859505,0.0,0.02066115702479339,4
1211.0,4110,5695,3,11,1585,194,171,24,0,1,0.002477291494632535,0.009083402146985962,0.16019818331957061,0.1412056151940545,0.0,0.02064409578860446,4
1212.0,4113,5698,3,11,1585,195,171,24,0,1,0.0024752475247524753,0.009075907590759076,0.1608910891089109,0.14108910891089108,0.0,0.020627062706270627,4
1213.0,4116,5706,3,11,1590,195,171,24,0,1,0.00247320692497939,0.009068425391591096,0.16075845012366036,0.14097279472382523,0.0,0.020610057708161583,4
1214.0,4119,5706,3,11,1587,195,172,24,0,1,0.002471169686985173,0.009060955518945634,0.16062602965403625,0.1416803953871499,0.0,0.02059308072487644,4
1215.0,4122,5709,3,11,1587,195,173,24,0,1,0.0024691358024691358,0.00905349794238683,0.16049382716049382,0.14238683127572016,0.0,0.0205761316872428,4
1216.0,4125,5712,3,11,1587,195,173,24,0,1,0.0024671052631578946,0.009046052631578948,0.16036184210526316,0.14226973684210525,0.0,0.02055921052631579,4
1217.0,4128,5712,3,11,1584,195,173,24,0,1,0.0024650780608052587,0.009038619556285949,0.16023007395234182,0.14215283483976993,0.0,0.020542317173377157,4
1218.0,4131,5712,3,11,1581,195,173,24,0,1,0.0024630541871921183,0.0090311986863711,0.16009852216748768,0.14203612479474548,0.0,0.020525451559934318,4
1219.0,4134,5712,3,11,1578,195,174,24,0,1,0.002461033634126333,0.009023789991796555,0.15996718621821165,0.14273995077932733,0.0,0.020508613617719443,4
1220.0,4137,5715,3,11,1578,195,174,24,0,1,0.002459016393442623,0.009016393442622951,0.1598360655737705,0.14262295081967213,0.0,0.020491803278688523,4
1221.0,4140,5715,3,11,1575,195,174,24,0,1,0.002457002457002457,0.009009009009009009,0.1597051597051597,0.14250614250614252,0.0,0.020475020475020474,4
1222.0,4143,5715,3,11,1572,195,174,24,0,1,0.0024549918166939444,0.00900163666121113,0.1595744680851064,0.14238952536824878,0.0,0.020458265139116204,4
1223.0,4146,5715,3,11,1569,196,174,24,0,1,0.0024529844644317253,0.008994276369582993,0.16026165167620604,0.14227309893704007,0.0,0.02044153720359771,4
1224.0,4149,5723,3,11,1574,196,175,24,0,1,0.0024509803921568627,0.008986928104575163,0.16013071895424835,0.14297385620915032,0.0,0.02042483660130719,4
1225.0,4152,5726,3,11,1574,196,175,24,0,1,0.0024489795918367346,0.008979591836734694,0.16,0.14285714285714285,0.0,0.02040816326530612,4
1226.0,4155,5726,3,11,1571,196,175,24,0,1,0.0024469820554649264,0.00897226753670473,0.1598694942903752,0.14274061990212072,0.0,0.020391517128874388,4
1227.0,4158,5726,3,11,1568,197,175,24,0,1,0.0024449877750611247,0.008964955175224124,0.16055419722901385,0.1426242868785656,0.0,0.020374898125509373,4
1228.0,4161,5734,3,11,1573,197,175,24,0,1,0.0024429967426710096,0.008957654723127036,0.16042345276872963,0.14250814332247558,0.0,0.02035830618892508,4
1229.0,4164,5734,3,11,1570,197,175,24,0,1,0.0024410089503661514,0.008950366151342554,0.16029292107404394,0.14239218877135884,0.0,0.02034174125305126,4
1230.0,4167,5734,3,11,1567,197,176,24,0,1,0.0024390243902439024,0.00894308943089431,0.16016260162601625,0.14308943089430895,0.0,0.02032520325203252,4
1231.0,4170,5737,3,11,1567,197,176,24,0,1,0.002437043054427295,0.008935824532900082,0.16003249390739235,0.1429731925264013,0.0,0.020308692120227456,4
1232.0,4173,5737,3,11,1564,198,176,24,0,1,0.002435064935064935,0.008928571428571428,0.16071428571428573,0.14285714285714285,0.0,0.020292207792207792,4
1233.0,4176,5745,3,11,1569,199,176,24,0,1,0.0024330900243309003,0.008921330089213302,0.16139497161394972,0.14274128142741282,0.0,0.0202757502027575,4
1234.0,4179,5753,3,11,1574,199,176,24,0,1,0.0024311183144246355,0.008914100486223663,0.1612641815235008,0.1426256077795786,0.0,0.02025931928687196,4
1235.0,4182,5753,3,11,1571,199,176,24,0,1,0.0024291497975708503,0.008906882591093117,0.16113360323886639,0.14251012145748987,0.0,0.020242914979757085,4
1236.0,4185,5753,3,11,1568,200,176,24,0,1,0.0024271844660194173,0.00889967637540453,0.16181229773462782,0.1423948220064725,0.0,0.020226537216828478,4
1237.0,4188,5761,3,11,1573,200,176,24,0,1,0.002425222312045271,0.00889248181083266,0.16168148746968472,0.14227970897332257,0.0,0.02021018593371059,4
1238.0,4191,5761,3,11,1570,200,176,24,0,1,0.0024232633279483036,0.008885298869143781,0.16155088852988692,0.1421647819063005,0.0,0.020193861066235864,4
1239.0,4194,5761,3,11,1567,200,176,24,0,1,0.002421307506053269,0.00887812752219532,0.16142050040355124,0.1420500403551251,0.0,0.020177562550443905,4
1240.0,4197,5761,3,11,1564,200,177,24,0,1,0.0024193548387096775,0.008870967741935484,0.16129032258064516,0.14274193548387096,0.0,0.020161290322580645,4
1241.0,4200,5764,3,11,1564,200,177,24,0,1,0.0024174053182917004,0.008863819500402902,0.16116035455278002,0.1426269137792103,0.0,0.020145044319097503,4
1242.0,4203,5764,3,11,1561,200,177,24,0,1,0.0024154589371980675,0.008856682769726247,0.1610305958132045,0.14251207729468598,0.0,0.020128824476650563,4
1243.0,4206,5764,3,11,1558,200,177,24,0,1,0.002413515687851971,0.008849557522123894,0.16090104585679807,0.1423974255832663,0.0,0.02011263073209976,4
1244.0,4209,5764,3,11,1555,200,177,24,0,1,0.002411575562700965,0.008842443729903537,0.1607717041800643,0.1422829581993569,0.0,0.02009646302250804,4
1245.0,4212,5764,3,11,1552,200,178,24,0,1,0.0024096385542168677,0.008835341365461847,0.1606425702811245,0.1429718875502008,0.0,0.020080321285140562,4
1246.0,4215,5767,3,11,1552,200,178,24,0,1,0.002407704654895666,0.00882825040128411,0.16051364365971107,0.14285714285714285,0.0,0.020064205457463884,4
1247.0,4218,5767,3,11,1549,200,178,24,0,1,0.0024057738572574178,0.008821170809943865,0.16038492381716118,0.14274258219727345,0.0,0.020048115477145148,4
1248.0,4221,5767,3,11,1546,200,178,24,0,1,0.002403846153846154,0.008814102564102564,0.16025641025641027,0.14262820512820512,0.0,0.020032051282051284,4
1249.0,4224,5767,3,11,1543,200,179,24,0,1,0.0024019215372297837,0.008807045636509208,0.16012810248198558,0.1433146517213771,0.0,0.020016012810248198,4
1250.0,4227,5770,3,11,1543,200,179,24,0,1,0.0024,0.0088,0.16,0.1432,0.0,0.02,4
1251.0,4230,5770,3,11,1540,200,179,24,0,1,0.002398081534772182,0.008792965627498001,0.15987210231814547,0.14308553157474022,0.0,0.019984012789768184,4
1252.0,4233,5770,3,11,1537,200,179,24,0,1,0.0023961661341853034,0.00878594249201278,0.1597444089456869,0.14297124600638977,0.0,0.019968051118210862,4
1253.0,4236,5770,3,11,1534,200,179,24,0,1,0.0023942537909018356,0.008778930566640064,0.1596169193934557,0.14285714285714285,0.0,0.019952114924181964,4
1254.0,4239,5770,3,11,1531,200,179,24,0,1,0.0023923444976076554,0.008771929824561403,0.1594896331738437,0.14274322169059012,0.0,0.019936204146730464,4
1255.0,4242,5770,3,11,1528,201,179,24,0,1,0.002390438247011952,0.008764940239043825,0.1601593625498008,0.14262948207171314,0.0,0.0199203187250996,4
1256.0,4245,5778,3,11,1533,201,179,24,0,1,0.0023885350318471337,0.00875796178343949,0.16003184713375795,0.14251592356687898,0.0,0.019904458598726114,4
1257.0,4248,5778,3,11,1530,201,180,24,0,1,0.002386634844868735,0.008750994431185362,0.15990453460620524,0.1431980906921241,0.0,0.01988862370723946,4
1258.0,4251,5781,3,11,1530,201,181,24,0,1,0.0023847376788553257,0.008744038155802861,0.15977742448330684,0.143879173290938,0.0,0.01987281399046105,4
1259.0,4254,5784,3,11,1530,201,181,24,0,1,0.0023828435266084196,0.008737092930897538,0.1596505162827641,0.1437648927720413,0.0,0.019857029388403495,4
1260.0,4257,5784,3,11,1527,201,181,24,0,1,0.002380952380952381,0.00873015873015873,0.1595238095238095,0.14365079365079364,0.0,0.01984126984126984,4
1261.0,4260,5784,3,11,1524,201,182,24,0,1,0.0023790642347343376,0.008723235527359239,0.15939730372720062,0.14432989690721648,0.0,0.019825535289452814,4
1262.0,4263,5787,3,11,1524,202,182,24,0,1,0.002377179080824089,0.008716323296354992,0.1600633914421553,0.14421553090332806,0.0,0.019809825673534072,4
1263.0,4266,5795,3,11,1529,202,182,24,0,1,0.0023752969121140144,0.00870942201108472,0.15993665874901028,0.14410134600158353,0.0,0.01979414093428345,4
1264.0,4269,5795,3,11,1526,202,183,24,0,1,0.0023734177215189874,0.00870253164556962,0.15981012658227847,0.14477848101265822,0.0,0.01977848101265823,4
1265.0,4272,5798,3,11,1526,203,183,24,0,1,0.0023715415019762848,0.008695652173913044,0.16047430830039525,0.14466403162055336,0.0,0.019762845849802372,4
1266.0,4275,5806,3,11,1531,203,183,24,0,1,0.002369668246445498,0.008688783570300158,0.160347551342812,0.14454976303317535,0.0,0.019747235387045814,4
1267.0,4278,5806,3,11,1528,203,183,25,0,1,0.0023677979479084454,0.008681925808997633,0.16022099447513813,0.14443567482241515,0.0,0.020520915548539857,4
1268.0,4281,5808,3,11,1527,203,183,25,0,1,0.002365930599369085,0.008675078864353312,0.16009463722397477,0.1443217665615142,0.0,0.02050473186119874,4
1269.0,4284,5808,3,11,1524,203,183,25,0,1,0.002364066193853428,0.008668242710795903,0.1599684791174153,0.14420803782505912,0.0,0.02048857368006304,4
1270.0,4287,5808,3,11,1521,204,183,25,0,1,0.002362204724409449,0.008661417322834646,0.16062992125984252,0.14409448818897638,0.0,0.02047244094488189,4
1271.0,4288,5816,3,11,1528,204,183,25,0,1,0.0023603461841070024,0.00865460267505901,0.16050354051927615,0.14398111723052714,0.0,0.020456333595594022,4
1272.0,4289,5816,4,11,1527,204,183,25,0,1,0.0031446540880503146,0.008647798742138365,0.16037735849056603,0.14386792452830188,0.0,0.020440251572327043,4
1273.0,4308,5928,4,11,1620,204,184,25,0,1,0.003142183817753339,0.00864100549882168,0.16025137470542028,0.14454045561665357,0.0,0.0204241948153967,4
1274.0,4311,5931,4,11,1620,205,184,25,0,1,0.0031397174254317113,0.008634222919937205,0.1609105180533752,0.14442700156985872,0.0,0.02040816326530612,4
1275.0,4314,5939,4,11,1625,206,184,25,0,1,0.003137254901960784,0.008627450980392156,0.16156862745098038,0.14431372549019608,0.0,0.0203921568627451,4
1276.0,4317,5947,4,11,1630,206,184,25,0,1,0.003134796238244514,0.008620689655172414,0.1614420062695925,0.14420062695924765,0.0,0.02037617554858934,4
1277.0,4320,5947,4,11,1627,206,184,25,0,1,0.0031323414252153485,0.008613938919342208,0.16131558339859045,0.14408770555990602,0.0,0.020360219263899765,4
1278.0,4323,5947,4,11,1624,206,185,25,0,1,0.003129890453834116,0.008607198748043818,0.16118935837245696,0.14475743348982786,0.0,0.02034428794992175,4
1279.0,4326,5950,4,11,1624,206,185,25,0,1,0.003127443315089914,0.008600469116497263,0.16106333072713058,0.14464425332290853,0.0,0.020328381548084442,4
1280.0,4329,5950,4,11,1621,206,185,25,0,1,0.003125,0.00859375,0.1609375,0.14453125,0.0,0.0203125,4
1281.0,4332,5950,4,11,1618,206,185,25,0,1,0.00312256049960968,0.00858704137392662,0.16081186572989853,0.1444184231069477,0.0,0.02029664324746292,4
1282.0,4335,5950,4,11,1615,207,185,25,0,1,0.0031201248049922,0.00858034321372855,0.16146645865834633,0.14430577223088922,0.0,0.0202808112324493,4
1283.0,4338,5958,4,11,1620,207,186,25,0,1,0.003117692907248636,0.00857365549493375,0.16134060795011693,0.1449727201870616,0.0,0.020265003897116135,4
1284.0,4341,5961,4,11,1620,208,186,25,0,1,0.003115264797507788,0.008566978193146417,0.16199376947040497,0.14485981308411214,0.0,0.020249221183800622,4
1285.0,4344,5969,4,11,1625,208,187,25,0,1,0.0031128404669260703,0.008560311284046693,0.16186770428015565,0.14552529182879378,0.0,0.020233463035019456,4
1286.0,4347,5972,4,11,1625,208,187,25,0,1,0.003110419906687403,0.008553654743390357,0.16174183514774496,0.14541213063763608,0.0,0.02021772939346812,4
1287.0,4350,5972,4,11,1622,208,187,25,0,1,0.003108003108003108,0.008547008547008548,0.16161616161616163,0.1452991452991453,0.0,0.020202020202020204,4
1288.0,4353,5972,4,11,1619,208,187,25,0,1,0.003105590062111801,0.008540372670807454,0.16149068322981366,0.14518633540372672,0.0,0.020186335403726708,4
1289.0,4356,5972,4,11,1616,209,187,25,0,1,0.0031031807602792862,0.008533747090768037,0.1621411947245927,0.14507370054305663,0.0,0.02017067494181536,4
1290.0,4359,5980,4,11,1621,209,187,25,0,1,0.0031007751937984496,0.008527131782945736,0.162015503875969,0.1449612403100775,0.0,0.020155038759689922,4
1291.0,4362,5980,4,11,1618,209,187,25,0,1,0.003098373353989156,0.008520526723470178,0.16189000774593337,0.14484895429899303,0.0,0.020139426800929512,4
1292.0,4365,5980,4,11,1615,209,188,25,0,1,0.0030959752321981426,0.008513931888544891,0.16176470588235295,0.14551083591331268,0.0,0.020123839009287926,4
1293.0,4368,5983,4,11,1615,209,188,25,0,1,0.0030935808197989174,0.008507347254447023,0.16163959783449341,0.1453982985305491,0.0,0.020108275328692964,4
1294.0,4371,5983,4,11,1612,210,188,25,0,1,0.0030911901081916537,0.008500772797527048,0.16228748068006182,0.14528593508500773,0.0,0.02009273570324575,4
1295.0,4374,5991,4,11,1617,210,188,25,0,1,0.003088803088803089,0.008494208494208495,0.16216216216216217,0.14517374517374518,0.0,0.020077220077220077,4
1296.0,4377,5991,4,11,1614,210,188,25,0,1,0.0030864197530864196,0.008487654320987654,0.16203703703703703,0.14506172839506173,0.0,0.020061728395061727,4
1297.0,4380,5991,4,11,1611,210,189,25,0,1,0.0030840400925212026,0.008481110254433308,0.16191210485736315,0.14572089437162683,0.0,0.020046260601387818,4
1298.0,4383,5994,4,11,1611,211,189,25,0,1,0.0030816640986132513,0.00847457627118644,0.162557781201849,0.14560862865947613,0.0,0.020030816640986132,4
1299.0,4386,6002,4,11,1616,211,190,25,0,1,0.003079291762894534,0.008468052347959968,0.1624326404926867,0.1462663587374904,0.0,0.020015396458814474,4
1300.0,4389,6005,4,11,1616,211,190,25,0,1,0.003076923076923077,0.008461538461538461,0.16230769230769232,0.14615384615384616,0.0,0.02,4
1301.0,4392,6005,4,11,1613,211,190,25,0,1,0.0030745580322828594,0.008455034588777863,0.16218293620292082,0.1460415065334358,0.0,0.019984627209838585,4
1302.0,4395,6005,4,11,1610,211,190,25,0,1,0.0030721966205837174,0.008448540706605223,0.1620583717357911,0.14592933947772657,0.0,0.019969278033794162,4
1303.0,4398,6005,4,11,1607,211,191,25,0,1,0.0030698388334612432,0.00844205679201842,0.16193399846508058,0.14658480429777437,0.0,0.019953952417498082,4
1304.0,4401,6008,4,11,1607,211,191,25,0,1,0.003067484662576687,0.00843558282208589,0.16180981595092025,0.1464723926380368,0.0,0.019938650306748466,4
1305.0,4404,6008,4,11,1604,211,191,25,0,1,0.0030651340996168583,0.00842911877394636,0.16168582375478927,0.14636015325670498,0.0,0.01992337164750958,4
1306.0,4407,6008,4,11,1601,211,191,25,0,1,0.0030627871362940277,0.008422664624808576,0.16156202143950996,0.14624808575803983,0.0,0.019908116385911178,4
1307.0,4410,6008,4,11,1598,211,191,25,0,1,0.00306044376434583,0.008416220351951033,0.16143840856924255,0.14613618974751338,0.0,0.019892884468247895,4
1308.0,4413,6008,4,11,1595,211,191,25,0,1,0.0030581039755351682,0.008409785932721712,0.16131498470948014,0.14602446483180428,0.0,0.019877675840978593,4
1309.0,4416,6008,4,11,1592,211,191,25,0,1,0.0030557677616501145,0.008403361344537815,0.16119174942704353,0.14591291061879297,0.0,0.019862490450725745,4
1310.0,4419,6008,4,11,1589,211,191,25,0,1,0.0030534351145038168,0.008396946564885497,0.16106870229007633,0.14580152671755725,0.0,0.01984732824427481,4
1311.0,4422,6008,4,11,1586,211,191,25,0,1,0.0030511060259344014,0.008390541571319604,0.16094584286803967,0.14569031273836766,0.0,0.019832189168573607,4
1312.0,4425,6008,4,11,1583,211,191,25,0,1,0.003048780487804878,0.008384146341463415,0.16082317073170732,0.14557926829268292,0.0,0.019817073170731708,4
1313.0,4428,6008,4,11,1580,211,191,25,0,1,0.0030464584920030465,0.008377760853008377,0.1607006854531607,0.14546839299314546,0.0,0.019801980198019802,4
1314.0,4431,6008,4,11,1577,211,191,25,0,1,0.0030441400304414,0.00837138508371385,0.16057838660578386,0.14535768645357686,0.0,0.0197869101978691,4
1315.0,4434,6008,4,11,1574,211,191,25,0,1,0.003041825095057034,0.008365019011406844,0.16045627376425856,0.1452471482889734,0.0,0.01977186311787072,4
1316.0,4437,6008,4,11,1571,212,191,25,0,1,0.00303951367781155,0.008358662613981762,0.16109422492401215,0.14513677811550152,0.0,0.019756838905775075,4
1317.0,4440,6016,4,11,1576,213,191,25,0,1,0.0030372057706909645,0.008352315869400152,0.16173120728929385,0.14502657555049356,0.0,0.019741837509491267,4
1318.0,4443,6024,4,11,1581,213,191,25,0,1,0.0030349013657056147,0.00834597875569044,0.16160849772382396,0.1449165402124431,0.0,0.019726858877086494,4
1319.0,4446,6024,4,11,1578,213,191,25,0,1,0.003032600454890068,0.008339651250947688,0.16148597422289612,0.14480667172100076,0.0,0.019711902956785442,4
1320.0,4449,6024,4,11,1575,213,192,25,0,1,0.0030303030303030303,0.008333333333333333,0.16136363636363638,0.14545454545454545,0.0,0.019696969696969695,4
1321.0,4452,6027,4,11,1575,213,192,25,0,1,0.003028009084027252,0.008327024981074944,0.16124148372445118,0.1453444360333081,0.0,0.01968205904617714,4
1322.0,4455,6027,4,11,1572,213,192,25,0,1,0.0030257186081694403,0.00832072617246596,0.16111951588502268,0.14523449319213314,0.0,0.019667170953101363,4
1323.0,4458,6027,4,11,1569,213,192,25,0,1,0.0030234315948601664,0.008314436885865457,0.16099773242630386,0.14512471655328799,0.0,0.019652305366591082,4
1324.0,4461,6027,4,11,1566,214,192,25,0,1,0.0030211480362537764,0.008308157099697885,0.16163141993957703,0.14501510574018128,0.0,0.019637462235649546,4
1325.0,4464,6035,4,11,1571,214,192,25,0,1,0.0030188679245283017,0.00830188679245283,0.16150943396226414,0.1449056603773585,0.0,0.019622641509433963,4
1326.0,4467,6035,4,11,1568,214,192,25,0,1,0.0030165912518853697,0.008295625942684766,0.16138763197586728,0.14479638009049775,0.0,0.0196078431372549,4
1327.0,4470,6035,4,11,1565,214,193,25,0,1,0.003014318010550113,0.008289374529012811,0.16126601356443104,0.14544084400904295,0.0,0.019593067068575734,4
1328.0,4473,6038,4,11,1565,214,193,25,0,1,0.0030120481927710845,0.008283132530120483,0.16114457831325302,0.14533132530120482,0.0,0.01957831325301205,4
1329.0,4476,6038,4,11,1562,214,193,25,0,1,0.0030097817908201654,0.008276899924755455,0.16102332580887885,0.145221971407073,0.0,0.019563581640331076,4
1330.0,4479,6038,4,11,1559,214,193,25,0,1,0.0030075187969924814,0.008270676691729323,0.16090225563909774,0.14511278195488722,0.0,0.019548872180451128,4
1331.0,4482,6038,4,11,1556,214,193,25,0,1,0.003005259203606311,0.008264462809917356,0.16078136739293764,0.1450037565740045,0.0,0.019534184823441023,4
1332.0,4485,6038,4,11,1553,214,193,25,0,1,0.003003003003003003,0.008258258258258258,0.16066066066066065,0.1448948948948949,0.0,0.01951951951951952,4
1333.0,4488,6038,4,11,1550,215,193,25,0,1,0.003000750187546887,0.008252063015753939,0.16129032258064516,0.1447861965491373,0.0,0.019504876219054765,4
1334.0,4491,6046,4,11,1555,216,193,25,0,1,0.0029985007496251873,0.008245877061469266,0.1619190404797601,0.1446776611694153,0.0,0.019490254872563718,4
1335.0,4494,6054,4,11,1560,216,193,25,0,1,0.00299625468164794,0.008239700374531835,0.16179775280898875,0.1445692883895131,0.0,0.01947565543071161,4
1336.0,4497,6054,4,11,1557,217,193,25,0,1,0.0029940119760479044,0.008233532934131737,0.1624251497005988,0.14446107784431136,0.0,0.019461077844311378,4
1337.0,4500,6062,4,11,1562,217,193,25,0,1,0.0029917726252804786,0.008227374719521317,0.16230366492146597,0.1443530291697831,0.0,0.01944652206432311,4
1338.0,4503,6062,4,11,1559,217,193,25,0,1,0.0029895366218236174,0.008221225710014948,0.16218236173393125,0.14424514200298955,0.0,0.01943198804185351,4
1339.0,4506,6062,4,11,1556,217,193,25,0,1,0.002987303958177745,0.008215085884988798,0.16206123973114264,0.1441374159820762,0.0,0.019417475728155338,4
1340.0,4509,6062,4,11,1553,217,193,25,0,1,0.0029850746268656717,0.008208955223880597,0.1619402985074627,0.14402985074626865,0.0,0.019402985074626865,4
1341.0,4512,6062,4,11,1550,218,193,25,0,1,0.002982848620432513,0.00820283370618941,0.16256524981357195,0.14392244593586875,0.0,0.019388516032811335,4
1342.0,4515,6070,4,11,1555,218,193,25,0,1,0.0029806259314456036,0.00819672131147541,0.16244411326378538,0.14381520119225039,0.0,0.019374068554396422,4
1343.0,4518,6070,4,11,1552,218,193,25,0,1,0.0029784065524944155,0.008190618019359643,0.16232315711094564,0.14370811615785556,0.0,0.0193596425912137,4
1344.0,4521,6070,4,11,1549,219,193,25,0,1,0.002976190476190476,0.00818452380952381,0.16294642857142858,0.14360119047619047,0.0,0.019345238095238096,4
1345.0,4524,6078,4,11,1554,219,193,25,0,1,0.002973977695167286,0.008178438661710037,0.16282527881040892,0.14349442379182156,0.0,0.019330855018587362,4
1346.0,4527,6078,4,11,1551,219,193,25,0,1,0.0029717682020802376,0.008172362555720654,0.16270430906389302,0.14338781575037146,0.0,0.019316493313521546,4
1347.0,4530,6078,4,11,1548,219,193,25,0,1,0.002969561989606533,0.008166295471417966,0.16258351893095768,0.1432813659985152,0.0,0.019302152932442463,4
1348.0,4533,6078,4,11,1545,219,193,25,0,1,0.002967359050445104,0.008160237388724036,0.16246290801186944,0.14317507418397626,0.0,0.019287833827893175,4
1349.0,4536,6078,4,11,1542,220,193,25,0,1,0.0029651593773165306,0.00815418828762046,0.16308376575240918,0.1430689399555226,0.0,0.01927353595255745,4
1350.0,4539,6086,4,11,1547,220,193,25,0,1,0.002962962962962963,0.008148148148148147,0.16296296296296298,0.14296296296296296,0.0,0.01925925925925926,4
1351.0,4542,6086,4,11,1544,220,193,25,0,1,0.0029607698001480384,0.008142116950407105,0.16284233900814213,0.14285714285714285,0.0,0.01924500370096225,4
1352.0,4545,6086,4,11,1541,220,193,25,0,1,0.0029585798816568047,0.008136094674556213,0.16272189349112426,0.14275147928994084,0.0,0.019230769230769232,4
1353.0,4548,6086,4,11,1538,220,194,25,0,1,0.0029563932002956393,0.008130081300813009,0.16260162601626016,0.1433850702143385,0.0,0.019216555801921657,4
1354.0,4551,6089,4,11,1538,220,195,25,0,1,0.0029542097488921715,0.00812407680945347,0.16248153618906944,0.14401772525849335,0.0,0.019202363367799114,4
1355.0,4554,6092,4,11,1538,220,195,25,0,1,0.002952029520295203,0.008118081180811807,0.16236162361623616,0.14391143911439114,0.0,0.01918819188191882,4
1356.0,4557,6092,4,11,1535,220,195,25,0,1,0.0029498525073746312,0.008112094395280236,0.16224188790560473,0.14380530973451328,0.0,0.019174041297935103,4
1357.0,4560,6092,4,11,1532,220,195,25,0,1,0.0029476787030213707,0.008106116433308769,0.16212232866617537,0.14369933677229182,0.0,0.01915991156963891,4
1358.0,4563,6092,4,11,1529,220,195,25,0,1,0.0029455081001472753,0.008100147275405008,0.16200294550810015,0.14359351988217967,0.0,0.01914580265095729,4
1359.0,4566,6092,4,11,1526,220,195,25,0,1,0.0029433406916850625,0.008094186902133923,0.16188373804267844,0.1434878587196468,0.0,0.01913171449595291,4
1360.0,4569,6092,4,11,1523,220,196,25,0,1,0.0029411764705882353,0.008088235294117648,0.16176470588235295,0.14411764705882352,0.0,0.01911764705882353,4
1361.0,4572,6095,4,11,1523,220,197,25,0,1,0.0029390154298310064,0.008082292432035268,0.16164584864070536,0.14474650991917706,0.0,0.019103600293901544,4
1362.0,4575,6098,4,11,1523,220,197,25,0,1,0.002936857562408223,0.008076358296622614,0.16152716593245228,0.144640234948605,0.0,0.01908957415565345,4
1363.0,4578,6098,4,11,1520,220,197,25,0,1,0.00293470286133529,0.008070432868672046,0.16140865737344093,0.144534115920763,0.0,0.019075568598679385,4
1364.0,4581,6098,4,11,1517,220,198,25,0,1,0.002932551319648094,0.008064516129032258,0.16129032258064516,0.14516129032258066,0.0,0.01906158357771261,4
1365.0,4584,6101,4,11,1517,221,198,25,0,1,0.0029304029304029304,0.00805860805860806,0.1619047619047619,0.14505494505494507,0.0,0.01904761904761905,4
1366.0,4587,6109,4,11,1522,221,198,25,0,1,0.0029282576866764276,0.008052708638360176,0.1617862371888726,0.14494875549048317,0.0,0.01903367496339678,4
1367.0,4590,6109,4,11,1519,222,198,25,0,1,0.002926115581565472,0.008046817849305048,0.1623994147768837,0.14484272128749084,0.0,0.019019751280175568,4
1368.0,4593,6117,4,11,1524,222,198,25,0,1,0.0029239766081871343,0.00804093567251462,0.16228070175438597,0.14473684210526316,0.0,0.019005847953216373,4
1369.0,4596,6117,4,11,1521,222,198,25,0,1,0.0029218407596785976,0.008035062089116142,0.16216216216216217,0.1446311176040906,0.0,0.018991964937910884,4
1370.0,4599,6117,4,11,1518,222,198,25,0,1,0.00291970802919708,0.008029197080291971,0.16204379562043797,0.14452554744525548,0.0,0.01897810218978102,4
1371.0,4602,6117,4,11,1515,222,198,25,0,1,0.0029175784099197666,0.008023340627279359,0.16192560175054704,0.14442013129102846,0.0,0.018964259664478483,4
1372.0,4605,6117,4,11,1512,222,198,25,0,1,0.0029154518950437317,0.008017492711370262,0.1618075801749271,0.14431486880466474,0.0,0.018950437317784258,4
1373.0,4608,6117,4,11,1509,222,199,25,0,1,0.0029133284777858705,0.008011653313911144,0.1616897305171158,0.14493809176984704,0.0,0.018936635105608158,4
1374.0,4611,6120,4,11,1509,222,200,25,0,1,0.002911208151382824,0.008005822416302766,0.1615720524017467,0.14556040756914118,0.0,0.018922852983988356,4
1375.0,4614,6123,4,11,1509,223,200,25,0,1,0.002909090909090909,0.008,0.16218181818181818,0.14545454545454545,0.0,0.01890909090909091,4
1376.0,4617,6131,4,11,1514,223,201,25,0,1,0.0029069767441860465,0.007994186046511628,0.1620639534883721,0.14607558139534885,0.0,0.0188953488372093,4
1377.0,4620,6134,4,11,1514,223,201,25,0,1,0.002904865649963689,0.007988380537400145,0.16194625998547568,0.14596949891067537,0.0,0.01888162672476398,4
1378.0,4623,6134,4,11,1511,223,201,25,0,1,0.002902757619738752,0.007982583454281567,0.16182873730043543,0.14586357039187228,0.0,0.018867924528301886,4
1379.0,4626,6134,4,11,1508,224,201,25,0,1,0.0029006526468455403,0.007976794778825236,0.16243654822335024,0.1457577955039884,0.0,0.01885424220449601,4
1380.0,4629,6142,4,11,1513,225,201,25,0,1,0.002898550724637681,0.007971014492753623,0.16304347826086957,0.14565217391304347,0.0,0.01884057971014493,4
1381.0,4632,6150,4,11,1518,225,201,25,0,1,0.002896451846488052,0.007965242577842143,0.16292541636495295,0.14554670528602462,0.0,0.01882693700217234,4
1382.0,4635,6150,4,11,1515,225,201,25,0,1,0.002894356005788712,0.007959479015918957,0.16280752532561504,0.14544138929088277,0.0,0.01881331403762663,4
1383.0,4638,6150,4,11,1512,225,201,25,0,1,0.0028922631959508315,0.007953723788864787,0.16268980477223427,0.14533622559652928,0.0,0.018799710773680405,4
1384.0,4641,6150,4,11,1509,225,201,26,0,1,0.002890173410404624,0.007947976878612716,0.16257225433526012,0.14523121387283236,0.0,0.019508670520231215,4
1385.0,4644,6152,4,11,1508,226,201,26,0,1,0.002888086642599278,0.007942238267148015,0.1631768953068592,0.14512635379061373,0.0,0.019494584837545126,4
1386.0,4647,6160,4,11,1513,226,202,26,0,1,0.002886002886002886,0.007936507936507936,0.16305916305916307,0.14574314574314573,0.0,0.01948051948051948,4
1387.0,4650,6163,4,11,1513,226,202,26,0,1,0.002883922134102379,0.007930785868781542,0.16294160057678442,0.14563806777217014,0.0,0.01946647440519106,4
1388.0,4653,6163,4,11,1510,226,202,26,0,1,0.002881844380403458,0.00792507204610951,0.1628242074927954,0.14553314121037464,0.0,0.019452449567723344,4
1389.0,4656,6163,4,11,1507,226,203,26,0,1,0.0028797696184305254,0.007919366450683946,0.1627069834413247,0.14614830813534918,0.0,0.019438444924406047,4
1390.0,4659,6166,4,11,1507,226,203,26,0,1,0.0028776978417266188,0.007913669064748202,0.16258992805755396,0.1460431654676259,0.0,0.019424460431654675,4
1391.0,4662,6166,4,11,1504,226,203,26,0,1,0.002875629043853343,0.007907979870596693,0.16247304097771387,0.14593817397555714,0.0,0.019410496046010063,4
1392.0,4665,6166,4,11,1501,226,204,26,0,1,0.0028735632183908046,0.007902298850574713,0.16235632183908047,0.14655172413793102,0.0,0.01939655172413793,4
1393.0,4668,6169,4,11,1501,226,204,26,0,1,0.002871500358937545,0.007896625987078248,0.16223977027997127,0.1464465183058148,0.0,0.019382627422828428,4
1394.0,4671,6169,4,11,1498,226,204,26,0,1,0.0028694404591104736,0.007890961262553802,0.16212338593974174,0.14634146341463414,0.0,0.019368723098995694,4
1395.0,4674,6169,4,11,1495,226,204,26,0,1,0.002867383512544803,0.007885304659498209,0.16200716845878135,0.14623655913978495,0.0,0.01935483870967742,4
1396.0,4677,6169,4,11,1492,226,204,26,0,1,0.0028653295128939827,0.007879656160458453,0.16189111747851004,0.14613180515759314,0.0,0.019340974212034383,4
1397.0,4680,6169,4,11,1489,226,204,26,0,1,0.002863278453829635,0.007874015748031496,0.16177523264137436,0.14602720114531137,0.0,0.019327129563350035,4
1398.0,4683,6169,4,11,1486,226,204,26,0,1,0.002861230329041488,0.007868383404864092,0.16165951359084407,0.1459227467811159,0.0,0.019313304721030045,4
1399.0,4686,6169,4,11,1483,226,204,26,0,1,0.0028591851322373124,0.007862759113652609,0.16154395997140814,0.14581844174410294,0.0,0.01929949964260186,4
1400.0,4689,6169,4,11,1480,226,204,27,0,1,0.002857142857142857,0.007857142857142858,0.16142857142857142,0.1457142857142857,0.0,0.02,4
1401.0,4692,6171,4,11,1479,226,205,27,0,1,0.0028551034975017845,0.007851534618129907,0.16131334760885083,0.14632405424696646,0.0,0.01998572448251249,4
1402.0,4695,6174,4,11,1479,226,206,27,0,1,0.0028530670470756064,0.007845934379457917,0.16119828815977175,0.14693295292439373,0.0,0.019971469329529243,4
1403.0,4698,6177,4,11,1479,226,206,27,0,1,0.002851033499643621,0.007840342124019958,0.16108339272986458,0.14682822523164646,0.0,0.019957234497505347,4
1404.0,4701,6177,4,11,1476,226,206,27,0,1,0.002849002849002849,0.007834757834757835,0.16096866096866097,0.1467236467236467,0.0,0.019943019943019943,4
1405.0,4704,6177,4,11,1473,227,206,27,0,1,0.0028469750889679717,0.007829181494661922,0.1615658362989324,0.14661921708185052,0.0,0.0199288256227758,4
1406.0,4707,6185,4,11,1478,227,207,27,0,1,0.002844950213371266,0.007823613086770981,0.16145092460881935,0.14722617354196302,0.0,0.01991465149359886,4
1407.0,4710,6188,4,11,1478,228,207,27,0,1,0.0028429282160625444,0.007818052594171997,0.16204690831556504,0.14712153518123666,0.0,0.01990049751243781,4
1408.0,4713,6196,4,11,1483,228,207,27,0,1,0.002840909090909091,0.0078125,0.16193181818181818,0.14701704545454544,0.0,0.019886363636363636,4
1409.0,4716,6196,4,11,1480,228,207,27,0,1,0.0028388928317956,0.007806955287437899,0.16181689141234917,0.14691270404542228,0.0,0.0198722498225692,4
1410.0,4719,6196,4,11,1477,228,208,27,0,1,0.0028368794326241137,0.007801418439716312,0.16170212765957448,0.1475177304964539,0.0,0.019858156028368795,4
1411.0,4722,6199,4,11,1477,228,208,27,0,1,0.002834868887313962,0.007795889440113395,0.16158752657689582,0.147413182140326,0.0,0.019844082211197732,4
1412.0,4725,6199,5,11,1474,228,208,27,0,1,0.0035410764872521247,0.007790368271954674,0.16147308781869688,0.14730878186968838,0.0,0.019830028328611898,4
1413.0,4744,6319,5,11,1575,228,208,27,0,1,0.003538570417551309,0.00778485491861288,0.1613588110403397,0.14720452937013448,0.0,0.019815994338287332,4
1414.0,4747,6319,5,11,1572,228,208,27,0,1,0.003536067892503536,0.007779349363507779,0.16124469589816123,0.1471004243281471,0.0,0.019801980198019802,4
1415.0,4750,6319,5,11,1569,228,208,27,0,1,0.0035335689045936395,0.0077738515901060075,0.16113074204946998,0.1469964664310954,0.0,0.019787985865724382,4
1416.0,4753,6319,5,11,1566,229,208,27,0,1,0.0035310734463276836,0.007768361581920904,0.1617231638418079,0.14689265536723164,0.0,0.01977401129943503,4
1417.0,4756,6327,5,11,1571,229,208,27,0,1,0.0035285815102328866,0.0077628793225123505,0.1616090331686662,0.14678899082568808,0.0,0.019760056457304165,4
1418.0,4759,6327,5,11,1568,229,208,27,0,1,0.003526093088857546,0.007757404795486601,0.1614950634696756,0.1466854724964739,0.0,0.019746121297602257,4
1419.0,4762,6327,5,11,1565,229,208,27,0,1,0.0035236081747709656,0.007751937984496124,0.1613812544045102,0.14658210007047218,0.0,0.019732205778717406,4
1420.0,4765,6327,5,11,1562,230,208,27,0,1,0.0035211267605633804,0.007746478873239437,0.1619718309859155,0.14647887323943662,0.0,0.01971830985915493,4
1421.0,4768,6335,5,11,1567,230,208,27,0,1,0.003518648838845883,0.007741027445460943,0.16185784658691063,0.14637579169598874,0.0,0.019704433497536946,4
1422.0,4771,6335,5,11,1564,230,208,27,0,1,0.0035161744022503515,0.007735583684950774,0.1617440225035162,0.14627285513361463,0.0,0.01969057665260197,4
1423.0,4774,6335,5,11,1561,231,208,27,0,1,0.0035137034434293743,0.007730147575544624,0.16233309908643712,0.14617006324666199,0.0,0.019676739283204497,4
1424.0,4777,6343,5,11,1566,231,208,27,0,1,0.0035112359550561797,0.007724719101123595,0.1622191011235955,0.14606741573033707,0.0,0.019662921348314606,4
1425.0,4780,6343,5,11,1563,231,208,27,0,1,0.0035087719298245615,0.0077192982456140355,0.16210526315789472,0.14596491228070174,0.0,0.019649122807017545,4
1426.0,4783,6343,5,11,1560,231,208,27,0,1,0.0035063113604488078,0.007713884992987377,0.16199158485273493,0.1458625525946704,0.0,0.019635343618513323,4
1427.0,4786,6343,5,11,1557,231,208,27,0,1,0.00350385423966363,0.007708479327259986,0.1618780658724597,0.14576033637000702,0.0,0.019621583742116328,4
1428.0,4789,6343,5,11,1554,231,208,27,0,1,0.0035014005602240898,0.007703081232492998,0.16176470588235295,0.14565826330532214,0.0,0.0196078431372549,4
1429.0,4792,6343,5,11,1551,231,208,27,0,1,0.0034989503149055285,0.007697690692792162,0.16165150454863542,0.14555633310007,0.0,0.01959412176347096,4
1430.0,4795,6343,5,11,1548,232,208,27,0,1,0.0034965034965034965,0.007692307692307693,0.16223776223776223,0.14545454545454545,0.0,0.019580419580419582,4
1431.0,4798,6351,5,11,1553,232,208,27,0,1,0.0034940600978336828,0.007686932215234102,0.16212438853948288,0.1453529000698812,0.0,0.019566736547868623,4
1432.0,4801,6351,5,11,1550,232,208,27,0,1,0.0034916201117318434,0.007681564245810056,0.16201117318435754,0.1452513966480447,0.0,0.019553072625698324,4
1433.0,4804,6351,5,11,1547,232,208,27,0,1,0.0034891835310537334,0.007676203768318213,0.16189811584089323,0.1451500348918353,0.0,0.019539427773900907,4
1434.0,4807,6351,5,11,1544,232,208,27,0,1,0.003486750348675035,0.007670850767085077,0.16178521617852162,0.14504881450488144,0.0,0.019525801952580194,4
1435.0,4810,6351,5,11,1541,232,208,27,0,1,0.003484320557491289,0.007665505226480836,0.1616724738675958,0.14494773519163764,0.0,0.01951219512195122,4
1436.0,4813,6351,5,11,1538,232,208,27,0,1,0.003481894150417827,0.00766016713091922,0.1615598885793872,0.14484679665738162,0.0,0.019498607242339833,4
1437.0,4816,6351,5,11,1535,232,208,27,0,1,0.003479471120389701,0.007654836464857342,0.16144745998608212,0.14474599860821155,0.0,0.019485038274182326,4
1438.0,4819,6351,5,11,1532,232,208,27,0,1,0.0034770514603616135,0.0076495132127955496,0.16133518776077885,0.14464534075104313,0.0,0.019471488178025034,4
1439.0,4822,6351,5,11,1529,232,209,27,0,1,0.0034746351633078527,0.007644197359277276,0.16122307157748436,0.14523974982626825,0.0,0.019457956914523976,4
1440.0,4825,6354,5,11,1529,232,209,27,0,1,0.003472222222222222,0.007638888888888889,0.16111111111111112,0.1451388888888889,0.0,0.019444444444444445,4
1441.0,4828,6354,5,11,1526,232,209,27,0,1,0.0034698126301179735,0.007633587786259542,0.16099930603747398,0.1450381679389313,0.0,0.01943095072866065,4
1442.0,4831,6354,5,11,1523,232,209,27,0,1,0.0034674063800277394,0.0076282940360610264,0.1608876560332871,0.1449375866851595,0.0,0.019417475728155338,4
1443.0,4834,6354,5,11,1520,232,209,27,0,1,0.003465003465003465,0.007623007623007623,0.16077616077616078,0.14483714483714483,0.0,0.019404019404019403,4
1444.0,4837,6354,5,11,1517,232,209,27,0,1,0.0034626038781163434,0.007617728531855956,0.16066481994459833,0.14473684210526316,0.0,0.019390581717451522,4
1445.0,4840,6354,5,11,1514,232,209,27,0,1,0.0034602076124567475,0.007612456747404845,0.16055363321799307,0.14463667820069204,0.0,0.019377162629757784,4
1446.0,4843,6354,5,11,1511,232,209,27,0,1,0.003457814661134163,0.007607192254495159,0.16044260027662519,0.14453665283540804,0.0,0.019363762102351315,4
1447.0,4846,6354,5,11,1508,233,209,27,0,1,0.0034554250172771253,0.007601935038009675,0.16102280580511402,0.14443676572218384,0.0,0.019350380096751902,4
1448.0,4849,6362,5,11,1513,234,209,27,0,1,0.003453038674033149,0.007596685082872928,0.16160220994475138,0.14433701657458564,0.0,0.019337016574585635,4
1449.0,4852,6370,5,11,1518,234,209,27,0,1,0.003450655624568668,0.00759144237405107,0.16149068322981366,0.14423740510697033,0.0,0.01932367149758454,4
1450.0,4855,6370,5,11,1515,234,209,27,0,1,0.0034482758620689655,0.007586206896551724,0.16137931034482758,0.14413793103448275,0.0,0.019310344827586208,4
1451.0,4858,6370,5,11,1512,235,209,27,0,1,0.0034458993797381117,0.007580978635423846,0.16195727084769124,0.14403859407305306,0.0,0.019297036526533425,4
1452.0,4861,6378,5,11,1517,235,209,27,0,1,0.003443526170798898,0.007575757575757576,0.1618457300275482,0.14393939393939395,0.0,0.01928374655647383,4
1453.0,4864,6378,5,11,1514,235,209,27,0,1,0.0034411562284927736,0.007570543702684102,0.16173434273916035,0.14384033035099794,0.0,0.019270474879559532,4
1454.0,4867,6378,5,11,1511,236,209,27,0,1,0.0034387895460797797,0.007565337001375516,0.1623108665749656,0.1437414030261348,0.0,0.01925722145804677,4
1455.0,4870,6386,5,11,1516,236,209,27,0,1,0.003436426116838488,0.007560137457044674,0.16219931271477664,0.1436426116838488,0.0,0.019243986254295534,4
1456.0,4873,6386,5,11,1513,236,209,27,0,1,0.003434065934065934,0.007554945054945055,0.1620879120879121,0.14354395604395603,0.0,0.019230769230769232,4
1457.0,4876,6386,5,11,1510,236,209,27,0,1,0.0034317089910775567,0.0075497597803706245,0.16197666437886069,0.14344543582704186,0.0,0.019217570350034317,4
1458.0,4879,6386,5,11,1507,236,209,27,0,1,0.003429355281207133,0.0075445816186556925,0.16186556927297668,0.14334705075445817,0.0,0.019204389574759947,4
1459.0,4882,6386,5,11,1504,236,210,27,0,1,0.003427004797806717,0.0075394105551747775,0.16175462645647704,0.1439342015078821,0.0,0.019191226867717615,4
1460.0,4885,6389,5,11,1504,236,210,27,0,1,0.003424657534246575,0.007534246575342466,0.16164383561643836,0.14383561643835616,0.0,0.019178082191780823,4
1461.0,4888,6389,5,11,1501,236,211,27,0,1,0.0034223134839151265,0.007529089664613279,0.16153319644079397,0.14442162902121836,0.0,0.019164955509924708,4
1462.0,4891,6392,5,11,1501,237,211,27,0,1,0.003419972640218878,0.007523939808481532,0.16210670314637482,0.14432284541723667,0.0,0.019151846785225718,4
1463.0,4894,6400,5,11,1506,237,211,27,0,1,0.003417634996582365,0.007518796992481203,0.1619958988380041,0.1442241968557758,0.0,0.019138755980861243,4
1464.0,4897,6400,5,11,1503,237,211,27,0,1,0.0034153005464480873,0.007513661202185792,0.16188524590163936,0.14412568306010928,0.0,0.01912568306010929,4
1465.0,4900,6400,5,11,1500,237,212,27,0,1,0.0034129692832764505,0.007508532423208191,0.16177474402730374,0.1447098976109215,0.0,0.01911262798634812,4
1466.0,4903,6403,5,11,1500,237,212,27,0,1,0.0034106412005457027,0.007503410641200546,0.16166439290586632,0.1446111869031378,0.0,0.019099590723055934,4
1467.0,4906,6403,5,11,1497,237,213,27,0,1,0.0034083162917518746,0.007498295841854124,0.16155419222903886,0.14519427402862986,0.0,0.0190865712338105,4
1468.0,4909,6406,5,11,1497,237,213,27,0,1,0.0034059945504087193,0.007493188010899182,0.1614441416893733,0.14509536784741145,0.0,0.01907356948228883,4
1469.0,4912,6406,5,11,1494,238,213,27,0,1,0.0034036759700476512,0.007488087134104833,0.16201497617426822,0.14499659632402995,0.0,0.01906058543226685,4
1470.0,4915,6414,5,11,1499,238,214,27,0,1,0.003401360544217687,0.007482993197278911,0.1619047619047619,0.145578231292517,0.0,0.01904761904761905,4
1471.0,4918,6417,5,11,1499,238,215,27,0,1,0.003399048266485384,0.007477906186267845,0.1617946974847043,0.14615907545887152,0.0,0.019034670292318152,4
1472.0,4921,6420,5,11,1499,238,215,28,0,1,0.0033967391304347825,0.007472826086956522,0.16168478260869565,0.14605978260869565,0.0,0.01970108695652174,4
1473.0,4924,6422,5,11,1498,238,215,28,0,1,0.0033944331296673455,0.00746775288526816,0.16157501697216564,0.14596062457569586,0.0,0.019687712152070606,4
1474.0,4927,6422,5,11,1495,238,215,28,0,1,0.0033921302578018998,0.007462686567164179,0.1614654002713704,0.14586160108548168,0.0,0.01967435549525102,4
1475.0,4930,6422,5,11,1492,238,215,28,0,1,0.003389830508474576,0.007457627118644068,0.16135593220338984,0.14576271186440679,0.0,0.01966101694915254,4
1476.0,4933,6422,5,11,1489,238,216,28,0,1,0.0033875338753387536,0.007452574525745257,0.16124661246612465,0.14634146341463414,0.0,0.01964769647696477,4
1477.0,4936,6425,5,11,1489,239,216,28,0,1,0.003385240352064997,0.007447528774542992,0.16181448882870683,0.14624238320920785,0.0,0.01963439404197698,4
1478.0,4939,6433,5,11,1494,239,217,28,0,1,0.0033829499323410014,0.007442489851150203,0.16170500676589986,0.14682002706359945,0.0,0.01962110960757781,4
1479.0,4942,6436,5,11,1494,239,217,28,0,1,0.0033806626098715348,0.0074374577417173765,0.16159567275185938,0.14672075726842462,0.0,0.0196078431372549,4
1480.0,4945,6436,5,11,1491,239,217,28,0,1,0.0033783783783783786,0.007432432432432433,0.16148648648648647,0.14662162162162162,0.0,0.019594594594594596,4
1481.0,4948,6436,5,11,1488,239,218,28,0,1,0.00337609723160027,0.007427413909520594,0.16137744767049292,0.14719783929777178,0.0,0.019581363943281565,4
1482.0,4951,6439,5,11,1488,239,218,28,0,1,0.0033738191632928477,0.007422402159244264,0.1612685560053981,0.14709851551956815,0.0,0.019568151147098516,4
1483.0,4954,6439,5,11,1485,239,218,28,0,1,0.0033715441672285905,0.007417397167902899,0.16115981119352663,0.14699932569116655,0.0,0.019554956169925825,4
1484.0,4957,6439,5,11,1482,240,218,28,0,1,0.0033692722371967657,0.007412398921832884,0.16172506738544473,0.14690026954177898,0.0,0.01954177897574124,4
1485.0,4960,6447,5,11,1487,241,218,28,0,1,0.003367003367003367,0.007407407407407408,0.1622895622895623,0.1468013468013468,0.0,0.019528619528619527,4
1486.0,4963,6455,5,11,1492,241,219,28,0,1,0.0033647375504710633,0.007402422611036339,0.16218034993270525,0.14737550471063257,0.0,0.019515477792732168,4
1487.0,4966,6458,5,11,1492,241,219,28,0,1,0.0033624747814391394,0.007397444519166106,0.1620712844653665,0.1472763954270343,0.0,0.019502353732347006,4
1488.0,4969,6458,5,11,1489,241,220,28,0,1,0.003360215053763441,0.00739247311827957,0.16196236559139784,0.1478494623655914,0.0,0.019489247311827957,4
1489.0,4972,6461,5,11,1489,241,220,28,0,1,0.0033579583613163196,0.007387508394895903,0.1618535930154466,0.14775016789791806,0.0,0.019476158495634655,4
1490.0,4975,6461,5,11,1486,241,220,28,0,1,0.003355704697986577,0.00738255033557047,0.16174496644295303,0.1476510067114094,0.0,0.019463087248322148,4
1491.0,4978,6461,5,11,1483,241,220,28,0,1,0.00335345405767941,0.007377598926894702,0.16163648558014757,0.14755197853789404,0.0,0.019450033534540577,4
1492.0,4981,6461,5,11,1480,241,220,28,0,1,0.003351206434316354,0.007372654155495978,0.16152815013404825,0.14745308310991956,0.0,0.01943699731903485,4
1493.0,4984,6461,5,11,1477,241,220,28,0,1,0.003348961821835231,0.007367716008037508,0.16141995981245813,0.14735432016075017,0.0,0.01942397856664434,4
1494.0,4987,6461,5,11,1474,241,220,29,0,1,0.0033467202141900937,0.007362784471218206,0.16131191432396252,0.14725568942436412,0.0,0.020080321285140562,4
1495.0,4990,6463,5,11,1473,242,220,29,0,1,0.0033444816053511705,0.007357859531772575,0.16187290969899665,0.14715719063545152,0.0,0.020066889632107024,4
1496.0,4993,6471,5,11,1478,242,220,29,0,1,0.0033422459893048127,0.007352941176470588,0.16176470588235295,0.14705882352941177,0.0,0.020053475935828877,4
1497.0,4996,6471,5,11,1475,242,221,29,0,1,0.0033400133600534404,0.007348029392117568,0.16165664662658652,0.14762859051436206,0.0,0.02004008016032064,4
1498.0,4999,6474,5,11,1475,242,221,29,0,1,0.0033377837116154874,0.007343124165554072,0.16154873164218958,0.14753004005340453,0.0,0.020026702269692925,4
1499.0,5002,6474,5,11,1472,242,221,29,0,1,0.00333555703802535,0.00733822548365577,0.16144096064042696,0.14743162108072047,0.0,0.0200133422281521,4
1500.0,5005,6474,5,11,1469,242,221,29,0,1,0.0033333333333333335,0.007333333333333333,0.16133333333333333,0.14733333333333334,0.0,0.02,4
1501.0,5008,6474,5,11,1466,242,221,29,0,1,0.0033311125916055963,0.0073284477015323115,0.16122584943371085,0.14723517654896737,0.0,0.019986675549633577,4
1502.0,5011,6474,5,11,1463,242,221,29,0,1,0.003328894806924101,0.007323568575233023,0.1611185086551265,0.14713715046604528,0.0,0.019973368841544607,4
1503.0,5014,6474,5,11,1460,242,222,29,0,1,0.00332667997338656,0.007318695941450432,0.16101131071190952,0.14770459081836326,0.0,0.01996007984031936,4
1504.0,5017,6477,5,11,1460,242,222,29,0,1,0.003324468085106383,0.007313829787234043,0.16090425531914893,0.14760638297872342,0.0,0.0199468085106383,4
1505.0,5020,6477,5,11,1457,242,223,29,0,1,0.0033222591362126247,0.007308970099667774,0.16079734219269104,0.14817275747508304,0.0,0.019933554817275746,4
1506.0,5023,6480,5,11,1457,242,223,29,0,1,0.0033200531208499337,0.0073041168658698535,0.16069057104913678,0.14807436918990705,0.0,0.0199203187250996,4
1507.0,5026,6480,5,11,1454,242,223,29,0,1,0.0033178500331785005,0.0072992700729927005,0.16058394160583941,0.1479761114797611,0.0,0.019907100199071003,4
1508.0,5029,6480,5,11,1451,242,223,29,0,1,0.0033156498673740055,0.007294429708222812,0.16047745358090185,0.14787798408488065,0.0,0.01989389920424403,4
1509.0,5032,6480,5,11,1448,242,223,29,0,1,0.0033134526176275677,0.00728959575878065,0.16037110669317428,0.14777998674618953,0.0,0.019880715705765408,4
1510.0,5035,6480,5,11,1445,242,223,29,0,1,0.0033112582781456954,0.00728476821192053,0.16026490066225166,0.147682119205298,0.0,0.019867549668874173,4
1511.0,5038,6480,5,11,1442,242,224,29,0,1,0.0033090668431502318,0.00727994705493051,0.1601588352084712,0.14824619457313037,0.0,0.01985440105890139,4
1512.0,5041,6483,5,11,1442,242,224,29,0,1,0.0033068783068783067,0.007275132275132275,0.16005291005291006,0.14814814814814814,0.0,0.01984126984126984,4
1513.0,5044,6483,5,11,1439,242,224,29,0,1,0.003304692663582287,0.007270323859881031,0.1599471249173827,0.14805023132848646,0.0,0.01982815598149372,4
1514.0,5047,6483,5,11,1436,242,224,29,0,1,0.0033025099075297227,0.00726552179656539,0.15984147952443858,0.14795244385733158,0.0,0.019815059445178335,4
1515.0,5050,6483,5,11,1433,242,224,29,0,1,0.0033003300330033004,0.007260726072607261,0.15973597359735975,0.14785478547854786,0.0,0.019801980198019802,4
1516.0,5053,6483,5,11,1430,242,224,29,0,1,0.0032981530343007917,0.007255936675461741,0.15963060686015831,0.14775725593667546,0.0,0.01978891820580475,4
1517.0,5054,6483,5,12,1429,242,224,29,0,1,0.0032959789057350032,0.007910349373764008,0.15952537903757416,0.14765985497692816,0.0,0.01977587343441002,4
1518.0,5099,6777,5,12,1678,242,224,29,0,1,0.0032938076416337285,0.007905138339920948,0.15942028985507245,0.14756258234519104,0.0,0.019762845849802372,4
1519.0,5102,6777,5,12,1675,242,224,29,0,1,0.0032916392363396972,0.007899934167215274,0.15931533903884135,0.14746543778801843,0.0,0.019749835418038184,4
1520.0,5105,6777,5,12,1672,242,224,29,0,1,0.003289473684210526,0.007894736842105263,0.15921052631578947,0.14736842105263157,0.0,0.019736842105263157,4
1521.0,5108,6777,5,12,1669,242,224,29,0,1,0.003287310979618672,0.007889546351084813,0.15910585141354372,0.1472715318869165,0.0,0.01972386587771203,4
1522.0,5111,6777,5,12,1666,242,224,29,0,1,0.0032851511169513796,0.00788436268068331,0.1590013140604468,0.1471747700394218,0.0,0.01971090670170828,4
1523.0,5114,6777,5,12,1663,242,224,29,0,1,0.003282994090610637,0.007879185817465528,0.15889691398555483,0.14707813525935653,0.0,0.01969796454366382,4
1524.0,5117,6777,5,12,1660,243,224,29,0,1,0.0032808398950131233,0.007874015748031496,0.1594488188976378,0.14698162729658792,0.0,0.01968503937007874,4
1525.0,5120,6785,5,12,1665,243,224,29,0,1,0.003278688524590164,0.007868852459016393,0.15934426229508197,0.14688524590163934,0.0,0.019672131147540985,4
1526.0,5123,6785,5,12,1662,243,224,29,0,1,0.00327653997378768,0.007863695937090432,0.15923984272608127,0.14678899082568808,0.0,0.019659239842726082,4
1527.0,5126,6785,5,12,1659,243,224,29,0,1,0.0032743942370661427,0.007858546168958742,0.15913555992141454,0.1466928618205632,0.0,0.019646365422396856,4
1528.0,5129,6785,5,12,1656,244,224,29,0,1,0.0032722513089005235,0.007853403141361256,0.15968586387434555,0.14659685863874344,0.0,0.01963350785340314,4
1529.0,5132,6793,5,12,1661,245,224,29,0,1,0.0032701111837802484,0.007848266841072597,0.16023544800523218,0.14650098103335513,0.0,0.01962066710268149,4
1530.0,5135,6801,5,12,1666,245,224,29,0,1,0.0032679738562091504,0.00784313725490196,0.16013071895424835,0.14640522875816994,0.0,0.0196078431372549,4
1531.0,5138,6801,5,12,1663,245,224,29,0,1,0.0032658393207054214,0.007838014369693011,0.16002612671456565,0.14630960156760286,0.0,0.019595035924232528,4
1532.0,5141,6801,5,12,1660,245,224,29,0,1,0.0032637075718015664,0.007832898172323759,0.15992167101827676,0.1462140992167102,0.0,0.0195822454308094,4
1533.0,5144,6801,5,12,1657,245,224,29,0,1,0.0032615786040443573,0.007827788649706457,0.1598173515981735,0.1461187214611872,0.0,0.019569471624266144,4
1534.0,5147,6801,5,12,1654,245,224,29,0,1,0.003259452411994785,0.007822685788787484,0.15971316818774445,0.14602346805736635,0.0,0.01955671447196871,4
1535.0,5150,6801,5,12,1651,245,224,29,0,1,0.003257328990228013,0.007817589576547232,0.15960912052117263,0.14592833876221498,0.0,0.019543973941368076,4
1536.0,5153,6801,5,12,1648,245,224,29,0,1,0.0032552083333333335,0.0078125,0.15950520833333334,0.14583333333333334,0.0,0.01953125,4
1537.0,5156,6801,5,12,1645,245,224,29,0,1,0.0032530904359141183,0.007807417046193884,0.1594014313597918,0.1457384515289525,0.0,0.01951854261548471,4
1538.0,5159,6801,5,12,1642,245,224,29,0,1,0.003250975292587776,0.007802340702210663,0.15929778933680103,0.14564369310793238,0.0,0.01950585175552666,4
1539.0,5162,6801,5,12,1639,245,225,29,0,1,0.003248862897985705,0.007797270955165692,0.15919428200129954,0.14619883040935672,0.0,0.01949317738791423,4
1540.0,5165,6804,5,12,1639,245,225,29,0,1,0.003246753246753247,0.007792207792207792,0.1590909090909091,0.1461038961038961,0.0,0.01948051948051948,4
1541.0,5168,6804,5,12,1636,245,225,29,0,1,0.003244646333549643,0.007787151200519144,0.15898767034393252,0.14600908500973395,0.0,0.01946787800129786,4
1542.0,5171,6804,5,12,1633,245,225,29,0,1,0.00324254215304799,0.007782101167315175,0.15888456549935148,0.14591439688715954,0.0,0.019455252918287938,4
1543.0,5174,6804,5,12,1630,245,225,29,0,1,0.0032404406999351912,0.007777057679844459,0.15878159429682437,0.1458198314970836,0.0,0.019442644199611146,4
1544.0,5177,6804,5,12,1627,246,225,29,0,1,0.003238341968911917,0.007772020725388601,0.15932642487046633,0.14572538860103626,0.0,0.019430051813471502,4
1545.0,5180,6812,5,12,1632,246,226,29,0,1,0.003236245954692557,0.007766990291262136,0.15922330097087378,0.14627831715210357,0.0,0.019417475728155338,4
1546.0,5183,6815,5,12,1632,246,226,29,0,1,0.003234152652005175,0.007761966364812419,0.1591203104786546,0.1461836998706339,0.0,0.019404915912031046,4
1547.0,5186,6815,5,12,1629,246,226,29,0,1,0.003232062055591467,0.007756948933419522,0.15901745313510018,0.14608920491273433,0.0,0.019392372333548805,4
1548.0,5189,6815,5,12,1626,246,226,29,0,1,0.003229974160206718,0.007751937984496124,0.15891472868217055,0.14599483204134367,0.0,0.01937984496124031,4
1549.0,5192,6815,5,12,1623,247,226,29,0,1,0.0032278889606197547,0.007746933505487412,0.1594577146546159,0.1459005810200129,0.0,0.019367333763718526,4
1550.0,5195,6823,5,12,1628,247,226,29,0,1,0.0032258064516129032,0.007741935483870968,0.15935483870967743,0.14580645161290323,0.0,0.01935483870967742,4
1551.0,5198,6823,5,12,1625,247,226,29,0,1,0.003223726627981947,0.007736943907156673,0.1592520954223082,0.14571244358478402,0.0,0.019342359767891684,4
1552.0,5201,6823,5,12,1622,247,226,29,0,1,0.0032216494845360823,0.007731958762886598,0.15914948453608246,0.14561855670103094,0.0,0.019329896907216496,4
1553.0,5204,6823,5,12,1619,247,226,29,0,1,0.003219575016097875,0.0077269800386349004,0.15904700579523504,0.14552479072762395,0.0,0.019317450096587252,4
1554.0,5207,6823,5,12,1616,247,226,29,0,1,0.0032175032175032173,0.007722007722007722,0.15894465894465895,0.14543114543114544,0.0,0.019305019305019305,4
1555.0,5210,6823,5,12,1613,247,226,29,0,1,0.003215434083601286,0.0077170418006430866,0.15884244372990353,0.14533762057877814,0.0,0.01929260450160772,4
1556.0,5213,6823,5,12,1610,247,227,29,0,1,0.003213367609254499,0.007712082262210797,0.15874035989717222,0.14588688946015424,0.0,0.019280205655526992,4
1557.0,5216,6826,5,12,1610,247,227,29,0,1,0.0032113037893384713,0.007707129094412331,0.15863840719332048,0.1457931920359666,0.0,0.019267822736030827,4
1558.0,5219,6826,5,12,1607,247,228,29,0,1,0.003209242618741977,0.007702182284980745,0.15853658536585366,0.14634146341463414,0.0,0.019255455712451863,4
1559.0,5222,6829,5,12,1607,247,228,29,0,1,0.003207184092366902,0.007697241821680564,0.15843489416292494,0.14624759461193074,0.0,0.01924310455420141,4
1560.0,5225,6829,5,12,1604,248,228,29,0,1,0.003205128205128205,0.007692307692307693,0.15897435897435896,0.14615384615384616,0.0,0.019230769230769232,4
1561.0,5228,6837,5,12,1609,248,228,29,0,1,0.0032030749519538757,0.007687379884689302,0.15887251761691223,0.14606021780909673,0.0,0.019218449711723255,4
1562.0,5231,6837,5,12,1606,248,228,29,0,1,0.003201024327784891,0.0076824583866837385,0.1587708066581306,0.14596670934699105,0.0,0.019206145966709345,4
1563.0,5234,6837,5,12,1603,248,228,29,0,1,0.003198976327575176,0.007677543186180422,0.15866922584772872,0.14587332053742802,0.0,0.019193857965451054,4
1564.0,5237,6837,5,12,1600,248,228,29,0,1,0.00319693094629156,0.0076726342710997444,0.1585677749360614,0.14578005115089515,0.0,0.01918158567774936,4
1565.0,5240,6837,5,12,1597,248,228,29,0,1,0.003194888178913738,0.0076677316293929714,0.1584664536741214,0.14568690095846645,0.0,0.019169329073482427,4
1566.0,5243,6837,5,12,1594,248,228,29,0,1,0.0031928480204342275,0.007662835249042145,0.1583652618135377,0.14559386973180077,0.0,0.019157088122605363,4
1567.0,5246,6837,5,12,1591,248,228,29,0,1,0.003190810465858328,0.007657945118059987,0.15826419910657308,0.14550095724313974,0.0,0.01914486279514997,4
1568.0,5249,6837,5,12,1588,248,228,29,0,1,0.0031887755102040817,0.007653061224489796,0.15816326530612246,0.14540816326530612,0.0,0.01913265306122449,4
1569.0,5252,6837,5,12,1585,249,228,29,0,1,0.0031867431485022306,0.0076481835564053535,0.1586998087954111,0.14531548757170173,0.0,0.019120458891013385,4
1570.0,5255,6845,5,12,1590,250,228,29,0,1,0.0031847133757961785,0.007643312101910828,0.1592356687898089,0.14522292993630573,0.0,0.01910828025477707,4
1571.0,5258,6853,5,12,1595,251,228,29,0,1,0.003182686187141948,0.0076384468491406746,0.15977084659452578,0.14513049013367282,0.0,0.019096117122851686,4
1572.0,5261,6861,5,12,1600,251,228,29,0,1,0.0031806615776081423,0.007633587786259542,0.15966921119592875,0.1450381679389313,0.0,0.019083969465648856,4
1573.0,5264,6861,5,12,1597,252,228,29,0,1,0.003178639542275906,0.007628734901462174,0.16020343293070566,0.1449459631277813,0.0,0.019071837253655435,4
1574.0,5267,6869,5,12,1602,252,228,29,0,1,0.0031766200762388818,0.007623888182973317,0.16010165184243966,0.144853875476493,0.0,0.01905972045743329,4
1575.0,5270,6869,5,12,1599,252,228,29,0,1,0.0031746031746031746,0.007619047619047619,0.16,0.14476190476190476,0.0,0.01904761904761905,4
1576.0,5273,6869,5,12,1596,252,228,29,0,1,0.0031725888324873096,0.007614213197969543,0.1598984771573604,0.1446700507614213,0.0,0.01903553299492386,4
1577.0,5276,6869,5,12,1593,252,228,29,0,1,0.0031705770450221942,0.007609384908053266,0.15979708306911858,0.14457831325301204,0.0,0.019023462270133164,4
1578.0,5279,6869,5,12,1590,252,228,29,0,1,0.0031685678073510772,0.0076045627376425855,0.1596958174904943,0.1444866920152091,0.0,0.019011406844106463,4
1579.0,5282,6869,5,12,1587,252,228,30,0,1,0.0031665611146295125,0.007599746675110829,0.15959468017732742,0.14439518682710575,0.0,0.019632678910702975,4
1580.0,5285,6871,5,12,1586,252,228,30,0,1,0.0031645569620253164,0.007594936708860759,0.15949367088607594,0.14430379746835442,0.0,0.019620253164556962,4
1581.0,5288,6871,5,12,1583,252,228,30,0,1,0.0031625553447185324,0.007590132827324478,0.15939278937381404,0.1442125237191651,0.0,0.0196078431372549,4
1582.0,5291,6871,5,12,1580,252,228,30,0,1,0.0031605562579013905,0.007585335018963337,0.1592920353982301,0.14412136536030343,0.0,0.019595448798988623,4
1583.0,5294,6871,5,12,1577,252,228,30,0,1,0.003158559696778269,0.007580543272267846,0.15919140871762477,0.14403032217308906,0.0,0.01958307012002527,4
1584.0,5297,6871,5,12,1574,252,228,30,0,1,0.0031565656565656565,0.007575757575757576,0.1590909090909091,0.14393939393939395,0.0,0.019570707070707072,4
1585.0,5300,6871,5,12,1571,252,228,30,0,1,0.0031545741324921135,0.007570977917981073,0.1589905362776025,0.14384858044164037,0.0,0.019558359621451103,4
1586.0,5303,6871,5,12,1568,252,229,30,0,1,0.0031525851197982345,0.007566204287515763,0.15889029003783103,0.14438839848675913,0.0,0.019546027742749054,4
1587.0,5306,6874,5,12,1568,253,229,30,0,1,0.00315059861373661,0.007561436672967864,0.15942028985507245,0.14429741650913674,0.0,0.019533711405166982,4
1588.0,5309,6882,5,12,1573,253,229,30,0,1,0.0031486146095717885,0.007556675062972292,0.15931989924433249,0.1442065491183879,0.0,0.01952141057934509,4
1589.0,5312,6882,5,12,1570,253,230,30,0,1,0.0031466331025802393,0.007551919446192574,0.1592196349905601,0.144745122718691,0.0,0.019509125235997484,4
1590.0,5315,6885,5,12,1570,254,230,30,0,1,0.0031446540880503146,0.007547169811320755,0.15974842767295597,0.14465408805031446,0.0,0.01949685534591195,4
1591.0,5318,6893,5,12,1575,254,230,30,0,1,0.0031426775612822125,0.00754242614707731,0.1596480201131364,0.14456316781898176,0.0,0.01948460087994972,4
1592.0,5321,6893,5,12,1572,254,230,30,0,1,0.00314070351758794,0.007537688442211055,0.15954773869346733,0.1444723618090452,0.0,0.019472361809045227,4
1593.0,5324,6893,5,12,1569,254,230,30,0,1,0.003138731952291274,0.007532956685499058,0.15944758317639673,0.14438166980539863,0.0,0.0194601381042059,4
1594.0,5327,6893,5,12,1566,254,230,30,0,1,0.003136762860727729,0.0075282308657465494,0.15934755332496864,0.14429109159347553,0.0,0.01944792973651192,4
1595.0,5330,6893,5,12,1563,255,230,30,0,1,0.003134796238244514,0.007523510971786834,0.15987460815047022,0.14420062695924765,0.0,0.019435736677115987,4
1596.0,5333,6901,5,12,1568,255,230,30,0,1,0.003132832080200501,0.007518796992481203,0.15977443609022557,0.14411027568922305,0.0,0.019423558897243107,4
1597.0,5336,6901,5,12,1565,255,230,30,0,1,0.0031308703819661866,0.007514088916718848,0.1596743894802755,0.14402003757044457,0.0,0.019411396368190358,4
1598.0,5339,6901,5,12,1562,255,230,30,0,1,0.0031289111389236545,0.007509386733416771,0.1595744680851064,0.1439299123904881,0.0,0.01939924906132666,4
1599.0,5342,6901,5,12,1559,255,230,30,0,1,0.0031269543464665416,0.0075046904315197,0.15947467166979362,0.1438398999374609,0.0,0.01938711694809256,4
1600.0,5343,6901,6,12,1558,255,230,30,0,1,0.00375,0.0075,0.159375,0.14375,0.0,0.019375,4
1601.0,5362,7013,6,12,1651,255,230,30,0,1,0.0037476577139287947,0.007495315427857589,0.15927545284197375,0.14366021236727045,0.0,0.019362898188632106,4
1602.0,5365,7013,6,12,1648,256,230,30,0,1,0.003745318352059925,0.00749063670411985,0.15980024968789014,0.14357053682896379,0.0,0.019350811485642945,4
1603.0,5368,7021,6,12,1653,257,230,30,0,1,0.0037429819089207735,0.007485963817841547,0.1603243917654398,0.14348097317529632,0.0,0.01933873986275733,4
1604.0,5371,7029,6,12,1658,257,230,30,0,1,0.003740648379052369,0.007481296758104738,0.16022443890274315,0.1433915211970075,0.0,0.019326683291770574,4
1605.0,5374,7029,6,12,1655,257,230,30,0,1,0.003738317757009346,0.007476635514018692,0.1601246105919003,0.14330218068535824,0.0,0.019314641744548288,4
1606.0,5377,7029,6,12,1652,258,230,30,0,1,0.0037359900373599006,0.007471980074719801,0.16064757160647572,0.1432129514321295,0.0,0.019302615193026153,4
1607.0,5380,7037,6,12,1657,258,231,30,0,1,0.00373366521468575,0.0074673304293715,0.16054760423148726,0.14374611076540136,0.0,0.019290603609209707,4
1608.0,5383,7040,6,12,1657,258,231,30,0,1,0.0037313432835820895,0.007462686567164179,0.16044776119402984,0.14365671641791045,0.0,0.01927860696517413,4
1609.0,5386,7040,6,12,1654,258,231,30,0,1,0.0037290242386575512,0.0074580484773151025,0.1603480422622747,0.14356743318831572,0.0,0.019266625233064015,4
1610.0,5389,7040,6,12,1651,258,231,30,0,1,0.0037267080745341614,0.007453416149068323,0.16024844720496895,0.14347826086956522,0.0,0.019254658385093167,4
1611.0,5392,7040,6,12,1648,258,231,30,0,1,0.0037243947858473,0.0074487895716946,0.1601489757914339,0.14338919925512103,0.0,0.019242706393544383,4
1612.0,5395,7040,6,12,1645,259,231,30,0,1,0.0037220843672456576,0.007444168734491315,0.1606699751861042,0.1433002481389578,0.0,0.019230769230769232,4
1613.0,5398,7048,6,12,1650,259,231,30,0,1,0.0037197768133911966,0.007439553626782393,0.1605703657780533,0.14321140731556106,0.0,0.019218846869187848,4
1614.0,5401,7048,6,12,1647,259,231,30,0,1,0.0037174721189591076,0.007434944237918215,0.16047087980173483,0.14312267657992564,0.0,0.019206939281288724,4
1615.0,5404,7048,6,12,1644,260,231,30,0,1,0.0037151702786377707,0.007430340557275541,0.1609907120743034,0.14303405572755418,0.0,0.019195046439628483,4
1616.0,5407,7056,6,12,1649,260,231,30,0,1,0.0037128712871287127,0.007425742574257425,0.1608910891089109,0.14294554455445543,0.0,0.019183168316831683,4
1617.0,5410,7056,6,12,1646,260,231,30,0,1,0.0037105751391465678,0.0074211502782931356,0.16079158936301793,0.14285714285714285,0.0,0.0191713048855906,4
1618.0,5413,7056,6,12,1643,260,231,30,0,1,0.003708281829419036,0.007416563658838072,0.16069221260815822,0.14276885043263288,0.0,0.019159456118665017,4
1619.0,5416,7056,6,12,1640,260,232,30,0,1,0.0037059913526868438,0.0074119827053736875,0.1605929586164299,0.1432983323038913,0.0,0.019147621988882025,4
1620.0,5419,7059,6,12,1640,260,232,30,0,1,0.003703703703703704,0.007407407407407408,0.16049382716049382,0.14320987654320988,0.0,0.019135802469135803,4
1621.0,5422,7059,6,12,1637,261,232,30,0,1,0.003701418877236274,0.007402837754472548,0.1610117211597779,0.1431215299198026,0.0,0.019123997532387416,4
1622.0,5425,7067,6,12,1642,261,232,30,0,1,0.0036991368680641184,0.007398273736128237,0.16091245376078914,0.14303329223181258,0.0,0.01911220715166461,4
1623.0,5428,7067,6,12,1639,262,232,30,0,1,0.0036968576709796672,0.0073937153419593345,0.1614294516327788,0.14294516327788045,0.0,0.019100431300061615,4
1624.0,5431,7075,6,12,1644,263,232,30,0,1,0.003694581280788177,0.007389162561576354,0.16194581280788178,0.14285714285714285,0.0,0.019088669950738917,4
1625.0,5434,7083,6,12,1649,263,233,30,0,1,0.0036923076923076922,0.0073846153846153844,0.16184615384615383,0.1433846153846154,0.0,0.019076923076923078,4
1626.0,5437,7086,6,12,1649,263,233,30,0,1,0.0036900369003690036,0.007380073800738007,0.16174661746617466,0.14329643296432965,0.0,0.019065190651906518,4
1627.0,5440,7086,6,12,1646,263,233,30,0,1,0.0036877688998156115,0.007375537799631223,0.16164720344191763,0.1432083589428396,0.0,0.019053472649047325,4
1628.0,5443,7086,6,12,1643,263,233,30,0,1,0.0036855036855036856,0.007371007371007371,0.16154791154791154,0.14312039312039312,0.0,0.019041769041769043,4
1629.0,5446,7086,6,12,1640,264,233,30,0,1,0.003683241252302026,0.007366482504604052,0.16206261510128914,0.14303253529772866,0.0,0.019030079803560467,4
1630.0,5449,7094,6,12,1645,264,233,30,0,1,0.0036809815950920245,0.007361963190184049,0.1619631901840491,0.14294478527607363,0.0,0.01901840490797546,4
1631.0,5452,7094,6,12,1642,264,233,30,0,1,0.003678724708767627,0.007357449417535254,0.1618638871857756,0.14285714285714285,0.0,0.01900674432863274,4
1632.0,5455,7094,6,12,1639,264,233,30,0,1,0.003676470588235294,0.007352941176470588,0.16176470588235295,0.14276960784313725,0.0,0.018995098039215685,4
1633.0,5458,7094,6,12,1636,264,233,30,0,1,0.003674219228413962,0.007348438456827924,0.16166564605021433,0.14268218003674218,0.0,0.018983466013472138,4
1634.0,5461,7094,6,12,1633,265,233,30,0,1,0.0036719706242350062,0.0073439412484700125,0.16217870257037945,0.14259485924112608,0.0,0.018971848225214197,4
1635.0,5464,7102,6,12,1638,266,233,30,0,1,0.003669724770642202,0.007339449541284404,0.16269113149847095,0.14250764525993884,0.0,0.018960244648318043,4
1636.0,5467,7110,6,12,1643,266,233,30,0,1,0.003667481662591687,0.007334963325183374,0.1625916870415648,0.14242053789731052,0.0,0.018948655256723717,4
1637.0,5470,7110,6,12,1640,266,233,30,0,1,0.0036652412950519244,0.007330482590103849,0.1624923640806353,0.14233353695784973,0.0,0.018937080024434942,4
1638.0,5473,7110,6,12,1637,266,234,30,0,1,0.003663003663003663,0.007326007326007326,0.1623931623931624,0.14285714285714285,0.0,0.018925518925518924,4
1639.0,5476,7113,6,12,1637,267,234,30,0,1,0.0036607687614399025,0.007321537522879805,0.16290420988407567,0.1427699816961562,0.0,0.018913971934106162,4
1640.0,5479,7121,6,12,1642,268,234,30,0,1,0.003658536585365854,0.007317073170731708,0.16341463414634147,0.14268292682926828,0.0,0.018902439024390243,4
1641.0,5482,7129,6,12,1647,268,234,30,0,1,0.003656307129798903,0.007312614259597806,0.16331505179768435,0.1425959780621572,0.0,0.018890920170627667,4
1642.0,5485,7129,6,12,1644,268,234,30,0,1,0.0036540803897685747,0.007308160779537149,0.16321559074299635,0.1425091352009744,0.0,0.018879415347137638,4
1643.0,5486,7129,6,12,1643,268,234,30,0,2,0.0036518563603164943,0.007303712720632989,0.1631162507608034,0.14242239805234327,0.0,0.019476567255021303,4
1644.0,5487,7130,6,12,1643,268,234,30,0,2,0.0036496350364963502,0.0072992700729927005,0.1630170316301703,0.14233576642335766,0.0,0.019464720194647202,4
1645.0,5488,7130,7,12,1642,268,234,30,0,2,0.00425531914893617,0.00729483282674772,0.16291793313069908,0.14224924012158055,0.0,0.019452887537993922,4
1646.0,5507,7242,7,12,1735,268,234,30,0,2,0.00425273390036452,0.007290400972053463,0.16281895504252733,0.1421628189550425,0.0,0.019441069258809233,4
1647.0,5510,7242,7,12,1732,268,234,30,0,2,0.004250151791135397,0.007285974499089253,0.16272009714632665,0.14207650273224043,0.0,0.019429265330904676,4
1648.0,5513,7242,7,12,1729,269,234,30,0,2,0.00424757281553398,0.007281553398058253,0.16322815533980584,0.14199029126213591,0.0,0.019417475728155338,4
1649.0,5516,7250,7,12,1734,270,234,30,0,2,0.004244996967859308,0.0072771376591873865,0.1637355973317162,0.14190418435415403,0.0,0.019405700424499697,4
1650.0,5519,7258,7,12,1739,270,234,30,0,2,0.004242424242424243,0.007272727272727273,0.16363636363636364,0.14181818181818182,0.0,0.019393939393939394,4
1651.0,5522,7258,7,12,1736,270,234,30,0,2,0.004239854633555421,0.0072683222289521504,0.16353725015142337,0.14173228346456693,0.0,0.019382192610539067,4
1652.0,5525,7258,7,12,1733,271,234,30,0,2,0.00423728813559322,0.007263922518159807,0.16404358353510895,0.14164648910411623,0.0,0.01937046004842615,4
1653.0,5528,7266,7,12,1738,271,234,30,0,2,0.004234724742891712,0.007259528130671506,0.16394434361766486,0.14156079854809436,0.0,0.019358741681790685,4
1654.0,5531,7266,7,12,1735,271,234,30,0,2,0.004232164449818622,0.007255139056831923,0.16384522370012092,0.1414752116082225,0.0,0.019347037484885126,4
1655.0,5534,7266,7,12,1732,272,234,30,0,2,0.004229607250755287,0.0072507552870090634,0.16435045317220545,0.14138972809667674,0.0,0.01933534743202417,4
1656.0,5537,7274,7,12,1737,272,234,30,0,2,0.004227053140096618,0.007246376811594203,0.1642512077294686,0.14130434782608695,0.0,0.01932367149758454,4
1657.0,5540,7274,7,12,1734,273,234,30,0,2,0.004224502112251056,0.00724200362100181,0.1647555823777912,0.1412190706095353,0.0,0.01931200965600483,4
1658.0,5543,7282,7,12,1739,273,234,30,0,2,0.004221954161640531,0.007237635705669481,0.1646562123039807,0.1411338962605549,0.0,0.019300361881785282,4
1659.0,5546,7282,7,12,1736,273,234,30,0,2,0.004219409282700422,0.007233273056057866,0.16455696202531644,0.1410488245931284,0.0,0.019288728149487643,4
1660.0,5549,7282,7,12,1733,273,235,30,0,2,0.004216867469879518,0.007228915662650603,0.1644578313253012,0.14156626506024098,0.0,0.01927710843373494,4
1661.0,5552,7285,7,12,1733,273,235,30,0,2,0.004214328717639976,0.007224563515954244,0.16435881998795907,0.14148103552077063,0.0,0.01926550270921132,4
1662.0,5555,7285,7,12,1730,274,235,30,0,2,0.00421179302045728,0.007220216606498195,0.1648616125150421,0.14139590854392298,0.0,0.019253910950661854,4
1663.0,5558,7293,7,12,1735,274,235,30,0,2,0.004209260372820205,0.0072158749248346366,0.16476247745039085,0.1413108839446783,0.0,0.019242333132892364,4
1664.0,5561,7293,7,12,1732,274,235,30,0,2,0.004206730769230769,0.007211538461538462,0.16466346153846154,0.14122596153846154,0.0,0.019230769230769232,4
1665.0,5564,7293,7,12,1729,274,235,30,0,2,0.004204204204204204,0.007207207207207207,0.16456456456456456,0.14114114114114115,0.0,0.01921921921921922,4
1666.0,5567,7293,7,12,1726,274,235,30,0,2,0.004201680672268907,0.007202881152460984,0.1644657863145258,0.14105642256902762,0.0,0.01920768307322929,4
1667.0,5570,7293,7,12,1723,274,235,30,0,2,0.004199160167966407,0.007198560287942412,0.16436712657468505,0.14097180563887224,0.0,0.01919616076784643,4
1668.0,5573,7293,7,12,1720,274,235,30,0,2,0.004196642685851319,0.007194244604316547,0.1642685851318945,0.14088729016786572,0.0,0.019184652278177457,4
1669.0,5576,7293,7,12,1717,275,235,30,0,2,0.004194128220491312,0.007189934092270821,0.16476932294787297,0.14080287597363692,0.0,0.019173157579388856,4
1670.0,5579,7301,7,12,1722,275,236,30,0,2,0.004191616766467066,0.00718562874251497,0.16467065868263472,0.14131736526946106,0.0,0.019161676646706587,4
1671.0,5582,7304,7,12,1722,275,236,30,0,2,0.004189108318372232,0.00718132854578097,0.16457211250748055,0.1412327947336924,0.0,0.019150209455415918,4
1672.0,5585,7304,7,12,1719,275,237,30,0,2,0.004186602870813397,0.007177033492822967,0.16447368421052633,0.1417464114832536,0.0,0.019138755980861243,4
1673.0,5588,7307,7,12,1719,275,238,30,0,2,0.0041841004184100415,0.007172743574417215,0.1643753735803945,0.14225941422594143,0.0,0.019127316198445904,4
1674.0,5591,7310,7,12,1719,275,238,30,0,2,0.004181600955794504,0.007168458781362007,0.16427718040621267,0.14217443249701314,0.0,0.019115890083632018,4
1675.0,5594,7310,7,12,1716,275,238,30,0,2,0.00417910447761194,0.007164179104477612,0.16417910447761194,0.14208955223880598,0.0,0.0191044776119403,4
1676.0,5597,7310,7,12,1713,275,238,30,0,2,0.004176610978520286,0.007159904534606206,0.16408114558472553,0.14200477326968974,0.0,0.01909307875894988,4
1677.0,5600,7310,7,12,1710,275,238,30,0,2,0.0041741204531902205,0.007155635062611807,0.16398330351818724,0.1419200954084675,0.0,0.01908169350029815,4
1678.0,5603,7310,7,12,1707,275,238,30,0,2,0.004171632896305125,0.007151370679380214,0.16388557806912993,0.14183551847437426,0.0,0.01907032181168057,4
1679.0,5606,7310,7,12,1704,275,238,30,0,2,0.004169148302561048,0.00714711137581894,0.16378796902918405,0.14175104228707563,0.0,0.019058963668850508,4
1680.0,5609,7310,7,12,1701,275,239,30,0,2,0.004166666666666667,0.007142857142857143,0.1636904761904762,0.14226190476190476,0.0,0.01904761904761905,4
1681.0,5612,7313,7,12,1701,275,240,30,0,2,0.004164187983343248,0.007138607971445568,0.1635930993456276,0.14277215942891136,0.0,0.01903628792385485,4
1682.0,5615,7316,7,12,1701,275,240,30,0,2,0.004161712247324614,0.007134363852556481,0.1634958382877527,0.1426872770511296,0.0,0.019024970273483946,4
1683.0,5618,7316,7,12,1698,275,240,30,0,2,0.0041592394533571005,0.0071301247771836,0.16339869281045752,0.14260249554367202,0.0,0.019013666072489603,4
1684.0,5621,7316,7,12,1695,276,240,30,0,2,0.004156769596199525,0.007125890736342043,0.16389548693586697,0.14251781472684086,0.0,0.019002375296912115,4
1685.0,5624,7324,7,12,1700,276,240,30,0,2,0.004154302670623145,0.007121661721068249,0.16379821958456972,0.142433234421365,0.0,0.018991097922848664,4
1686.0,5627,7324,7,12,1697,276,240,30,0,2,0.004151838671411625,0.0071174377224199285,0.16370106761565836,0.1423487544483986,0.0,0.018979833926453145,4
1687.0,5630,7324,7,12,1694,277,240,30,0,2,0.004149377593360996,0.007113218731475993,0.16419679905157084,0.14226437462951985,0.0,0.01896858328393598,4
1688.0,5633,7332,7,12,1699,277,240,30,0,2,0.004146919431279621,0.0071090047393364926,0.1640995260663507,0.14218009478672985,0.0,0.018957345971563982,4
1689.0,5636,7332,7,12,1696,278,240,30,0,2,0.0041444641799881585,0.007104795737122558,0.16459443457667258,0.14209591474245115,0.0,0.018946121965660152,4
1690.0,5639,7340,7,12,1701,278,240,30,0,2,0.004142011834319527,0.007100591715976331,0.16449704142011834,0.14201183431952663,0.0,0.01893491124260355,4
1691.0,5642,7340,7,12,1698,278,240,30,0,2,0.004139562389118865,0.007096392667060911,0.16439976345357776,0.1419278533412182,0.0,0.018923713778829097,4
1692.0,5645,7340,7,12,1695,278,240,30,0,2,0.004137115839243499,0.0070921985815602835,0.16430260047281323,0.14184397163120568,0.0,0.018912529550827423,4
1693.0,5648,7340,7,12,1692,278,240,30,0,2,0.004134672179562906,0.0070880094506792675,0.1642055522740697,0.14176018901358536,0.0,0.018901358535144713,4
1694.0,5651,7340,7,12,1689,278,240,30,0,3,0.004132231404958678,0.0070838252656434475,0.1641086186540732,0.14167650531286896,0.0,0.01948051948051948,4
1695.0,5652,7341,7,12,1689,278,240,30,0,3,0.004129793510324484,0.007079646017699115,0.1640117994100295,0.1415929203539823,0.0,0.019469026548672566,4
1696.0,5653,7341,7,13,1688,278,240,30,0,3,0.004127358490566038,0.0076650943396226415,0.16391509433962265,0.14150943396226415,0.0,0.01945754716981132,4
1697.0,5698,7635,7,13,1937,278,241,30,0,3,0.0041249263406010605,0.0076605774896876845,0.16381850324101355,0.14201532115497936,0.0,0.019446081319976428,4
1698.0,5701,7638,7,13,1937,278,241,30,0,3,0.004122497055359246,0.0076560659599528855,0.16372202591283863,0.1419316843345112,0.0,0.019434628975265017,4
1699.0,5704,7638,7,13,1934,278,241,30,0,3,0.004120070629782225,0.007651559741024131,0.16362566215420835,0.1418481459682166,0.0,0.01942319011183049,4
1700.0,5707,7638,7,13,1931,278,242,30,0,3,0.00411764705882353,0.007647058823529412,0.1635294117647059,0.1423529411764706,0.0,0.019411764705882354,4
1701.0,5710,7641,7,13,1931,278,242,30,0,3,0.00411522633744856,0.007642563198118754,0.16343327454438566,0.1422692533803645,0.0,0.019400352733686066,4
1702.0,5713,7641,7,13,1928,278,242,30,0,3,0.004112808460634548,0.00763807285546416,0.16333725029377202,0.14218566392479437,0.0,0.019388954171562868,4
1703.0,5716,7641,7,13,1925,278,242,30,0,3,0.004110393423370522,0.007633587786259542,0.1632413388138579,0.14210217263652378,0.0,0.019377568995889608,4
1704.0,5719,7641,7,13,1922,278,242,30,0,3,0.004107981220657277,0.007629107981220657,0.16314553990610328,0.142018779342723,0.0,0.01936619718309859,4
1705.0,5722,7641,7,13,1919,278,242,30,0,3,0.004105571847507331,0.007624633431085044,0.16304985337243402,0.14193548387096774,0.0,0.01935483870967742,4
1706.0,5725,7641,7,13,1916,279,242,30,0,3,0.004103165298944901,0.0076201641266119575,0.16354044548651817,0.141852286049238,0.0,0.019343493552168817,4
1707.0,5728,7649,7,13,1921,279,243,30,0,3,0.004100761570005858,0.007615700058582308,0.1634446397188049,0.14235500878734622,0.0,0.019332161687170474,4
1708.0,5731,7652,7,13,1921,279,244,30,0,3,0.004098360655737705,0.007611241217798595,0.16334894613583137,0.14285714285714285,0.0,0.019320843091334895,4
1709.0,5734,7655,7,13,1921,279,245,30,0,3,0.004095962551199532,0.0076067875950848445,0.16325336454066705,0.14335868929198362,0.0,0.01930953774136922,4
1710.0,5737,7658,7,13,1921,279,245,30,0,3,0.004093567251461989,0.00760233918128655,0.1631578947368421,0.14327485380116958,0.0,0.01929824561403509,4
1711.0,5740,7658,7,13,1918,279,246,30,0,3,0.004091174751607247,0.007597895967270602,0.16306253652834599,0.14377556984219755,0.0,0.01928696668614845,4
1712.0,5743,7661,7,13,1918,279,246,30,0,3,0.0040887850467289715,0.007593457943925234,0.16296728971962618,0.14369158878504673,0.0,0.019275700934579438,4
1713.0,5746,7661,7,13,1915,279,246,30,0,3,0.004086398131932283,0.007589025102159953,0.1628721541155867,0.1436077057793345,0.0,0.01926444833625219,4
1714.0,5749,7661,7,13,1912,279,246,30,0,3,0.004084014002333722,0.007584597432905484,0.16277712952158693,0.14352392065344224,0.0,0.019253208868144692,4
1715.0,5752,7661,7,13,1909,279,247,30,0,3,0.004081632653061225,0.007580174927113703,0.16268221574344024,0.14402332361516035,0.0,0.01924198250728863,4
1716.0,5755,7664,7,13,1909,279,247,30,0,3,0.004079254079254079,0.007575757575757576,0.16258741258741258,0.14393939393939395,0.0,0.019230769230769232,4
1717.0,5758,7664,7,13,1906,279,247,30,0,3,0.004076878276062901,0.007571345369831101,0.16249271986022132,0.14385556202679092,0.0,0.0192195690157251,4
1718.0,5761,7664,7,13,1903,279,248,30,0,3,0.004074505238649592,0.007566938300349243,0.16239813736903377,0.14435389988358557,0.0,0.01920838183934808,4
1719.0,5764,7667,7,13,1903,279,248,30,0,3,0.004072134962187318,0.0075625363583478765,0.16230366492146597,0.14426992437463643,0.0,0.019197207678883072,4
1720.0,5767,7667,7,13,1900,280,248,30,0,3,0.004069767441860465,0.007558139534883721,0.16279069767441862,0.14418604651162792,0.0,0.01918604651162791,4
1721.0,5770,7675,7,13,1905,280,248,30,0,3,0.004067402672864613,0.007553747821034283,0.16269610691458455,0.14410226612434632,0.0,0.01917489831493318,4
1722.0,5773,7675,7,13,1902,280,248,30,0,3,0.0040650406504065045,0.007549361207897794,0.16260162601626016,0.1440185830429733,0.0,0.01916376306620209,4
1723.0,5776,7675,7,13,1899,281,248,30,0,3,0.004062681369704005,0.0075449796865931515,0.16308763784097505,0.14393499709808474,0.0,0.019152640742890307,4
1724.0,5779,7683,7,13,1904,281,248,30,0,3,0.004060324825986079,0.0075406032482598605,0.16299303944315546,0.14385150812064965,0.0,0.0191415313225058,4
1725.0,5782,7683,7,13,1901,281,248,30,0,3,0.004057971014492754,0.007536231884057971,0.1628985507246377,0.14376811594202898,0.0,0.019130434782608695,4
1726.0,5785,7683,7,13,1898,281,248,30,0,3,0.004055619930475087,0.007531865585168019,0.16280417149478563,0.1436848203939745,0.0,0.019119351100811123,4
1727.0,5788,7683,7,13,1895,282,248,30,0,3,0.004053271569195136,0.007527504342790967,0.16328894035900404,0.1436016213086277,0.0,0.01910828025477707,4
1728.0,5791,7691,7,13,1900,283,248,30,0,3,0.004050925925925926,0.007523148148148148,0.16377314814814814,0.14351851851851852,0.0,0.019097222222222224,4
1729.0,5794,7699,7,13,1905,283,249,30,0,3,0.004048582995951417,0.007518796992481203,0.16367842683632158,0.14401388085598613,0.0,0.019086176980913822,4
1730.0,5797,7702,7,13,1905,283,249,30,0,3,0.004046242774566474,0.007514450867052023,0.16358381502890174,0.1439306358381503,0.0,0.01907514450867052,4
1731.0,5800,7702,7,13,1902,283,249,30,0,3,0.004043905257076834,0.007510109763142692,0.1634893125361063,0.1438474870017331,0.0,0.019064124783362217,4
1732.0,5803,7702,7,13,1899,283,249,30,0,3,0.0040415704387990765,0.007505773672055427,0.16339491916859122,0.14376443418013857,0.0,0.01905311778290993,4
1733.0,5806,7702,7,13,1896,283,249,30,0,3,0.004039238315060588,0.0075014425851125215,0.16330063473744952,0.1436814772071552,0.0,0.019042123485285632,4
1734.0,5809,7702,7,13,1893,283,249,30,0,3,0.004036908881199538,0.007497116493656286,0.1632064590542099,0.14359861591695502,0.0,0.01903114186851211,4
1735.0,5812,7702,7,13,1890,283,249,30,0,3,0.004034582132564841,0.007492795389048991,0.16311239193083574,0.1435158501440922,0.0,0.019020172910662825,4
1736.0,5815,7702,7,13,1887,283,249,30,0,3,0.004032258064516129,0.007488479262672811,0.1630184331797235,0.1434331797235023,0.0,0.019009216589861752,4
1737.0,5818,7702,7,13,1884,283,249,30,0,3,0.004029936672423719,0.007484168105929764,0.1629245826137018,0.14335060449050085,0.0,0.018998272884283247,4
1738.0,5821,7702,7,13,1881,283,249,30,0,3,0.004027617951668585,0.007479861910241657,0.1628308400460299,0.1432681242807825,0.0,0.0189873417721519,4
1739.0,5824,7702,7,13,1878,283,249,30,0,3,0.0040253018976423235,0.007475560667050029,0.16273720529039679,0.14318573893041978,0.0,0.01897642323174238,4
1740.0,5827,7702,7,13,1875,283,249,30,0,3,0.004022988505747126,0.007471264367816092,0.16264367816091954,0.14310344827586208,0.0,0.01896551724137931,4
1741.0,5830,7702,7,13,1872,284,249,30,0,3,0.00402067777139575,0.007466973004020678,0.16312464101091326,0.14302125215393452,0.0,0.018954623779437105,4
1742.0,5833,7710,7,13,1877,284,250,30,0,3,0.004018369690011481,0.007462686567164179,0.16303099885189437,0.14351320321469574,0.0,0.01894374282433984,4
1743.0,5836,7713,7,13,1877,284,250,30,0,3,0.004016064257028112,0.007458405048766495,0.1629374641422834,0.1434308663224326,0.0,0.0189328743545611,4
1744.0,5839,7713,7,13,1874,284,250,30,0,3,0.0040137614678899085,0.007454128440366973,0.1628440366972477,0.143348623853211,0.0,0.018922018348623854,4
1745.0,5842,7713,7,13,1871,284,250,30,0,3,0.0040114613180515755,0.007449856733524355,0.16275071633237823,0.14326647564469913,0.0,0.018911174785100286,4
1746.0,5845,7713,7,13,1868,284,250,30,0,3,0.004009163802978236,0.0074455899198167235,0.16265750286368844,0.143184421534937,0.0,0.018900343642611683,4
1747.0,5848,7713,7,13,1865,284,251,30,0,3,0.004006868918145392,0.007441327990841442,0.16256439610761306,0.14367487120778477,0.0,0.018889524899828276,4
1748.0,5851,7716,7,13,1865,284,251,30,0,3,0.004004576659038902,0.007437070938215103,0.16247139588100687,0.14359267734553777,0.0,0.01887871853546911,4
1749.0,5854,7716,7,13,1862,284,251,30,0,3,0.004002287021154946,0.007432818753573471,0.1623785020011435,0.14351057747284163,0.0,0.018867924528301886,4
1750.0,5857,7716,7,13,1859,284,251,30,0,3,0.004,0.0074285714285714285,0.16228571428571428,0.14342857142857143,0.0,0.018857142857142857,4
1751.0,5860,7716,7,13,1856,284,251,30,0,3,0.003997715591090805,0.0074243289548829245,0.16219303255282697,0.1433466590519703,0.0,0.018846373500856654,4
1752.0,5863,7716,7,13,1853,284,251,30,0,3,0.003995433789954338,0.007420091324200913,0.16210045662100456,0.1432648401826484,0.0,0.018835616438356163,4
1753.0,5866,7716,7,13,1850,284,251,30,0,3,0.003993154592127781,0.007415858528237307,0.16200798630918425,0.14318311466058187,0.0,0.018824871648602397,4
1754.0,5869,7716,7,13,1847,284,252,30,0,3,0.003990877993158495,0.007411630558722919,0.1619156214367161,0.14367160775370583,0.0,0.018814139110604332,4
1755.0,5872,7719,7,13,1847,285,252,30,0,3,0.003988603988603989,0.007407407407407408,0.1623931623931624,0.14358974358974358,0.0,0.018803418803418803,4
1756.0,5875,7727,7,13,1852,285,252,30,0,3,0.003986332574031891,0.007403189066059226,0.1623006833712984,0.14350797266514806,0.0,0.01879271070615034,4
1757.0,5878,7727,7,13,1849,285,252,30,0,3,0.00398406374501992,0.007398975526465566,0.1622083096186682,0.14342629482071714,0.0,0.018782014797951052,4
1758.0,5881,7727,7,13,1846,285,252,30,0,3,0.003981797497155859,0.00739476678043231,0.1621160409556314,0.14334470989761092,0.0,0.01877133105802048,4
1759.0,5884,7727,7,13,1843,285,252,30,0,3,0.003979533826037522,0.007390562819783968,0.16202387720295622,0.14326321773735076,0.0,0.018760659465605456,4
1760.0,5887,7727,7,13,1840,285,252,30,0,3,0.003977272727272727,0.007386363636363636,0.16193181818181818,0.1431818181818182,0.0,0.01875,4
1761.0,5890,7727,7,13,1837,285,253,30,0,3,0.003975014196479273,0.0073821692220329355,0.16183986371379896,0.14366837024417944,0.0,0.018739352640545145,4
1762.0,5893,7730,7,13,1837,285,253,30,0,3,0.003972758229284903,0.0073779795686719635,0.16174801362088537,0.14358683314415438,0.0,0.01872871736662883,4
1763.0,5896,7730,7,13,1834,286,253,30,0,3,0.003970504821327283,0.00737379466817924,0.16222348269994327,0.14350538854225753,0.0,0.01871809415768576,4
1764.0,5899,7738,7,13,1839,286,253,31,0,3,0.003968253968253968,0.007369614512471655,0.1621315192743764,0.14342403628117914,0.0,0.01927437641723356,4
1765.0,5902,7740,7,13,1838,286,253,31,0,3,0.00396600566572238,0.0073654390934844195,0.16203966005665724,0.14334277620396602,0.0,0.019263456090651557,4
1766.0,5905,7740,7,13,1835,286,253,31,0,3,0.003963759909399773,0.007361268403171008,0.16194790486976218,0.1432616081540204,0.0,0.01925254813137033,4
1767.0,5908,7740,7,13,1832,286,254,31,0,3,0.003961516694963215,0.007357102433503113,0.16185625353706848,0.14374646293152235,0.0,0.019241652518392757,4
1768.0,5911,7743,7,13,1832,286,254,31,0,3,0.003959276018099547,0.007352941176470588,0.16176470588235295,0.1436651583710407,0.0,0.019230769230769232,4
1769.0,5914,7743,7,13,1829,286,254,31,0,3,0.00395703787450537,0.007348784624081402,0.16167326172979085,0.143583945732052,0.0,0.01921989824759751,4
1770.0,5917,7743,7,13,1826,286,254,31,0,3,0.0039548022598870055,0.007344632768361582,0.1615819209039548,0.14350282485875707,0.0,0.0192090395480226,4
1771.0,5920,7743,7,13,1823,286,254,31,0,3,0.003952569169960474,0.007340485601355167,0.16149068322981366,0.14342179559570864,0.0,0.019198193111236588,4
1772.0,5923,7743,7,13,1820,286,255,31,0,3,0.0039503386004514675,0.007336343115124154,0.1613995485327314,0.14390519187358916,0.0,0.019187358916478554,4
1773.0,5926,7746,7,13,1820,287,255,31,0,3,0.003948110547095319,0.007332205301748449,0.16187253243090807,0.14382402707275804,0.0,0.019176536943034405,4
1774.0,5929,7754,7,13,1825,288,255,31,0,3,0.003945885005636978,0.007328072153325817,0.16234498308906425,0.14374295377677565,0.0,0.019165727170236752,4
1775.0,5932,7762,7,13,1830,288,255,31,0,3,0.003943661971830986,0.007323943661971831,0.16225352112676056,0.14366197183098592,0.0,0.01915492957746479,4
1776.0,5935,7762,7,13,1827,288,255,31,0,3,0.003941441441441441,0.00731981981981982,0.16216216216216217,0.14358108108108109,0.0,0.019144144144144143,4
1777.0,5938,7762,7,13,1824,288,255,31,0,3,0.0039392234102419805,0.007315700619020821,0.16207090602138435,0.14350028137310072,0.0,0.019133370849746763,4
1778.0,5941,7762,7,13,1821,289,255,31,0,3,0.003937007874015748,0.007311586051743532,0.1625421822272216,0.14341957255343082,0.0,0.019122609673790775,4
1779.0,5944,7770,7,13,1826,289,255,31,0,3,0.0039347948285553686,0.007307476110174255,0.16245081506464307,0.1433389544688027,0.0,0.01911186059584036,4
1780.0,5947,7770,7,13,1823,289,255,31,0,3,0.003932584269662922,0.007303370786516854,0.16235955056179777,0.14325842696629212,0.0,0.019101123595505618,4
1781.0,5950,7770,7,13,1820,289,256,31,0,3,0.0039303761931499155,0.0072992700729927005,0.1622683885457608,0.1437394722066255,0.0,0.01909039865244245,4
1782.0,5953,7773,7,13,1820,290,256,31,0,3,0.003928170594837262,0.007295173961840628,0.1627384960718294,0.143658810325477,0.0,0.019079685746352413,4
1783.0,5956,7781,7,13,1825,291,256,31,0,3,0.003925967470555244,0.007291082445316881,0.16320807627593942,0.1435782389231632,0.0,0.019068984856982614,4
1784.0,5959,7789,7,13,1830,291,256,31,0,3,0.003923766816143498,0.0072869955156950675,0.16311659192825112,0.14349775784753363,0.0,0.01905829596412556,4
1785.0,5962,7789,7,13,1827,291,256,31,0,3,0.00392156862745098,0.007282913165266107,0.16302521008403362,0.1434173669467787,0.0,0.01904761904761905,4
1786.0,5965,7789,7,13,1824,291,257,31,0,3,0.003919372900335946,0.007278835386338186,0.1629339305711086,0.1438969764837626,0.0,0.019036954087346025,4
1787.0,5968,7792,7,13,1824,291,258,31,0,3,0.00391717963066592,0.007274762171236709,0.16284275321768327,0.14437604924454392,0.0,0.019026301063234472,4
1788.0,5971,7795,7,13,1824,291,258,31,0,3,0.0039149888143176735,0.00727069351230425,0.16275167785234898,0.14429530201342283,0.0,0.01901565995525727,4
1789.0,5974,7795,7,13,1821,291,258,31,0,3,0.003912800447177194,0.0072666294019005035,0.1626607043040805,0.1442146450531023,0.0,0.019005030743432086,4
1790.0,5977,7795,7,13,1818,291,258,31,0,3,0.003910614525139665,0.007262569832402235,0.16256983240223463,0.1441340782122905,0.0,0.01899441340782123,4
1791.0,5980,7795,7,13,1815,291,258,31,0,3,0.003908431044109436,0.0072585147962032385,0.1624790619765494,0.1440536013400335,0.0,0.018983807928531545,4
1792.0,5983,7795,7,13,1812,291,258,31,0,3,0.00390625,0.007254464285714286,0.16238839285714285,0.14397321428571427,0.0,0.018973214285714284,4
1793.0,5986,7795,7,13,1809,291,259,31,0,3,0.0039040713887339654,0.007250418293363078,0.162297824874512,0.14445064138315672,0.0,0.018962632459564976,4
1794.0,5989,7798,7,13,1809,292,259,31,0,3,0.0039018952062430325,0.007246376811594203,0.16276477146042365,0.1443701226309922,0.0,0.0189520624303233,4
1795.0,5992,7806,7,13,1814,292,259,31,0,3,0.0038997214484679664,0.0072423398328690805,0.1626740947075209,0.14428969359331476,0.0,0.01894150417827298,4
1796.0,5995,7806,7,13,1811,293,259,31,0,3,0.0038975501113585748,0.007238307349665924,0.1631403118040089,0.14420935412026725,0.0,0.01893095768374165,4
1797.0,5998,7814,7,13,1816,293,259,31,0,3,0.0038953811908736783,0.007234279354479688,0.16304952698942682,0.1441291040623261,0.0,0.018920422927100722,4
1798.0,6001,7814,7,13,1813,293,260,31,0,3,0.00389321468298109,0.007230255839822024,0.16295884315906564,0.1446051167964405,0.0,0.018909899888765295,4
1799.0,6004,7817,7,13,1813,293,260,31,0,3,0.0038910505836575876,0.007226236798221234,0.16286826014452474,0.14452473596442467,0.0,0.018899388549193995,4
1800.0,6007,7817,7,13,1810,293,260,31,0,3,0.0038888888888888888,0.007222222222222222,0.16277777777777777,0.14444444444444443,0.0,0.01888888888888889,4
1801.0,6010,7817,7,13,1807,293,260,31,0,3,0.003886729594669628,0.007218212104386452,0.16268739589117157,0.14436424208772905,0.0,0.018878400888395337,4
1802.0,6013,7817,7,13,1804,293,261,31,0,3,0.00388457269700333,0.007214206437291898,0.16259711431742507,0.14483906770255273,0.0,0.018867924528301886,4
1803.0,6016,7820,7,13,1804,293,262,31,0,3,0.003882418191902385,0.007210205213533,0.1625069328896284,0.14531336661120356,0.0,0.018857459789240156,4
1804.0,6019,7823,7,13,1804,293,263,31,0,3,0.003880266075388027,0.007206208425720621,0.16241685144124168,0.1457871396895787,0.0,0.018847006651884702,4
1805.0,6022,7826,7,13,1804,293,263,31,0,3,0.003878116343490305,0.007202216066481994,0.16232686980609418,0.14570637119113575,0.0,0.018836565096952907,4
1806.0,6025,7826,7,13,1801,293,263,31,0,3,0.003875968992248062,0.007198228128460687,0.16223698781838317,0.14562569213732005,0.0,0.018826135105204873,4
1807.0,6028,7826,7,13,1798,293,263,31,0,3,0.00387382401770891,0.007194244604316547,0.16214720531267293,0.14554510237963475,0.0,0.018815716657443277,4
1808.0,6031,7826,7,13,1795,293,264,31,0,3,0.0038716814159292035,0.007190265486725664,0.1620575221238938,0.14601769911504425,0.0,0.018805309734513276,4
1809.0,6034,7829,7,13,1795,293,265,31,0,3,0.003869541182974019,0.007186290768380321,0.16196793808734108,0.146489773355445,0.0,0.018794914317302378,4
1810.0,6037,7832,7,13,1795,294,265,31,0,3,0.0038674033149171273,0.0071823204419889505,0.16243093922651933,0.1464088397790055,0.0,0.01878453038674033,4
1811.0,6040,7840,7,13,1800,294,265,31,0,3,0.003865267807840972,0.00717835450027609,0.1623412479293208,0.14632799558255108,0.0,0.018774157923799006,4
1812.0,6043,7840,7,13,1797,294,265,31,0,3,0.003863134657836645,0.00717439293598234,0.16225165562913907,0.14624724061810154,0.0,0.018763796909492272,4
1813.0,6046,7840,7,13,1794,294,265,31,0,3,0.003861003861003861,0.007170435741864313,0.16216216216216217,0.14616657473800332,0.0,0.018753447324875896,4
1814.0,6049,7840,7,13,1791,294,265,31,0,3,0.003858875413450937,0.007166482910694598,0.16207276736493936,0.14608599779492834,0.0,0.018743109151047408,4
1815.0,6052,7840,7,13,1788,294,266,31,0,3,0.003856749311294766,0.007162534435261708,0.16198347107438016,0.1465564738292011,0.0,0.018732782369146005,4
1816.0,6055,7843,7,13,1788,294,267,31,0,3,0.003854625550660793,0.007158590308370044,0.1618942731277533,0.14702643171806168,0.0,0.018722466960352423,4
1817.0,6058,7846,7,13,1788,294,267,31,0,3,0.003852504127682994,0.007154650522839846,0.16180517336268574,0.1469455145844799,0.0,0.018712162905888827,4
1818.0,6061,7846,7,13,1785,295,267,31,0,3,0.0038503850385038503,0.007150715071507151,0.16226622662266227,0.14686468646864687,0.0,0.0187018701870187,4
1819.0,6064,7854,7,13,1790,295,267,31,0,3,0.0038482682792743265,0.007146783947223749,0.1621770203408466,0.14678394722374932,0.0,0.018691588785046728,4
1820.0,6067,7854,7,13,1787,295,268,31,0,3,0.0038461538461538464,0.007142857142857143,0.1620879120879121,0.14725274725274726,0.0,0.01868131868131868,4
1821.0,6070,7857,7,13,1787,295,268,31,0,3,0.003844041735310269,0.007138934651290499,0.16199890170236134,0.1471718835804503,0.0,0.018671059857221308,4
1822.0,6073,7857,7,13,1784,295,269,31,0,3,0.0038419319429198683,0.007135016465422613,0.1619099890230516,0.14763995609220637,0.0,0.018660812294182216,4
1823.0,6076,7860,7,13,1784,295,269,31,0,3,0.0038398244651673065,0.007131102578167855,0.16182117388919365,0.14755896873285793,0.0,0.018650575973669776,4
1824.0,6079,7860,7,13,1781,295,269,31,0,3,0.003837719298245614,0.00712719298245614,0.16173245614035087,0.1474780701754386,0.0,0.01864035087719298,4
1825.0,6082,7860,7,13,1778,295,269,31,0,3,0.0038356164383561643,0.007123287671232876,0.16164383561643836,0.1473972602739726,0.0,0.01863013698630137,4
1826.0,6085,7860,7,13,1775,295,269,31,0,3,0.0038335158817086527,0.007119386637458927,0.1615553121577218,0.14731653888280394,0.0,0.018619934282584884,4
1827.0,6088,7860,7,13,1772,295,269,31,0,3,0.0038314176245210726,0.0071154898741105635,0.16146688560481665,0.14723590585659552,0.0,0.018609742747673783,4
1828.0,6091,7860,7,13,1769,295,269,31,0,3,0.0038293216630196935,0.007111597374179431,0.1613785557986871,0.14715536105032823,0.0,0.018599562363238512,4
1829.0,6094,7860,7,13,1766,295,269,31,0,3,0.0038272279934390375,0.007107709130672498,0.16129032258064516,0.14707490431930018,0.0,0.018589393110989613,4
1830.0,6097,7860,7,13,1763,295,269,31,0,3,0.003825136612021858,0.007103825136612022,0.16120218579234974,0.1469945355191257,0.0,0.018579234972677595,4
1831.0,6100,7860,7,13,1760,295,269,31,0,3,0.0038230475150191155,0.0070999453850355,0.16111414527580556,0.14691425450573456,0.0,0.018569087930092845,4
1832.0,6103,7860,7,13,1757,295,269,31,0,3,0.003820960698689956,0.007096069868995633,0.16102620087336245,0.14683406113537117,0.0,0.018558951965065504,4
1833.0,6106,7860,7,13,1754,295,269,31,0,3,0.0038188761593016913,0.0070921985815602835,0.16093835242771412,0.14675395526459356,0.0,0.018548827059465357,4
1834.0,6109,7860,7,13,1751,295,269,31,0,3,0.003816793893129771,0.007088331515812432,0.1608505997818975,0.14667393675027263,0.0,0.018538713195201745,4
1835.0,6112,7860,7,13,1748,295,270,31,0,3,0.0038147138964577656,0.007084468664850136,0.16076294277929154,0.14713896457765668,0.0,0.018528610354223433,4
1836.0,6115,7863,7,13,1748,296,270,31,0,3,0.003812636165577342,0.007080610021786492,0.16122004357298475,0.14705882352941177,0.0,0.018518518518518517,4
1837.0,6118,7871,7,13,1753,296,270,31,0,3,0.003810560696788242,0.007076755579749592,0.16113228089275994,0.14697876973326074,0.0,0.018508437670114317,4
1838.0,6121,7871,7,13,1750,296,270,31,0,3,0.003808487486398259,0.007072905331882481,0.16104461371055495,0.14689880304678998,0.0,0.018498367791077257,4
1839.0,6124,7871,7,13,1747,296,270,31,0,3,0.0038064165307232192,0.0070690592713431215,0.16095704187058185,0.1468189233278956,0.0,0.018488308863512777,4
1840.0,6127,7871,7,13,1744,296,270,31,0,3,0.0038043478260869567,0.007065217391304348,0.1608695652173913,0.14673913043478262,0.0,0.01847826086956522,4
1841.0,6130,7871,7,13,1741,297,270,31,0,3,0.0038022813688212928,0.007061379684953829,0.16132536664856056,0.14665942422596415,0.0,0.018468223791417708,4
1842.0,6133,7879,7,13,1746,298,270,31,0,3,0.003800217155266015,0.007057546145494028,0.16178067318132464,0.1465798045602606,0.0,0.018458197611292075,4
1843.0,6136,7887,7,13,1751,298,270,31,0,3,0.0037981551817688553,0.00705371676614216,0.16169289202387413,0.14650027129679868,0.0,0.018448182311448725,4
1844.0,6139,7887,7,13,1748,298,270,31,0,3,0.003796095444685466,0.0070498915401301515,0.1616052060737527,0.14642082429501085,0.0,0.01843817787418655,4
1845.0,6142,7887,7,13,1745,298,270,31,0,4,0.003794037940379404,0.007046070460704607,0.16151761517615176,0.14634146341463414,0.0,0.018970189701897018,4
1846.0,6143,7888,7,13,1745,298,270,31,0,4,0.003791982665222102,0.007042253521126761,0.16143011917659805,0.14626218851570963,0.0,0.01895991332611051,4
1847.0,6144,7888,7,14,1744,298,270,31,0,4,0.003789929615592853,0.007579859231185706,0.1613427179209529,0.1461829994585815,0.0,0.018949648077964266,4
1848.0,6189,8182,7,14,1993,299,270,31,0,4,0.003787878787878788,0.007575757575757576,0.1617965367965368,0.1461038961038961,0.0,0.01893939393939394,4
1849.0,6192,8190,7,14,1998,300,270,31,0,4,0.0037858301784748512,0.0075716603569497025,0.16224986479177933,0.1460248783126014,0.0,0.018929150892374257,4
1850.0,6195,8198,7,14,2003,300,270,31,0,4,0.0037837837837837837,0.0075675675675675675,0.16216216216216217,0.14594594594594595,0.0,0.01891891891891892,4
1851.0,6198,8198,7,14,2000,300,271,31,0,4,0.0037817396002160996,0.007563479200432199,0.1620745542949757,0.14640734737979472,0.0,0.0189086980010805,4
1852.0,6201,8201,7,14,2000,300,271,31,0,4,0.003779697624190065,0.00755939524838013,0.16198704103671707,0.14632829373650108,0.0,0.018898488120950324,4
1853.0,6204,8201,7,14,1997,300,271,31,0,4,0.0037776578521316784,0.007555315704263357,0.16189962223421478,0.14624932541824068,0.0,0.018888289260658393,4
1854.0,6207,8201,7,14,1994,300,272,31,0,4,0.0037756202804746495,0.007551240560949299,0.16181229773462782,0.14670981661272922,0.0,0.018878101402373247,4
1855.0,6210,8204,7,14,1994,301,272,31,0,4,0.0037735849056603774,0.007547169811320755,0.16226415094339622,0.14663072776280323,0.0,0.018867924528301886,4
1856.0,6213,8212,7,14,1999,301,273,31,0,4,0.003771551724137931,0.007543103448275862,0.16217672413793102,0.1470905172413793,0.0,0.018857758620689655,4
1857.0,6216,8215,7,14,1999,301,273,31,0,4,0.003769520732364028,0.007539041464728056,0.16208939149165322,0.1470113085621971,0.0,0.01884760366182014,4
1858.0,6219,8215,7,14,1996,301,273,31,0,4,0.003767491926803014,0.007534983853606028,0.1620021528525296,0.14693218514531756,0.0,0.01883745963401507,4
1859.0,6222,8215,7,14,1993,302,273,31,0,4,0.0037654653039268424,0.007530930607853685,0.16245293168370092,0.14685314685314685,0.0,0.018827326519634213,4
1860.0,6225,8223,7,14,1998,302,274,31,0,4,0.003763440860215054,0.007526881720430108,0.16236559139784945,0.14731182795698924,0.0,0.01881720430107527,4
1861.0,6228,8226,7,14,1998,302,274,31,0,4,0.0037614185921547557,0.007522837184309511,0.16227834497581944,0.14723267060720044,0.0,0.018807092960773777,4
1862.0,6231,8226,7,14,1995,302,274,31,0,4,0.0037593984962406013,0.007518796992481203,0.16219119226638024,0.14715359828141783,0.0,0.018796992481203006,4
1863.0,6234,8226,7,14,1992,302,274,31,0,4,0.003757380568974772,0.007514761137949544,0.16210413311862587,0.14707461084272677,0.0,0.01878690284487386,4
1864.0,6237,8226,7,14,1989,303,274,31,0,4,0.0037553648068669528,0.0075107296137339056,0.16255364806866954,0.14699570815450644,0.0,0.018776824034334765,4
1865.0,6240,8234,7,14,1994,304,274,31,0,4,0.0037533512064343165,0.007506702412868633,0.16300268096514745,0.14691689008042896,0.0,0.01876675603217158,4
1866.0,6243,8242,7,14,1999,304,275,31,0,4,0.0037513397642015005,0.007502679528403001,0.16291532690246516,0.14737406216505894,0.0,0.018756698821007504,4
1867.0,6246,8245,7,14,1999,304,275,31,0,4,0.003749330476700589,0.007498660953401178,0.1628280664167113,0.1472951258703803,0.0,0.018746652383502947,4
1868.0,6249,8245,7,14,1996,304,275,31,0,4,0.003747323340471092,0.007494646680942184,0.16274089935760172,0.14721627408993576,0.0,0.01873661670235546,4
1869.0,6252,8245,7,14,1993,304,275,31,0,4,0.003745318352059925,0.00749063670411985,0.16265382557517388,0.1471375066880685,0.0,0.018726591760299626,4
1870.0,6255,8245,7,14,1990,304,275,31,0,4,0.0037433155080213902,0.0074866310160427805,0.1625668449197861,0.14705882352941177,0.0,0.01871657754010695,4
1871.0,6258,8245,7,14,1987,304,275,31,0,4,0.0037413148049171567,0.0074826296098343134,0.1624799572421165,0.14698022447888828,0.0,0.01870657402458578,4
1872.0,6261,8245,7,14,1984,304,275,31,0,4,0.0037393162393162395,0.007478632478632479,0.1623931623931624,0.1469017094017094,0.0,0.018696581196581196,4
1873.0,6264,8245,7,14,1981,304,276,31,0,4,0.0037373198077949813,0.007474639615589963,0.1623064602242392,0.14735718099305925,0.0,0.01868659903897491,4
1874.0,6267,8248,7,14,1981,304,276,31,0,4,0.003735325506937033,0.007470651013874066,0.1622198505869797,0.1472785485592316,0.0,0.018676627534685165,4
1875.0,6270,8248,7,14,1978,304,276,31,0,4,0.0037333333333333333,0.007466666666666667,0.16213333333333332,0.1472,0.0,0.018666666666666668,4
1876.0,6273,8248,7,14,1975,304,276,31,0,4,0.0037313432835820895,0.007462686567164179,0.16204690831556504,0.14712153518123666,0.0,0.018656716417910446,4
1877.0,6276,8248,7,14,1972,304,276,31,0,4,0.0037293553542887587,0.007458710708577517,0.16196057538625466,0.14704315396909962,0.0,0.018646776771443795,4
1878.0,6279,8248,7,14,1969,304,277,31,0,4,0.003727369542066028,0.007454739084132056,0.16187433439829607,0.14749733759318423,0.0,0.01863684771033014,4
1879.0,6282,8251,7,14,1969,304,278,31,0,4,0.0037253858435337944,0.007450771687067589,0.1617881852048962,0.14795103778605642,0.0,0.018626929217668974,4
1880.0,6285,8254,7,14,1969,304,278,31,0,4,0.003723404255319149,0.007446808510638298,0.16170212765957448,0.1478723404255319,0.0,0.018617021276595744,4
1881.0,6288,8254,7,14,1966,304,278,31,0,4,0.003721424774056353,0.007442849548112706,0.16161616161616163,0.14779372674109517,0.0,0.018607123870281767,4
1882.0,6291,8254,7,14,1963,304,278,31,0,4,0.0037194473963868225,0.007438894792773645,0.16153028692879914,0.14771519659936239,0.0,0.018597236981934114,4
1883.0,6294,8254,7,14,1960,304,279,31,0,4,0.0037174721189591076,0.007434944237918215,0.1614445034519384,0.14816781731279874,0.0,0.01858736059479554,4
1884.0,6297,8257,7,14,1960,304,279,31,0,4,0.0037154989384288748,0.0074309978768577496,0.1613588110403397,0.1480891719745223,0.0,0.018577494692144373,4
1885.0,6300,8257,7,14,1957,305,279,31,0,4,0.003713527851458886,0.007427055702917772,0.16180371352785147,0.14801061007957558,0.0,0.01856763925729443,4
1886.0,6303,8265,7,14,1962,305,279,31,0,4,0.003711558854718982,0.007423117709437964,0.16171792152704137,0.147932131495228,0.0,0.01855779427359491,4
1887.0,6306,8265,7,14,1959,305,279,31,0,4,0.0037095919448860626,0.007419183889772125,0.16163222045574988,0.1478537360890302,0.0,0.018547959724430314,4
1888.0,6309,8265,7,14,1956,305,279,31,0,4,0.003707627118644068,0.007415254237288136,0.16154661016949154,0.14777542372881355,0.0,0.018538135593220338,4
1889.0,6312,8265,7,14,1953,305,279,31,0,4,0.0037056643726839597,0.007411328745367919,0.16146109052408683,0.14769719428268926,0.0,0.018528321863419798,4
1890.0,6315,8265,7,14,1950,305,279,31,0,4,0.003703703703703704,0.007407407407407408,0.16137566137566137,0.14761904761904762,0.0,0.018518518518518517,4
1891.0,6318,8265,7,14,1947,305,279,31,0,4,0.0037017451084082496,0.007403490216816499,0.16129032258064516,0.14754098360655737,0.0,0.01850872554204125,4
1892.0,6321,8265,7,14,1944,305,279,31,0,4,0.0036997885835095136,0.007399577167019027,0.16120507399577166,0.1474630021141649,0.0,0.01849894291754757,4
1893.0,6324,8265,7,14,1941,305,279,31,0,4,0.0036978341257263604,0.007395668251452721,0.16111991547807714,0.1473851030110935,0.0,0.018489170628631802,4
1894.0,6327,8265,7,14,1938,306,279,31,0,4,0.003695881731784583,0.007391763463569166,0.16156282998944033,0.14730728616684266,0.0,0.018479408658922915,4
1895.0,6330,8273,7,14,1943,306,279,31,0,4,0.0036939313984168864,0.007387862796833773,0.16147757255936676,0.14722955145118732,0.0,0.018469656992084433,4
1896.0,6333,8273,7,14,1940,306,279,31,0,4,0.003691983122362869,0.007383966244725738,0.16139240506329114,0.14715189873417722,0.0,0.018459915611814346,4
1897.0,6336,8273,7,14,1937,306,279,31,0,4,0.0036900369003690036,0.007380073800738007,0.16130732735898787,0.147074327886136,0.0,0.01845018450184502,4
1898.0,6339,8273,7,14,1934,307,279,31,0,4,0.0036880927291886197,0.007376185458377239,0.16174920969441517,0.1469968387776607,0.0,0.0184404636459431,4
1899.0,6342,8281,7,14,1939,307,280,31,0,4,0.003686150605581885,0.00737230121116377,0.1616640337019484,0.1474460242232754,0.0,0.018430753027909426,4
1900.0,6345,8284,7,14,1939,307,280,31,0,4,0.0036842105263157894,0.007368421052631579,0.16157894736842104,0.14736842105263157,0.0,0.018421052631578946,4
1901.0,6348,8284,7,14,1936,308,280,31,0,4,0.003682272488164124,0.007364544976328248,0.16201998947922147,0.14729089952656496,0.0,0.01841136244082062,4
1902.0,6351,8292,7,14,1941,309,280,31,0,4,0.003680336487907466,0.007360672975814932,0.16246056782334384,0.14721345951629863,0.0,0.01840168243953733,4
1903.0,6354,8300,7,14,1946,309,280,31,0,4,0.0036784025223331584,0.007356805044666317,0.162375197057278,0.14713610089332632,0.0,0.01839201261166579,4
1904.0,6357,8300,7,14,1943,310,280,31,0,4,0.003676470588235294,0.007352941176470588,0.16281512605042017,0.14705882352941177,0.0,0.01838235294117647,4
1905.0,6360,8308,7,14,1948,310,280,31,0,4,0.003674540682414698,0.007349081364829396,0.16272965879265092,0.14698162729658792,0.0,0.01837270341207349,4
1906.0,6363,8308,7,14,1945,310,280,31,0,4,0.0036726128016789086,0.007345225603357817,0.1626442812172088,0.14690451206715635,0.0,0.018363064008394544,4
1907.0,6366,8308,7,14,1942,310,280,31,0,4,0.0036706869428421605,0.007341373885684321,0.16255899318300995,0.14682747771368643,0.0,0.018353434714210803,4
1908.0,6369,8308,7,14,1939,311,280,31,0,4,0.003668763102725367,0.007337526205450734,0.1629979035639413,0.14675052410901468,0.0,0.018343815513626835,4
1909.0,6372,8316,7,14,1944,311,280,31,0,4,0.003666841278156103,0.007333682556312206,0.16291251964379255,0.14667365112624411,0.0,0.018334206390780514,4
1910.0,6375,8316,7,14,1941,311,280,31,0,4,0.0036649214659685864,0.007329842931937173,0.16282722513089004,0.14659685863874344,0.0,0.01832460732984293,4
1911.0,6378,8316,7,14,1938,312,280,31,0,4,0.003663003663003663,0.007326007326007326,0.16326530612244897,0.14652014652014653,0.0,0.018315018315018316,4
1912.0,6381,8324,7,14,1943,312,280,31,0,4,0.0036610878661087866,0.007322175732217573,0.16317991631799164,0.14644351464435146,0.0,0.018305439330543932,4
1913.0,6384,8324,7,14,1940,312,281,31,0,4,0.0036591740721380033,0.007318348144276007,0.16309461578672244,0.1468897020386827,0.0,0.018295870360690015,4
1914.0,6387,8327,7,14,1940,312,281,31,0,4,0.0036572622779519333,0.0073145245559038665,0.16300940438871472,0.14681295715778475,0.0,0.018286311389759665,4
1915.0,6390,8327,7,14,1937,313,281,31,0,4,0.0036553524804177544,0.007310704960835509,0.16344647519582245,0.14673629242819844,0.0,0.018276762402088774,4
1916.0,6393,8335,7,14,1942,313,281,31,0,4,0.0036534446764091857,0.007306889352818371,0.16336116910229645,0.14665970772442588,0.0,0.01826722338204593,4
1917.0,6396,8335,7,14,1939,313,281,31,0,4,0.0036515388628064684,0.007303077725612937,0.16327595200834638,0.1465832029212311,0.0,0.018257694314032343,4
1918.0,6399,8335,7,14,1936,313,282,31,0,4,0.0036496350364963502,0.0072992700729927005,0.16319082377476538,0.1470281543274244,0.0,0.01824817518248175,4
1919.0,6402,8338,7,14,1936,313,283,31,0,4,0.0036477331943720686,0.007295466388744137,0.16310578426263678,0.1474726420010422,0.0,0.018238665971860343,4
1920.0,6405,8341,7,14,1936,313,283,31,0,4,0.0036458333333333334,0.007291666666666667,0.16302083333333334,0.14739583333333334,0.0,0.018229166666666668,4
1921.0,6408,8341,7,14,1933,313,283,31,0,4,0.003643935450286309,0.007287870900572618,0.1629359708485164,0.14731910463300366,0.0,0.018219677251431546,4
1922.0,6411,8341,7,14,1930,313,284,31,0,4,0.0036420395421436005,0.007284079084287201,0.16285119667013528,0.14776274713839752,0.0,0.018210197710718003,4
1923.0,6414,8344,7,14,1930,313,285,31,0,4,0.003640145605824233,0.007280291211648466,0.1627665106604264,0.1482059282371295,0.0,0.018200728029121163,4
1924.0,6417,8347,7,14,1930,313,285,31,0,4,0.0036382536382536385,0.007276507276507277,0.16268191268191268,0.14812889812889812,0.0,0.018191268191268192,4
1925.0,6420,8347,7,14,1927,313,285,31,0,4,0.0036363636363636364,0.007272727272727273,0.1625974025974026,0.14805194805194805,0.0,0.01818181818181818,4
1926.0,6423,8347,7,14,1924,313,285,31,0,4,0.0036344755970924196,0.007268951194184839,0.16251298026998962,0.14797507788161993,0.0,0.018172377985462097,4
1927.0,6426,8347,7,14,1921,313,286,31,0,4,0.0036325895173845357,0.007265179034769071,0.16242864556305137,0.1484172288531396,0.0,0.01816294758692268,4
1928.0,6429,8350,7,14,1921,313,286,31,0,4,0.0036307053941908715,0.007261410788381743,0.16234439834024897,0.1483402489626556,0.0,0.01815352697095436,4
1929.0,6432,8350,7,14,1918,313,286,31,0,4,0.0036288232244686366,0.007257646448937273,0.16226023846552617,0.14826334888543286,0.0,0.018144116122343183,4
1930.0,6435,8350,7,14,1915,313,287,31,0,4,0.003626943005181347,0.007253886010362694,0.1621761658031088,0.14870466321243522,0.0,0.018134715025906734,4
1931.0,6438,8353,7,14,1915,313,287,31,0,4,0.0036250647332988087,0.0072501294665976174,0.16209218021750388,0.14862765406525116,0.0,0.018125323666494046,4
1932.0,6441,8353,7,14,1912,314,287,31,0,4,0.0036231884057971015,0.007246376811594203,0.16252587991718426,0.14855072463768115,0.0,0.018115942028985508,4
1933.0,6444,8361,7,14,1917,315,287,31,0,4,0.0036213140196585617,0.007242628039317123,0.1629591308846353,0.14847387480600102,0.0,0.01810657009829281,4
1934.0,6447,8369,7,14,1922,315,288,31,0,4,0.0036194415718717684,0.007238883143743537,0.16287487073422957,0.14891416752843847,0.0,0.01809720785935884,4
1935.0,6450,8372,7,14,1922,315,288,31,0,4,0.0036175710594315244,0.007235142118863049,0.16279069767441862,0.14883720930232558,0.0,0.01808785529715762,4
1936.0,6453,8372,7,14,1919,315,288,31,0,4,0.003615702479338843,0.007231404958677686,0.16270661157024793,0.1487603305785124,0.0,0.018078512396694214,4
1937.0,6456,8372,7,14,1916,315,288,31,0,4,0.0036138358286009293,0.007227671657201859,0.1626226122870418,0.1486835312338668,0.0,0.018069179143004648,4
1938.0,6459,8372,7,14,1913,315,288,31,0,4,0.003611971104231166,0.007223942208462332,0.16253869969040247,0.14860681114551083,0.0,0.01805985552115583,4
1939.0,6462,8372,7,14,1910,315,288,31,0,4,0.0036101083032490976,0.007220216606498195,0.1624548736462094,0.14853017019082002,0.0,0.018050541516245487,4
1940.0,6465,8372,7,14,1907,315,289,31,0,4,0.0036082474226804126,0.007216494845360825,0.16237113402061856,0.14896907216494845,0.0,0.01804123711340206,4
1941.0,6468,8375,7,14,1907,316,289,31,0,4,0.0036063884595569293,0.0072127769191138585,0.1628026790314271,0.14889232354456466,0.0,0.018031942297784646,4
1942.0,6471,8383,7,14,1912,316,289,31,0,4,0.003604531410916581,0.007209062821833162,0.1627188465499485,0.14881565396498456,0.0,0.018022657054582905,4
1943.0,6474,8383,7,14,1909,316,289,31,0,4,0.003602676273803397,0.007205352547606794,0.16263510036026763,0.1487390633041688,0.0,0.018013381369016986,4
1944.0,6477,8383,7,14,1906,316,289,31,0,4,0.00360082304526749,0.00720164609053498,0.16255144032921812,0.14866255144032922,0.0,0.01800411522633745,4
1945.0,6480,8383,7,14,1903,316,289,31,0,4,0.0035989717223650387,0.0071979434447300775,0.16246786632390744,0.14858611825192802,0.0,0.017994858611825194,4
1946.0,6483,8383,7,14,1900,316,289,31,0,4,0.0035971223021582736,0.007194244604316547,0.16238437821171633,0.1485097636176773,0.0,0.017985611510791366,4
1947.0,6486,8383,7,14,1897,316,289,31,0,4,0.0035952747817154596,0.007190549563430919,0.1623009758602979,0.14843348741653825,0.0,0.017976373908577297,4
1948.0,6489,8383,7,14,1894,316,290,31,0,4,0.003593429158110883,0.007186858316221766,0.162217659137577,0.14887063655030802,0.0,0.017967145790554414,4
1949.0,6492,8386,7,14,1894,316,290,31,0,4,0.0035915854284248334,0.007183170856849667,0.16213442791174962,0.1487942534633145,0.0,0.017957927142124165,4
1950.0,6495,8386,7,14,1891,316,290,31,0,4,0.0035897435897435897,0.0071794871794871795,0.16205128205128205,0.14871794871794872,0.0,0.017948717948717947,4
1951.0,6498,8386,7,14,1888,316,290,31,0,4,0.0035879036391594054,0.007175807278318811,0.1619682214249103,0.1486417221937468,0.0,0.017939518195797026,4
1952.0,6501,8386,7,14,1885,316,290,31,0,4,0.003586065573770492,0.007172131147540984,0.16188524590163936,0.14856557377049182,0.0,0.017930327868852458,4
1953.0,6504,8386,7,14,1882,316,290,31,0,4,0.0035842293906810036,0.007168458781362007,0.16180235535074244,0.148489503328213,0.0,0.017921146953405017,4
1954.0,6507,8386,7,14,1879,316,291,31,0,4,0.0035823950870010235,0.007164790174002047,0.1617195496417605,0.1489252814738997,0.0,0.01791197543500512,4
1955.0,6510,8389,7,14,1879,317,291,31,0,4,0.0035805626598465474,0.007161125319693095,0.16214833759590794,0.14884910485933503,0.0,0.017902813299232736,4
1956.0,6513,8397,7,14,1884,318,291,31,0,4,0.0035787321063394683,0.007157464212678937,0.16257668711656442,0.14877300613496933,0.0,0.01789366053169734,4
1957.0,6516,8405,7,14,1889,318,291,31,0,4,0.0035769034236075624,0.007153806847215125,0.16249361267245785,0.1486969851814001,0.0,0.01788451711803781,4
1958.0,6519,8405,7,14,1886,318,291,31,0,4,0.003575076608784474,0.007150153217568948,0.16241062308478038,0.14862104187946884,0.0,0.01787538304392237,4
1959.0,6522,8405,7,14,1883,319,291,31,0,4,0.0035732516590096988,0.0071465033180193975,0.16283818274629913,0.14854517611026033,0.0,0.017866258295048495,4
1960.0,6525,8413,7,14,1888,319,291,31,0,4,0.0035714285714285713,0.007142857142857143,0.16275510204081634,0.14846938775510204,0.0,0.017857142857142856,4
1961.0,6528,8413,7,14,1885,319,291,31,0,4,0.0035696073431922487,0.0071392146863844975,0.1626721060683325,0.1483936766955635,0.0,0.017848036715961243,4
1962.0,6531,8413,7,14,1882,319,291,31,0,4,0.003567787971457696,0.007135575942915392,0.16258919469928645,0.14831804281345565,0.0,0.01783893985728848,4
1963.0,6534,8413,7,14,1879,319,291,31,0,4,0.003565970453387672,0.007131940906775344,0.16250636780438105,0.14824248599083037,0.0,0.01782985226693836,4
1964.0,6537,8413,7,14,1876,319,291,31,0,4,0.003564154786150713,0.007128309572301426,0.16242362525458248,0.14816700610997963,0.0,0.017820773930753563,4
1965.0,6540,8413,7,14,1873,320,291,31,0,4,0.0035623409669211198,0.0071246819338422395,0.1628498727735369,0.1480916030534351,0.0,0.017811704834605598,4
1966.0,6543,8421,7,14,1878,320,291,31,0,4,0.003560528992878942,0.007121057985757884,0.16276703967446593,0.14801627670396744,0.0,0.01780264496439471,4
1967.0,6546,8421,7,14,1875,321,291,31,0,4,0.0035587188612099642,0.0071174377224199285,0.16319267920691408,0.14794102694458566,0.0,0.017793594306049824,4
1968.0,6549,8429,7,14,1880,321,291,32,0,4,0.003556910569105691,0.007113821138211382,0.16310975609756098,0.14786585365853658,0.0,0.018292682926829267,4
1969.0,6552,8431,7,14,1879,322,291,32,0,4,0.0035551041137633316,0.007110208227526663,0.16353478923311326,0.14779075672930422,0.0,0.018283392585068562,4
1970.0,6555,8439,7,14,1884,323,291,32,0,4,0.003553299492385787,0.007106598984771574,0.16395939086294417,0.14771573604060914,0.0,0.018274111675126905,4
1971.0,6558,8447,7,14,1889,323,291,32,0,4,0.0035514967021816335,0.007102993404363267,0.16387620497209537,0.1476407914764079,0.0,0.0182648401826484,4
1972.0,6561,8447,7,14,1886,323,292,32,0,4,0.0035496957403651115,0.007099391480730223,0.16379310344827586,0.14807302231237324,0.0,0.018255578093306288,4
1973.0,6564,8450,7,14,1886,323,292,32,0,4,0.0035478966041561076,0.007095793208312215,0.16371008616320323,0.1479979726305119,0.0,0.01824632539280284,4
1974.0,6567,8450,7,14,1883,323,292,32,0,4,0.0035460992907801418,0.0070921985815602835,0.1636271529888551,0.14792299898682879,0.0,0.0182370820668693,4
1975.0,6570,8450,7,14,1880,323,292,32,0,4,0.0035443037974683543,0.007088607594936709,0.16354430379746834,0.1478481012658228,0.0,0.018227848101265823,4
1976.0,6573,8450,7,14,1877,323,292,32,0,4,0.00354251012145749,0.00708502024291498,0.16346153846153846,0.14777327935222673,0.0,0.018218623481781375,4
1977.0,6576,8450,7,14,1874,323,292,33,0,4,0.0035407182599898838,0.0070814365199797676,0.16337885685381892,0.1476985331310066,0.0,0.018715225088517955,4
1978.0,6579,8452,7,14,1873,323,292,33,0,4,0.003538928210313448,0.007077856420626896,0.16329625884732052,0.14762386248736098,0.0,0.01870576339737108,4
1979.0,6582,8452,7,14,1870,324,292,33,0,4,0.0035371399696816574,0.007074279939363315,0.1637190500252653,0.14754926730672058,0.0,0.01869631126831733,4
1980.0,6585,8460,7,14,1875,324,292,33,0,4,0.0035353535353535356,0.007070707070707071,0.16363636363636364,0.14747474747474748,0.0,0.018686868686868686,4
1981.0,6588,8460,7,14,1872,324,293,33,0,4,0.0035335689045936395,0.007067137809187279,0.1635537607269056,0.14790509843513377,0.0,0.01867743563856638,4
1982.0,6591,8463,7,14,1872,324,293,33,0,4,0.0035317860746720484,0.007063572149344097,0.16347124117053483,0.14783047426841575,0.0,0.01866801210898083,4
1983.0,6594,8463,7,14,1869,324,293,33,0,4,0.0035300050428643467,0.0070600100857286935,0.16338880484114976,0.14775592536560767,0.0,0.018658598083711547,4
1984.0,6597,8463,7,14,1866,324,293,33,0,4,0.003528225806451613,0.007056451612903226,0.16330645161290322,0.14768145161290322,0.0,0.018649193548387098,4
1985.0,6600,8463,7,14,1863,325,293,33,0,4,0.003526448362720403,0.007052896725440806,0.163727959697733,0.14760705289672543,0.0,0.018639798488664986,4
1986.0,6603,8471,7,14,1868,325,293,33,0,4,0.003524672708962739,0.007049345417925478,0.16364551863041288,0.14753272910372608,0.0,0.01863041289023162,4
1987.0,6606,8471,7,14,1865,325,293,33,0,4,0.0035228988424760945,0.007045797684952189,0.16356316054353295,0.1474584801207851,0.0,0.018621036738802214,4
1988.0,6609,8471,7,14,1862,325,293,34,0,4,0.0035211267605633804,0.007042253521126761,0.16348088531187122,0.14738430583501005,0.0,0.019114688128772636,4
1989.0,6612,8473,7,14,1861,326,293,34,0,4,0.003519356460532931,0.007038712921065862,0.16390145801910508,0.14731020613373555,0.0,0.019105077928607342,4
1990.0,6615,8481,7,14,1866,326,293,34,0,4,0.0035175879396984926,0.007035175879396985,0.16381909547738693,0.14723618090452262,0.0,0.019095477386934675,4
1991.0,6618,8481,7,14,1863,326,293,34,0,4,0.0035158211953792064,0.007031642390758413,0.16373681567051732,0.14716223003515821,0.0,0.019085886489201405,4
1992.0,6621,8481,7,14,1860,326,293,34,0,4,0.0035140562248995983,0.007028112449799197,0.1636546184738956,0.14708835341365462,0.0,0.019076305220883535,4
1993.0,6624,8481,7,14,1857,326,293,34,0,4,0.0035122930255895636,0.007024586051179127,0.1635725037631711,0.14701455092824886,0.0,0.019066733567486203,4
1994.0,6627,8481,7,14,1854,327,293,34,0,4,0.003510531594784353,0.007021063189568706,0.16399197592778336,0.1469408224674022,0.0,0.01905717151454363,4
1995.0,6630,8489,7,14,1859,327,293,34,0,4,0.0035087719298245615,0.007017543859649123,0.16390977443609023,0.1468671679197995,0.0,0.01904761904761905,4
1996.0,6633,8489,7,14,1856,327,293,34,0,4,0.0035070140280561123,0.0070140280561122245,0.16382765531062124,0.1467935871743487,0.0,0.01903807615230461,4
1997.0,6636,8489,7,14,1853,327,293,34,0,4,0.0035052578868302454,0.007010515773660491,0.16374561842764146,0.14672008012018026,0.0,0.01902854281422133,4
1998.0,6639,8489,7,14,1850,328,293,34,0,4,0.0035035035035035035,0.007007007007007007,0.16416416416416416,0.14664664664664664,0.0,0.01901901901901902,4
1999.0,6642,8497,7,14,1855,328,293,34,0,4,0.003501750875437719,0.007003501750875438,0.16408204102051024,0.14657328664332167,0.0,0.01900950475237619,4
2000.0,6645,8497,7,14,1852,328,293,34,0,4,0.0035,0.007,0.164,0.1465,0.0,0.019,4
2001.0,6648,8497,7,14,1849,328,293,34,0,4,0.0034982508745627187,0.0069965017491254375,0.16391804097951024,0.14642678660669664,0.0,0.01899050474762619,4
2002.0,6651,8497,7,14,1846,329,293,34,0,4,0.0034965034965034965,0.006993006993006993,0.16433566433566432,0.14635364635364637,0.0,0.01898101898101898,4
2003.0,6654,8505,7,14,1851,329,294,34,0,4,0.003494757863205192,0.006989515726410384,0.16425361957064402,0.14677983025461808,0.0,0.018971542685971045,4
2004.0,6657,8508,7,14,1851,329,294,34,0,4,0.003493013972055888,0.006986027944111776,0.16417165668662675,0.1467065868263473,0.0,0.018962075848303395,4
2005.0,6660,8508,7,14,1848,329,294,34,0,4,0.003491271820448878,0.006982543640897756,0.16408977556109725,0.14663341645885286,0.0,0.018952618453865335,4
2006.0,6663,8508,7,14,1845,329,295,34,0,4,0.003489531405782652,0.006979062811565304,0.16400797607178463,0.14705882352941177,0.0,0.018943170488534396,4
2007.0,6666,8511,7,14,1845,330,295,34,0,4,0.003487792725460887,0.006975585450921774,0.16442451420029897,0.1469855505729945,0.0,0.018933731938216243,4
2008.0,6669,8519,7,14,1850,331,295,34,0,4,0.0034860557768924302,0.0069721115537848604,0.1648406374501992,0.14691235059760957,0.0,0.018924302788844622,4
2009.0,6672,8527,7,14,1855,331,295,34,0,4,0.003484320557491289,0.006968641114982578,0.1647585863613738,0.14683922349427575,0.0,0.018914883026381283,4
2010.0,6675,8527,7,14,1852,332,295,34,0,4,0.003482587064676617,0.006965174129353234,0.16517412935323383,0.14676616915422885,0.0,0.01890547263681592,4
2011.0,6678,8535,7,14,1857,332,295,34,0,4,0.0034808552958727,0.0069617105917454,0.1650919940328195,0.14669318746892093,0.0,0.018896071606166086,4
2012.0,6681,8535,7,14,1854,332,295,34,0,4,0.0034791252485089465,0.006958250497017893,0.16500994035785288,0.1466202783300199,0.0,0.018886679920477135,4
2013.0,6684,8535,7,14,1851,332,296,34,0,4,0.003477396920019871,0.006954793840039742,0.16492796820665673,0.14704421261798312,0.0,0.018877297565822158,4
2014.0,6687,8538,7,14,1851,332,296,34,0,4,0.003475670307845084,0.006951340615690168,0.16484607745779542,0.14697120158887786,0.0,0.018867924528301886,4
2015.0,6690,8538,7,14,1848,333,296,34,0,4,0.0034739454094292804,0.006947890818858561,0.16526054590570718,0.14689826302729528,0.0,0.018858560794044667,4
2016.0,6693,8546,7,14,1853,333,297,34,0,4,0.003472222222222222,0.006944444444444444,0.16517857142857142,0.14732142857142858,0.0,0.018849206349206348,4
2017.0,6696,8549,7,14,1853,333,297,34,0,4,0.0034705007436787306,0.006941001487357461,0.1650966782350025,0.14724838869608328,0.0,0.018839861179970253,4
2018.0,6699,8549,7,14,1850,333,297,34,0,4,0.003468780971258672,0.006937561942517344,0.16501486620416253,0.14717542120911795,0.0,0.018830525272547076,4
2019.0,6702,8549,7,14,1847,334,297,34,0,4,0.003467062902426944,0.006934125804853888,0.1654284299157999,0.14710252600297177,0.0,0.018821198613174838,4
2020.0,6705,8557,7,14,1852,334,297,34,0,4,0.0034653465346534654,0.006930693069306931,0.16534653465346535,0.14702970297029702,0.0,0.01881188118811881,4
2021.0,6708,8557,7,14,1849,334,297,34,0,4,0.0034636318654131617,0.006927263730826323,0.165264720435428,0.14695695200395845,0.0,0.01880257298367145,4
2022.0,6711,8557,7,14,1846,334,297,34,0,4,0.0034619188921859545,0.006923837784371909,0.1651829871414441,0.14688427299703263,0.0,0.018793273986152326,4
2023.0,6714,8557,7,14,1843,334,297,34,0,4,0.0034602076124567475,0.006920415224913495,0.16510133465150767,0.14681166584280772,0.0,0.018783984181908058,4
2024.0,6717,8557,7,14,1840,334,297,34,0,4,0.003458498023715415,0.00691699604743083,0.1650197628458498,0.14673913043478262,0.0,0.018774703557312252,4
2025.0,6720,8557,7,14,1837,334,297,34,0,4,0.0034567901234567903,0.006913580246913581,0.16493827160493826,0.14666666666666667,0.0,0.018765432098765432,4
2026.0,6723,8557,7,14,1834,334,297,34,0,4,0.0034550839091806516,0.006910167818361303,0.1648568608094768,0.14659427443237907,0.0,0.018756169792694965,4
2027.0,6726,8557,7,14,1831,335,297,34,0,4,0.003453379378391712,0.006906758756783424,0.16526887025160336,0.14652195362604833,0.0,0.018746916625555006,4
2028.0,6729,8565,7,14,1836,335,297,34,0,4,0.0034516765285996054,0.006903353057199211,0.16518737672583828,0.14644970414201183,0.0,0.01873767258382643,4
2029.0,6732,8565,7,14,1833,335,297,34,0,4,0.0034499753573188764,0.006899950714637753,0.16510596352883194,0.14637752587481517,0.0,0.018728437654016758,4
2030.0,6735,8565,7,14,1830,336,297,34,0,4,0.0034482758620689655,0.006896551724137931,0.16551724137931034,0.14630541871921182,0.0,0.0187192118226601,4
2031.0,6738,8573,7,14,1835,336,298,34,0,4,0.0034465780403741997,0.006893156080748399,0.1654357459379616,0.14672575086164452,0.0,0.018709995076317085,4
2032.0,6741,8576,7,14,1835,336,299,34,0,4,0.0034448818897637795,0.006889763779527559,0.16535433070866143,0.14714566929133857,0.0,0.018700787401574805,4
2033.0,6744,8579,7,14,1835,336,299,34,0,4,0.003443187407771766,0.006886374815543532,0.16527299557304476,0.147073290703394,0.0,0.018691588785046728,4
2034.0,6747,8579,7,14,1832,336,299,34,0,4,0.00344149459193707,0.00688298918387414,0.16519174041297935,0.14700098328416913,0.0,0.018682399213372666,4
2035.0,6750,8579,7,14,1829,336,299,34,0,4,0.0034398034398034397,0.0068796068796068794,0.1651105651105651,0.14692874692874694,0.0,0.018673218673218674,4
2036.0,6753,8579,7,14,1826,336,300,34,0,4,0.00343811394891945,0.0068762278978389,0.1650294695481336,0.14734774066797643,0.0,0.018664047151277015,4
2037.0,6756,8582,7,14,1826,336,300,34,0,4,0.003436426116838488,0.006872852233676976,0.16494845360824742,0.14727540500736377,0.0,0.018654884634266077,4
2038.0,6759,8582,7,14,1823,336,300,34,0,4,0.0034347399411187437,0.0068694798822374874,0.1648675171736997,0.14720314033366044,0.0,0.018645731108930325,4
2039.0,6762,8582,7,14,1820,336,300,34,0,4,0.0034330554193231977,0.006866110838646395,0.16478666012751347,0.14713094654242276,0.0,0.018636586562040217,4
2040.0,6765,8582,7,14,1817,336,300,34,0,4,0.003431372549019608,0.006862745098039216,0.16470588235294117,0.14705882352941177,0.0,0.018627450980392157,4
2041.0,6768,8582,7,14,1814,336,300,34,0,4,0.0034296913277804997,0.006859382655560999,0.164625183733464,0.14698677119059284,0.0,0.018618324350808426,4
2042.0,6771,8582,7,14,1811,336,300,34,0,4,0.0034280117531831538,0.0068560235063663075,0.16454456415279137,0.14691478942213515,0.0,0.01860920666013712,4
2043.0,6774,8582,7,14,1808,336,300,34,0,4,0.0034263338228095936,0.006852667645619187,0.1644640234948605,0.14684287812041116,0.0,0.01860009789525208,4
2044.0,6777,8582,7,14,1805,336,300,34,0,4,0.003424657534246575,0.00684931506849315,0.1643835616438356,0.14677103718199608,0.0,0.018590998043052837,4
2045.0,6780,8582,7,14,1802,336,301,34,0,4,0.0034229828850855745,0.006845965770171149,0.16430317848410758,0.1471882640586797,0.0,0.018581907090464547,4
2046.0,6783,8585,7,14,1802,337,301,34,0,4,0.003421309872922776,0.006842619745845552,0.16471163245356793,0.14711632453567938,0.0,0.01857282502443793,4
2047.0,6786,8593,7,14,1807,337,301,34,0,4,0.003419638495359062,0.006839276990718124,0.16463116756228627,0.14704445530043966,0.0,0.018563751831949193,4
2048.0,6789,8593,7,14,1804,337,302,34,0,4,0.00341796875,0.0068359375,0.16455078125,0.1474609375,0.0,0.0185546875,4
2049.0,6792,8596,7,14,1804,337,302,34,0,4,0.003416300634455832,0.006832601268911664,0.16447047340165935,0.1473889702293802,0.0,0.018545632015617375,4
2050.0,6795,8596,7,14,1801,337,302,34,0,4,0.0034146341463414634,0.006829268292682927,0.16439024390243903,0.1473170731707317,0.0,0.018536585365853658,4
2051.0,6798,8596,7,14,1798,337,302,34,0,4,0.0034129692832764505,0.006825938566552901,0.1643100926377377,0.14724524622135543,0.0,0.018527547537786446,4
2052.0,6801,8596,7,14,1795,337,302,34,0,4,0.00341130604288499,0.00682261208576998,0.1642300194931774,0.14717348927875243,0.0,0.018518518518518517,4
2053.0,6804,8596,7,14,1792,337,302,34,0,4,0.0034096444227959084,0.006819288845591817,0.16415002435460302,0.14710180224062347,0.0,0.018509498295177788,4
2054.0,6807,8596,7,14,1789,337,302,34,0,4,0.0034079844206426485,0.006815968841285297,0.1640701071080818,0.14703018500486856,0.0,0.018500486854917234,4
2055.0,6810,8596,7,14,1786,337,302,34,0,4,0.0034063260340632603,0.006812652068126521,0.16399026763990268,0.14695863746958637,0.0,0.018491484184914843,4
2056.0,6813,8596,7,14,1783,337,302,34,0,4,0.003404669260700389,0.006809338521400778,0.16391050583657588,0.14688715953307394,0.0,0.01848249027237354,4
2057.0,6816,8596,7,14,1780,337,302,34,0,4,0.003403014098201264,0.006806028196402528,0.16383082158483228,0.14681575109382597,0.0,0.018473505104521146,4
2058.0,6819,8596,7,14,1777,338,302,34,0,4,0.003401360544217687,0.006802721088435374,0.16423712342079688,0.1467444120505345,0.0,0.0184645286686103,4
2059.0,6822,8604,7,14,1782,338,302,34,0,4,0.003399708596406022,0.006799417192812044,0.16415735794074793,0.1466731423020884,0.0,0.018455560951918408,4
2060.0,6825,8604,7,14,1779,338,302,34,0,4,0.0033980582524271844,0.006796116504854369,0.16407766990291262,0.14660194174757282,0.0,0.018446601941747572,4
2061.0,6828,8604,7,14,1776,339,302,34,0,4,0.003396409509946628,0.006792819019893256,0.16448326055312956,0.1465308102862688,0.0,0.018437651625424552,4
2062.0,6831,8612,7,14,1781,339,302,34,0,4,0.0033947623666343357,0.006789524733268671,0.1644034917555771,0.14645974781765275,0.0,0.01842870999030068,4
2063.0,6834,8612,7,14,1778,339,303,34,0,4,0.0033931168201648087,0.0067862336403296175,0.1643238002908386,0.14687348521570529,0.0,0.018419777023751818,4
2064.0,6837,8615,7,14,1778,340,303,34,0,4,0.003391472868217054,0.006782945736434108,0.16472868217054262,0.14680232558139536,0.0,0.018410852713178296,4
2065.0,6840,8623,7,14,1783,340,303,34,0,4,0.003389830508474576,0.006779661016949152,0.16464891041162227,0.1467312348668281,0.0,0.018401937046004842,4
2066.0,6843,8623,7,14,1780,341,303,34,0,4,0.003388189738625363,0.006776379477250726,0.16505324298160698,0.14666021297192644,0.0,0.018393030009680542,4
2067.0,6846,8631,7,14,1785,341,303,34,0,4,0.003386550556361877,0.006773101112723754,0.16497339138848574,0.14658925979680695,0.0,0.018384131591678763,4
2068.0,6849,8631,7,14,1782,341,304,34,0,4,0.0033849129593810446,0.006769825918762089,0.16489361702127658,0.1470019342359768,0.0,0.0183752417794971,4
2069.0,6852,8634,7,14,1782,341,304,34,0,4,0.0033832769453842437,0.006766553890768487,0.16481391976800386,0.14693088448525857,0.0,0.01836636056065732,4
2070.0,6855,8634,7,14,1779,341,304,34,0,4,0.003381642512077295,0.00676328502415459,0.1647342995169082,0.1468599033816425,0.0,0.018357487922705314,4
2071.0,6858,8634,7,14,1776,341,304,34,0,4,0.003380009657170449,0.006760019314340898,0.16465475615644617,0.14678899082568808,0.0,0.01834862385321101,4
2072.0,6861,8634,7,14,1773,341,305,34,0,4,0.0033783783783783786,0.006756756756756757,0.16457528957528958,0.1472007722007722,0.0,0.01833976833976834,4
2073.0,6864,8637,7,14,1773,341,305,34,0,4,0.003376748673420164,0.006753497346840328,0.16449589966232514,0.14712976362759286,0.0,0.018330921369995177,4
2074.0,6867,8637,7,14,1770,341,306,34,0,4,0.0033751205400192863,0.006750241080038573,0.16441658630665382,0.14754098360655737,0.0,0.01832208293153327,4
2075.0,6870,8640,7,14,1770,341,306,35,0,4,0.0033734939759036144,0.006746987951807229,0.16433734939759037,0.14746987951807228,0.0,0.018795180722891568,4
2076.0,6873,8642,7,14,1769,342,306,35,0,4,0.003371868978805395,0.00674373795761079,0.16473988439306358,0.14739884393063585,0.0,0.01878612716763006,4
2077.0,6876,8650,7,14,1774,342,306,35,0,4,0.003370245546461242,0.006740491092922484,0.16466056812710642,0.14732787674530573,0.0,0.018777082330284064,4
2078.0,6879,8650,7,14,1771,343,306,35,0,4,0.003368623676612127,0.006737247353224254,0.16506256015399423,0.1472569778633301,0.0,0.018768046198267566,4
2079.0,6882,8658,7,14,1776,343,306,35,0,4,0.003367003367003367,0.006734006734006734,0.16498316498316498,0.1471861471861472,0.0,0.01875901875901876,4
2080.0,6885,8658,7,14,1773,343,306,35,0,4,0.0033653846153846156,0.006730769230769231,0.16490384615384615,0.14711538461538462,0.0,0.01875,4
2081.0,6888,8658,7,14,1770,343,306,35,0,4,0.003363767419509851,0.006727534839019702,0.1648246035559827,0.1470446900528592,0.0,0.01874098990869774,4
2082.0,6891,8658,7,14,1767,343,306,35,0,4,0.0033621517771373678,0.0067243035542747355,0.16474543707973102,0.14697406340057637,0.0,0.018731988472622477,4
2083.0,6894,8658,7,14,1764,343,306,35,0,4,0.003360537686029765,0.00672107537205953,0.16466634661545848,0.1469035045607297,0.0,0.01872299567930869,4
2084.0,6897,8658,7,14,1761,343,306,35,0,4,0.0033589251439539347,0.0067178502879078695,0.1645873320537428,0.14683301343570057,0.0,0.01871401151631478,4
2085.0,6900,8658,7,14,1758,343,306,35,0,4,0.003357314148681055,0.00671462829736211,0.1645083932853717,0.14676258992805755,0.0,0.01870503597122302,4
2086.0,6903,8658,7,14,1755,343,306,35,0,4,0.003355704697986577,0.006711409395973154,0.1644295302013423,0.14669223394055608,0.0,0.018696069031639503,4
2087.0,6906,8658,7,14,1752,343,306,35,0,4,0.0033540967896502154,0.006708193579300431,0.16435074269286057,0.14662194537613799,0.0,0.018687110685194058,4
2088.0,6909,8658,7,14,1749,344,306,35,0,4,0.003352490421455939,0.006704980842911878,0.16475095785440613,0.14655172413793102,0.0,0.01867816091954023,4
2089.0,6912,8666,7,14,1754,344,306,35,0,4,0.003350885591191958,0.006701771182383916,0.1646720919100048,0.14648157012924845,0.0,0.018669219722355194,4
2090.0,6915,8666,7,14,1751,344,306,35,0,4,0.0033492822966507177,0.0066985645933014355,0.1645933014354067,0.14641148325358852,0.0,0.018660287081339714,4
2091.0,6918,8666,7,14,1748,344,306,35,0,4,0.003347680535628886,0.006695361071257772,0.16451458632233382,0.14634146341463414,0.0,0.018651362984218076,4
2092.0,6921,8666,7,14,1745,344,306,35,0,4,0.0033460803059273425,0.006692160611854685,0.16443594646271512,0.1462715105162524,0.0,0.01864244741873805,4
2093.0,6924,8666,7,14,1742,344,306,35,0,4,0.0033444816053511705,0.006688963210702341,0.1643573817486861,0.14620162446249402,0.0,0.018633540372670808,4
2094.0,6927,8666,7,14,1739,344,306,35,0,4,0.0033428844317096467,0.0066857688634192934,0.16427889207258833,0.14613180515759314,0.0,0.01862464183381089,4
2095.0,6930,8666,7,14,1736,344,306,35,0,4,0.003341288782816229,0.006682577565632458,0.16420047732696896,0.1460620525059666,0.0,0.018615751789976133,4
2096.0,6933,8666,7,14,1733,344,306,35,0,4,0.0033396946564885495,0.006679389312977099,0.16412213740458015,0.14599236641221375,0.0,0.018606870229007633,4
2097.0,6936,8666,7,14,1730,344,306,35,0,5,0.0033381020505484026,0.006676204101096805,0.16404387219837863,0.1459227467811159,0.0,0.019074868860276584,4
2098.0,6937,8667,7,14,1730,344,306,35,0,5,0.003336510962821735,0.00667302192564347,0.16396568160152525,0.14585319351763584,0.0,0.019065776930409915,4
2099.0,6938,8667,7,15,1729,344,306,35,0,5,0.0033349213911386373,0.007146260123868509,0.16388756550738448,0.14578370652691758,0.0,0.019056693663649357,4
2100.0,6983,8961,7,15,1978,344,306,35,0,5,0.0033333333333333335,0.007142857142857143,0.16380952380952382,0.1457142857142857,0.0,0.01904761904761905,4
2101.0,6986,8961,7,15,1975,344,306,35,0,5,0.0033317467872441696,0.007139457401237506,0.16373155640171347,0.1456449309852451,0.0,0.01903855306996668,4
2102.0,6989,8961,7,15,1972,344,306,35,0,5,0.003330161750713606,0.007136060894386299,0.1636536631779258,0.1455756422454805,0.0,0.019029495718363463,4
2103.0,6992,8961,7,15,1969,344,306,35,0,5,0.0033285782215882074,0.007132667617689016,0.16357584403233477,0.14550641940085593,0.0,0.019020446980504042,4
2104.0,6995,8961,7,15,1966,344,306,35,0,5,0.003326996197718631,0.007129277566539924,0.1634980988593156,0.14543726235741444,0.0,0.019011406844106463,4
2105.0,6998,8961,7,15,1963,344,306,35,0,5,0.00332541567695962,0.007125890736342043,0.1634204275534442,0.14536817102137767,0.0,0.019002375296912115,4
2106.0,7001,8961,7,15,1960,345,306,35,0,5,0.0033238366571699905,0.007122507122507123,0.16381766381766383,0.1452991452991453,0.0,0.01899335232668566,4
2107.0,7004,8969,7,15,1965,345,306,35,0,5,0.0033222591362126247,0.007119126720455624,0.16373991457047934,0.14523018509729474,0.0,0.018984337921214997,4
2108.0,7007,8969,7,15,1962,345,306,35,0,5,0.003320683111954459,0.007115749525616698,0.16366223908918406,0.14516129032258066,0.0,0.018975332068311195,4
2109.0,7010,8969,7,15,1959,345,306,35,0,5,0.003319108582266477,0.007112375533428165,0.16358463726884778,0.14509246088193456,0.0,0.01896633475580844,4
2110.0,7013,8969,7,15,1956,345,306,35,0,5,0.0033175355450236967,0.0071090047393364926,0.16350710900473933,0.14502369668246445,0.0,0.018957345971563982,4
2111.0,7016,8969,7,15,1953,345,306,35,0,5,0.0033159639981051635,0.0071056371387967785,0.1634296541923259,0.14495499763145428,0.0,0.018948365703458078,4
2112.0,7019,8969,7,15,1950,346,306,35,0,5,0.0033143939393939395,0.007102272727272727,0.16382575757575757,0.14488636363636365,0.0,0.01893939393939394,4
2113.0,7022,8977,7,15,1955,347,306,35,0,5,0.003312825366777094,0.00709891150023663,0.16422148603880737,0.14481779460482727,0.0,0.01893043066729768,4
2114.0,7025,8985,7,15,1960,347,306,35,0,5,0.0033112582781456954,0.007095553453169348,0.1641438032166509,0.14474929044465468,0.0,0.01892147587511826,4
2115.0,7028,8985,7,15,1957,347,306,35,0,5,0.003309692671394799,0.0070921985815602835,0.16406619385342788,0.14468085106382977,0.0,0.018912529550827423,4
2116.0,7031,8985,7,15,1954,347,307,35,0,5,0.0033081285444234404,0.007088846880907372,0.16398865784499056,0.14508506616257089,0.0,0.01890359168241966,4
2117.0,7034,8988,7,15,1954,347,307,36,0,5,0.0033065658951346244,0.007085498346717053,0.1639111950873878,0.1450165328294757,0.0,0.019367028814359942,4
2118.0,7037,8990,7,15,1953,348,307,36,0,5,0.0033050047214353163,0.007082152974504249,0.1643059490084986,0.1449480642115203,0.0,0.01935788479697828,4
2119.0,7040,8998,7,15,1958,348,308,36,0,5,0.0033034450212364322,0.0070788107597923545,0.16422840962718263,0.145351580934403,0.0,0.019348749410099102,4
2120.0,7043,9001,7,15,1958,348,308,36,0,5,0.0033018867924528303,0.007075471698113208,0.1641509433962264,0.14528301886792452,0.0,0.019339622641509433,4
2121.0,7046,9001,7,15,1955,348,308,36,0,5,0.0033003300330033004,0.007072135785007072,0.16407355021216408,0.14521452145214522,0.0,0.01933050447901933,4
2122.0,7049,9001,7,15,1952,348,308,36,0,5,0.003298774740810556,0.00706880301602262,0.16399622997172478,0.14514608859566447,0.0,0.01932139491046183,4
2123.0,7052,9001,7,15,1949,348,308,36,0,5,0.003297220913801225,0.00706547338671691,0.16391898257183232,0.14507772020725387,0.0,0.019312293923692887,4
2124.0,7055,9001,7,15,1946,348,308,36,0,5,0.003295668549905838,0.007062146892655367,0.1638418079096045,0.14500941619585686,0.0,0.019303201506591337,4
2125.0,7058,9001,7,15,1943,348,308,36,0,5,0.0032941176470588237,0.007058823529411765,0.16376470588235295,0.14494117647058824,0.0,0.019294117647058823,4
2126.0,7061,9001,7,15,1940,348,308,36,0,5,0.003292568203198495,0.0070555032925682035,0.1636876763875823,0.14487300094073377,0.0,0.019285042333019756,4
2127.0,7064,9001,7,15,1937,348,308,36,0,5,0.003291020216267043,0.007052186177715092,0.16361071932299012,0.14480488951574988,0.0,0.019275975552421252,4
2128.0,7067,9001,7,15,1934,348,308,36,0,5,0.003289473684210526,0.007048872180451127,0.16353383458646617,0.14473684210526316,0.0,0.01926691729323308,4
2129.0,7070,9001,7,15,1931,348,308,36,0,5,0.0032879286049788633,0.007045561296383279,0.16345702207609206,0.14466885861906997,0.0,0.01925786754344763,4
2130.0,7073,9001,7,15,1928,348,308,36,0,5,0.0032863849765258214,0.007042253521126761,0.16338028169014085,0.14460093896713616,0.0,0.019248826291079813,4
2131.0,7076,9001,7,15,1925,348,308,36,0,5,0.00328484279680901,0.0070389488503050214,0.1633036133270765,0.14453308305959645,0.0,0.01923979352416706,4
2132.0,7079,9001,7,15,1922,348,308,36,0,5,0.003283302063789869,0.007035647279549718,0.16322701688555347,0.14446529080675422,0.0,0.019230769230769232,4
2133.0,7082,9001,7,15,1919,348,309,36,0,5,0.0032817627754336614,0.007032348804500703,0.1631504922644163,0.14486638537271448,0.0,0.01922175339896859,4
2134.0,7085,9004,7,15,1919,348,309,36,0,5,0.0032802249297094657,0.007029053420805998,0.16307403936269915,0.14479850046860357,0.0,0.019212746016869727,4
2135.0,7088,9004,7,15,1916,348,309,36,0,5,0.003278688524590164,0.00702576112412178,0.1629976580796253,0.14473067915690865,0.0,0.01920374707259953,4
2136.0,7091,9004,7,15,1913,348,309,36,0,5,0.0032771535580524347,0.007022471910112359,0.16292134831460675,0.1446629213483146,0.0,0.019194756554307114,4
2137.0,7094,9004,7,15,1910,348,309,36,0,5,0.003275620028076743,0.0070191857744501636,0.1628451099672438,0.14459522695367338,0.0,0.01918577445016378,4
2138.0,7097,9004,7,15,1907,348,309,36,0,5,0.003274087932647334,0.007015902712815715,0.1627689429373246,0.14452759588400374,0.0,0.019176800748362956,4
2139.0,7100,9004,7,15,1904,348,309,36,0,5,0.0032725572697522207,0.0070126227208976155,0.16269284712482468,0.14446002805049088,0.0,0.01916783543712015,4
2140.0,7103,9004,7,15,1901,348,309,37,0,5,0.0032710280373831778,0.007009345794392523,0.16261682242990655,0.144392523364486,0.0,0.019626168224299065,4
2141.0,7106,9006,7,15,1900,348,310,37,0,5,0.003269500233535731,0.007006071929005138,0.1625408687529192,0.14479215319943953,0.0,0.019617001401214387,4
2142.0,7109,9009,7,15,1900,348,310,37,0,5,0.0032679738562091504,0.0070028011204481795,0.16246498599439776,0.14472455648926238,0.0,0.0196078431372549,4
2143.0,7112,9009,7,15,1897,348,311,37,0,5,0.0032664489034064394,0.006999533364442371,0.162389174055063,0.1451236584227718,0.0,0.01959869342043864,4
2144.0,7115,9012,7,15,1897,348,311,37,0,5,0.0032649253731343282,0.006996268656716418,0.1623134328358209,0.14505597014925373,0.0,0.01958955223880597,4
2145.0,7118,9012,7,15,1894,349,311,37,0,5,0.0032634032634032634,0.006993006993006993,0.1627039627039627,0.14498834498834498,0.0,0.019580419580419582,4
2146.0,7121,9020,7,15,1899,350,311,37,0,5,0.0032618825722274,0.006989748369058714,0.16309412861137,0.14492078285181734,0.0,0.0195712954333644,4
2147.0,7124,9028,7,15,1904,350,311,37,0,5,0.0032603632976245926,0.0069864927806241265,0.1630181648812296,0.1448532836516069,0.0,0.019562179785747556,4
2148.0,7127,9028,7,15,1901,350,311,37,0,5,0.0032588454376163874,0.006983240223463687,0.16294227188081936,0.14478584729981378,0.0,0.019553072625698324,4
2149.0,7130,9028,7,15,1898,350,311,37,0,5,0.003257328990228013,0.006979990693345742,0.16286644951140064,0.14471847370870172,0.0,0.019543973941368076,4
2150.0,7133,9028,7,15,1895,350,311,37,0,5,0.0032558139534883722,0.0069767441860465115,0.16279069767441862,0.14465116279069767,0.0,0.01953488372093023,4
2151.0,7136,9028,7,15,1892,350,312,37,0,5,0.0032543003254300326,0.00697350069735007,0.16271501627150162,0.14504881450488144,0.0,0.019525801952580194,4
2152.0,7139,9031,7,15,1892,350,312,37,0,5,0.0032527881040892194,0.006970260223048327,0.16263940520446096,0.1449814126394052,0.0,0.019516728624535316,4
2153.0,7142,9031,7,15,1889,350,312,37,0,5,0.003251277287505806,0.006967022758941012,0.1625638643752903,0.14491407338597306,0.0,0.019507663725034836,4
2154.0,7145,9031,7,15,1886,351,312,37,0,5,0.0032497678737233053,0.006963788300835654,0.16295264623955433,0.14484679665738162,0.0,0.019498607242339833,4
2155.0,7148,9039,7,15,1891,351,312,37,0,5,0.0032482598607888632,0.0069605568445475635,0.162877030162413,0.14477958236658933,0.0,0.01948955916473318,4
2156.0,7151,9039,7,15,1888,351,312,37,0,5,0.003246753246753247,0.006957328385899814,0.16280148423005567,0.14471243042671614,0.0,0.01948051948051948,4
2157.0,7154,9039,7,15,1885,352,312,37,0,5,0.003245248029670839,0.006954102920723227,0.16318961520630507,0.14464534075104313,0.0,0.019471488178025034,4
2158.0,7157,9047,7,15,1890,353,312,37,0,5,0.003243744207599629,0.006950880444856348,0.16357738646895273,0.14457831325301204,0.0,0.019462465245597776,4
2159.0,7160,9055,7,15,1895,353,312,37,0,5,0.003242241778601204,0.006947660954145438,0.1635016211208893,0.1445113478462251,0.0,0.019453450671607225,4
2160.0,7163,9055,7,15,1892,354,312,37,0,5,0.0032407407407407406,0.006944444444444444,0.1638888888888889,0.14444444444444443,0.0,0.019444444444444445,4
2161.0,7166,9063,7,15,1897,354,312,37,0,5,0.003239241092086997,0.006941230911614993,0.16381304951411382,0.14437760296159186,0.0,0.01943544655252198,4
2162.0,7169,9063,7,15,1894,355,312,37,0,5,0.0032377428307123032,0.006938020351526364,0.16419981498612396,0.14431082331174838,0.0,0.01942645698427382,4
2163.0,7172,9071,7,15,1899,355,312,37,0,5,0.003236245954692557,0.006934812760055479,0.16412390198797966,0.14424410540915394,0.0,0.019417475728155338,4
2164.0,7175,9071,7,15,1896,355,312,37,0,5,0.003234750462107209,0.006931608133086876,0.16404805914972273,0.14417744916820702,0.0,0.019408502772643253,4
2165.0,7178,9071,7,15,1893,355,312,37,0,5,0.003233256351039261,0.006928406466512702,0.16397228637413394,0.1441108545034642,0.0,0.019399538106235566,4
2166.0,7181,9071,7,15,1890,355,313,37,0,5,0.003231763619575254,0.006925207756232687,0.16389658356417358,0.14450600184672208,0.0,0.019390581717451522,4
2167.0,7184,9074,7,15,1890,355,313,37,0,5,0.003230272265805261,0.00692201199815413,0.16382095062298108,0.14443931702814952,0.0,0.019381633594831565,4
2168.0,7187,9074,7,15,1887,355,314,37,0,5,0.0032287822878228783,0.006918819188191882,0.16374538745387454,0.1448339483394834,0.0,0.01937269372693727,4
2169.0,7190,9077,7,15,1887,356,314,37,0,5,0.003227293683725219,0.006915629322268326,0.16413093591516828,0.14476717381281698,0.0,0.019363762102351315,4
2170.0,7193,9085,7,15,1892,356,315,37,0,5,0.0032258064516129032,0.0069124423963133645,0.1640552995391705,0.14516129032258066,0.0,0.01935483870967742,4
2171.0,7196,9088,7,15,1892,356,315,37,0,5,0.0032243205895900505,0.006909258406264394,0.16397973284200829,0.14509442653155227,0.0,0.019345923537540305,4
2172.0,7199,9088,7,15,1889,357,315,37,0,5,0.0032228360957642726,0.006906077348066298,0.1643646408839779,0.14502762430939226,0.0,0.019337016574585635,4
2173.0,7202,9096,7,15,1894,358,315,37,0,5,0.0032213529682466636,0.006902899217671422,0.16474919466175794,0.14496088357109987,0.0,0.019328117809479982,4
2174.0,7203,9104,7,15,1901,358,315,37,0,5,0.003219871205151794,0.0068997240110395585,0.16467341306347746,0.14489420423183072,0.0,0.019319227230910764,4
2175.0,7204,9104,8,15,1900,358,315,37,0,5,0.0036781609195402297,0.006896551724137931,0.1645977011494253,0.14482758620689656,0.0,0.019310344827586208,4
2176.0,7223,9216,8,15,1993,359,315,37,0,5,0.003676470588235294,0.006893382352941176,0.16498161764705882,0.14476102941176472,0.0,0.019301470588235295,4
2177.0,7226,9224,8,15,1998,359,315,37,0,5,0.0036747818098300414,0.006890215893431328,0.1649058337161231,0.14469453376205788,0.0,0.01929260450160772,4
2178.0,7229,9224,8,15,1995,359,315,37,0,5,0.0036730945821854912,0.006887052341597796,0.16483011937557393,0.1446280991735537,0.0,0.01928374655647383,4
2179.0,7232,9224,8,15,1992,359,315,37,0,5,0.0036714089031665903,0.006883891693437357,0.16475447452960074,0.1445617255621845,0.0,0.019274896741624598,4
2180.0,7235,9224,8,15,1989,359,315,37,0,5,0.003669724770642202,0.006880733944954129,0.1646788990825688,0.1444954128440367,0.0,0.01926605504587156,4
2181.0,7238,9224,8,15,1986,359,315,37,0,5,0.0036680421824850985,0.0068775790921595595,0.1646033929390188,0.14442916093535077,0.0,0.01925722145804677,4
2182.0,7241,9224,8,15,1983,359,315,37,0,5,0.0036663611365719525,0.0068744271310724105,0.16452795600366635,0.14436296975252064,0.0,0.01924839596700275,4
2183.0,7244,9224,8,15,1980,359,316,37,0,5,0.0036646816307833257,0.006871278057718736,0.16445258818140174,0.14475492441594137,0.0,0.01923957856161246,4
2184.0,7247,9227,8,15,1980,359,317,37,0,5,0.003663003663003663,0.006868131868131868,0.16437728937728938,0.14514652014652016,0.0,0.019230769230769232,4
2185.0,7250,9230,8,15,1980,359,317,37,0,5,0.0036613272311212816,0.006864988558352402,0.1643020594965675,0.14508009153318077,0.0,0.019221967963386728,4
2186.0,7253,9230,8,15,1977,359,317,37,0,5,0.0036596523330283625,0.006861848124428179,0.16422689844464775,0.14501372369624885,0.0,0.0192131747483989,4
2187.0,7256,9230,8,15,1974,359,317,37,0,5,0.003657978966620942,0.006858710562414266,0.16415180612711477,0.14494741655235482,0.0,0.019204389574759947,4
2188.0,7259,9230,8,15,1971,360,317,37,0,5,0.003656307129798903,0.006855575868372943,0.16453382084095064,0.14488117001828155,0.0,0.019195612431444242,4
2189.0,7262,9238,8,15,1976,360,317,37,0,5,0.003654636820465966,0.006852444038373686,0.16445865692096848,0.1448149840109639,0.0,0.019186843307446324,4
2190.0,7265,9238,8,15,1973,360,317,37,0,5,0.0036529680365296802,0.00684931506849315,0.1643835616438356,0.14474885844748858,0.0,0.019178082191780823,4
2191.0,7268,9238,8,15,1970,360,317,37,0,5,0.003651300775901415,0.006846188954815153,0.16430853491556366,0.14468279324509356,0.0,0.019169329073482427,4
2192.0,7271,9238,8,15,1967,360,317,37,0,5,0.0036496350364963502,0.006843065693430657,0.16423357664233576,0.1446167883211679,0.0,0.01916058394160584,4
2193.0,7274,9238,8,15,1964,361,317,37,0,5,0.00364797081623347,0.006839945280437756,0.16461468308253535,0.14455084359325127,0.0,0.019151846785225718,4
2194.0,7277,9246,8,15,1969,361,317,37,0,5,0.0036463081130355514,0.0068368277119416595,0.16453965360072925,0.14448495897903374,0.0,0.019143117593436645,4
2195.0,7280,9246,8,15,1966,361,317,37,0,5,0.0036446469248291574,0.00683371298405467,0.16446469248291573,0.14441913439635534,0.0,0.019134396355353075,4
2196.0,7283,9246,8,15,1963,361,317,37,0,5,0.0036429872495446266,0.006830601092896175,0.16438979963570127,0.14435336976320584,0.0,0.01912568306010929,4
2197.0,7286,9246,8,15,1960,361,317,37,0,5,0.0036413290851160674,0.006827492034592627,0.16431497496586253,0.14428766499772416,0.0,0.019116977696859355,4
2198.0,7289,9246,8,15,1957,361,317,37,0,5,0.003639672429481347,0.006824385805277525,0.16424021838034578,0.14422202001819837,0.0,0.01910828025477707,4
2199.0,7292,9246,8,15,1954,361,317,38,0,5,0.0036380172805820826,0.0068212824010914054,0.16416552978626647,0.14415643474306503,0.0,0.019554342883128694,4
2200.0,7295,9248,8,15,1953,361,317,38,0,5,0.0036363636363636364,0.006818181818181818,0.1640909090909091,0.1440909090909091,0.0,0.019545454545454546,4
2201.0,7298,9248,8,15,1950,361,317,38,0,5,0.003634711494775102,0.0068150840527033164,0.1640163562017265,0.14402544298046344,0.0,0.019536574284416176,4
2202.0,7301,9248,8,15,1947,361,317,38,0,5,0.0036330608537693005,0.006811989100817439,0.1639418710263397,0.14396003633060853,0.0,0.01952770208900999,4
2203.0,7304,9248,8,15,1944,361,317,38,0,5,0.003631411711302769,0.006808896958692692,0.16386745347253745,0.14389468906037223,0.0,0.019518837948252384,4
2204.0,7307,9248,8,15,1941,361,317,38,0,5,0.003629764065335753,0.006805807622504537,0.16379310344827586,0.14382940108892922,0.0,0.019509981851179675,4
2205.0,7310,9248,8,15,1938,361,317,38,0,5,0.0036281179138321997,0.006802721088435374,0.163718820861678,0.1437641723356009,0.0,0.019501133786848073,4
2206.0,7313,9248,8,15,1935,361,317,38,0,5,0.003626473254759746,0.006799637352674524,0.16364460562103356,0.14369900271985495,0.0,0.019492293744333637,4
2207.0,7314,9248,8,16,1934,361,317,38,0,5,0.0036248300860897147,0.007249660172179429,0.16357045763479836,0.14363389216130493,0.0,0.019483461712732214,4
2208.0,7359,9542,8,16,2183,361,317,38,0,5,0.0036231884057971015,0.007246376811594203,0.1634963768115942,0.14356884057971014,0.0,0.01947463768115942,4
2209.0,7362,9542,8,16,2180,361,317,38,0,5,0.0036215482118605704,0.007243096423721141,0.16342236306020824,0.1435038478949751,0.0,0.019465821638750568,4
2210.0,7365,9542,8,16,2177,362,317,38,0,5,0.0036199095022624436,0.007239819004524887,0.16380090497737557,0.1434389140271493,0.0,0.019457013574660634,4
2211.0,7368,9550,8,16,2182,363,317,38,0,5,0.003618272274988693,0.007236544549977386,0.16417910447761194,0.14337403889642697,0.0,0.019448213478064226,4
2212.0,7371,9558,8,16,2187,363,317,38,0,5,0.003616636528028933,0.007233273056057866,0.16410488245931285,0.14330922242314648,0.0,0.019439421338155516,4
2213.0,7374,9558,8,16,2184,363,317,38,0,5,0.0036150022593764122,0.0072300045187528245,0.1640307275192047,0.14324446452779033,0.0,0.019430637144148215,4
2214.0,7377,9558,8,16,2181,363,317,38,0,5,0.0036133694670280035,0.007226738934056007,0.16395663956639567,0.14317976513098465,0.0,0.01942186088527552,4
2215.0,7380,9558,8,16,2178,363,317,38,0,5,0.0036117381489841984,0.007223476297968397,0.163882618510158,0.14311512415349886,0.0,0.019413092550790066,4
2216.0,7383,9558,8,16,2175,364,317,38,0,5,0.0036101083032490976,0.007220216606498195,0.16425992779783394,0.1430505415162455,0.0,0.0194043321299639,4
2217.0,7386,9566,8,16,2180,364,317,38,0,5,0.0036084799278304014,0.007216959855660803,0.16418583671628326,0.14298601714027967,0.0,0.019395579612088407,4
2218.0,7389,9566,8,16,2177,365,317,38,0,5,0.0036068530207394047,0.007213706041478809,0.16456266907123535,0.14292155094679893,0.0,0.0193868349864743,4
2219.0,7392,9574,8,16,2182,365,317,38,0,5,0.003605227579990987,0.007210455159981974,0.16448850833708878,0.14285714285714285,0.0,0.019378098242451555,4
2220.0,7395,9574,8,16,2179,365,318,38,0,5,0.0036036036036036037,0.007207207207207207,0.16441441441441443,0.14324324324324325,0.0,0.01936936936936937,4
2221.0,7398,9577,8,16,2179,365,318,38,0,5,0.0036019810895992796,0.007203962179198559,0.16434038721296712,0.14317874831157137,0.0,0.01936064835659613,4
2222.0,7401,9577,8,16,2176,365,318,38,0,5,0.0036003600360036,0.0072007200720072,0.16426642664266428,0.14311431143114312,0.0,0.01935193519351935,4
2223.0,7404,9577,8,16,2173,365,318,38,0,5,0.003598740440845704,0.007197480881691408,0.16419253261358524,0.14304993252361672,0.0,0.019343229869545658,4
2224.0,7407,9577,8,16,2170,365,319,38,0,5,0.0035971223021582736,0.007194244604316547,0.16411870503597123,0.14343525179856115,0.0,0.01933453237410072,4
2225.0,7410,9580,8,16,2170,365,319,38,0,5,0.0035955056179775282,0.0071910112359550565,0.16404494382022472,0.14337078651685392,0.0,0.019325842696629212,4
2226.0,7413,9580,8,16,2167,365,319,38,0,5,0.0035938903863432167,0.0071877807726864335,0.16397124887690925,0.14330637915543576,0.0,0.01931716082659479,4
2227.0,7416,9580,8,16,2164,366,319,38,0,5,0.003592276605298608,0.007184553210597216,0.1643466546924113,0.143242029636282,0.0,0.019308486753480018,4
2228.0,7419,9588,8,16,2169,366,319,38,0,5,0.003590664272890485,0.00718132854578097,0.16427289048473967,0.1431777378815081,0.0,0.019299820466786355,4
2229.0,7422,9588,8,16,2166,366,319,38,0,5,0.003589053387169134,0.007178106774338268,0.1641991924629879,0.14311350381336924,0.0,0.019291161956034097,4
2230.0,7425,9588,8,16,2163,366,319,38,0,5,0.003587443946188341,0.007174887892376682,0.16412556053811658,0.1430493273542601,0.0,0.019282511210762333,4
2231.0,7428,9588,8,16,2160,366,320,38,0,5,0.003585835948005379,0.007171671896010758,0.1640519946212461,0.14343343792021515,0.0,0.01927386822052891,4
2232.0,7431,9591,8,16,2160,366,320,38,0,5,0.0035842293906810036,0.007168458781362007,0.1639784946236559,0.14336917562724014,0.0,0.019265232974910396,4
2233.0,7434,9591,8,16,2157,366,320,38,0,5,0.0035826242722794446,0.007165248544558889,0.1639050604567846,0.14330497089117777,0.0,0.019256605463502014,4
2234.0,7437,9591,8,16,2154,366,320,38,0,5,0.0035810205908683975,0.007162041181736795,0.1638316920322292,0.1432408236347359,0.0,0.019247985675917637,4
2235.0,7440,9591,8,16,2151,366,320,38,0,5,0.0035794183445190158,0.0071588366890380315,0.16375838926174496,0.14317673378076062,0.0,0.01923937360178971,4
2236.0,7443,9591,8,16,2148,366,320,38,0,5,0.0035778175313059034,0.007155635062611807,0.16368515205724507,0.14311270125223613,0.0,0.019230769230769232,4
2237.0,7446,9591,8,16,2145,366,320,38,0,5,0.003576218149307108,0.007152436298614216,0.16361198033080018,0.1430487259722843,0.0,0.019222172552525705,4
2238.0,7449,9591,8,16,2142,366,320,38,0,5,0.0035746201966041107,0.0071492403932082215,0.16353887399463807,0.14298480786416443,0.0,0.019213583556747096,4
2239.0,7452,9591,8,16,2139,366,320,38,0,5,0.003573023671281822,0.007146047342563644,0.16346583296114336,0.14292094685127288,0.0,0.019205002233139794,4
2240.0,7455,9591,8,16,2136,366,320,38,0,5,0.0035714285714285713,0.007142857142857143,0.16339285714285715,0.14285714285714285,0.0,0.019196428571428573,4
2241.0,7458,9591,8,16,2133,366,320,38,0,5,0.0035698348951361,0.0071396697902722,0.16331994645247658,0.142793395805444,0.0,0.019187862561356538,4
2242.0,7461,9591,8,16,2130,366,320,38,0,5,0.003568242640499554,0.007136485280999108,0.1632471008028546,0.14272970561998216,0.0,0.0191793041926851,4
2243.0,7464,9591,8,16,2127,366,320,38,0,5,0.0035666518056174765,0.007133303611234953,0.16317432010699956,0.14266607222469907,0.0,0.019170753455193937,4
2244.0,7467,9591,8,16,2124,366,320,38,0,5,0.0035650623885918,0.0071301247771836,0.16310160427807488,0.14260249554367202,0.0,0.019162210338680926,4
2245.0,7470,9591,8,16,2121,366,320,38,0,5,0.0035634743875278397,0.0071269487750556795,0.16302895322939867,0.14253897550111358,0.0,0.01915367483296214,4
2246.0,7473,9591,8,16,2118,366,320,38,0,5,0.003561887800534283,0.007123775601068566,0.16295636687444345,0.14247551202137132,0.0,0.01914514692787177,4
2247.0,7476,9591,8,16,2115,367,320,38,0,5,0.0035603026257231864,0.007120605251446373,0.16332888295505119,0.14241210502892745,0.0,0.01913662661326213,4
2248.0,7479,9599,8,16,2120,367,321,38,0,5,0.0035587188612099642,0.0071174377224199285,0.1632562277580071,0.14279359430604982,0.0,0.01912811387900356,4
2249.0,7482,9602,8,16,2120,368,321,38,0,5,0.0035571365051133837,0.007114273010226767,0.16362827923521564,0.14273010226767452,0.0,0.019119608714984436,4
2250.0,7485,9610,8,16,2125,368,321,38,0,5,0.0035555555555555557,0.0071111111111111115,0.16355555555555557,0.14266666666666666,0.0,0.01911111111111111,4
2251.0,7488,9610,8,16,2122,368,321,38,0,5,0.003553976010661928,0.007107952021323856,0.1634828964904487,0.14260328742780987,0.0,0.019102621057307864,4
2252.0,7491,9610,8,16,2119,368,321,38,0,5,0.003552397868561279,0.007104795737122558,0.16341030195381884,0.14253996447602132,0.0,0.019094138543516874,4
2253.0,7494,9610,8,16,2116,368,321,38,0,5,0.003550821127385708,0.007101642254771416,0.16333777185974258,0.14247669773635152,0.0,0.01908566355969818,4
2254.0,7497,9610,8,16,2113,369,321,38,0,5,0.00354924578527063,0.00709849157054126,0.16370896184560782,0.14241348713398402,0.0,0.019077196095829637,4
2255.0,7500,9618,8,16,2118,369,321,38,0,5,0.003547671840354767,0.007095343680709534,0.16363636363636364,0.14235033259423505,0.0,0.019068736141906874,4
2256.0,7503,9618,8,16,2115,369,321,38,0,5,0.0035460992907801418,0.0070921985815602835,0.16356382978723405,0.1422872340425532,0.0,0.019060283687943262,4
2257.0,7506,9618,8,16,2112,369,321,38,0,5,0.003544528134692069,0.007089056269384138,0.1634913602126717,0.14222419140451928,0.0,0.01905183872396987,4
2258.0,7509,9618,8,16,2109,369,321,38,0,5,0.00354295837023915,0.0070859167404783,0.16341895482728078,0.1421612046058459,0.0,0.01904340124003543,4
2259.0,7512,9618,8,16,2106,370,321,38,0,5,0.0035413899955732625,0.007082779991146525,0.1637892872952634,0.14209827357237717,0.0,0.019034971226206288,4
2260.0,7515,9626,8,16,2111,370,321,38,0,5,0.0035398230088495575,0.007079646017699115,0.16371681415929204,0.14203539823008848,0.0,0.01902654867256637,4
2261.0,7518,9626,8,16,2108,370,321,38,0,5,0.0035382574082264487,0.007076514816452897,0.16364440513047324,0.14197257850508624,0.0,0.01901813356921716,4
2262.0,7521,9626,8,16,2105,370,321,38,0,5,0.0035366931918656055,0.007073386383731211,0.16357206012378425,0.1419098143236074,0.0,0.01900972590627763,4
2263.0,7524,9626,8,16,2102,370,321,38,0,5,0.003535130357931949,0.007070260715863898,0.16349977905435262,0.14184710561201944,0.0,0.019001325673884226,4
2264.0,7527,9626,8,16,2099,370,321,38,0,5,0.0035335689045936395,0.007067137809187279,0.16342756183745583,0.1417844522968198,0.0,0.018992932862190812,4
2265.0,7530,9626,8,16,2096,370,321,38,0,5,0.003532008830022075,0.00706401766004415,0.16335540838852097,0.14172185430463577,0.0,0.018984547461368653,4
2266.0,7533,9626,8,16,2093,370,321,38,0,5,0.00353045013239188,0.00706090026478376,0.16328331862312445,0.1416593115622242,0.0,0.018976169461606355,4
2267.0,7536,9626,8,16,2090,370,321,38,0,5,0.0035288928098809,0.0070577856197618,0.16321129245699162,0.1415968239964711,0.0,0.018967798853109837,4
2268.0,7539,9626,8,16,2087,370,321,38,0,5,0.003527336860670194,0.007054673721340388,0.16313932980599646,0.14153439153439154,0.0,0.01895943562610229,4
2269.0,7542,9626,8,16,2084,370,321,38,0,5,0.0035257822829440283,0.007051564565888057,0.1630674305861613,0.14147201410312912,0.0,0.01895107977082415,4
2270.0,7545,9626,8,16,2081,370,322,38,0,5,0.003524229074889868,0.007048458149779736,0.16299559471365638,0.14185022026431718,0.0,0.01894273127753304,4
2271.0,7548,9629,8,16,2081,370,322,38,0,5,0.0035226772346983706,0.007045354469396741,0.16292382210479964,0.14178775869660942,0.0,0.01893439013650374,4
2272.0,7551,9629,8,16,2078,370,322,38,0,5,0.0035211267605633804,0.007042253521126761,0.16285211267605634,0.14172535211267606,0.0,0.018926056338028168,4
2273.0,7554,9629,8,16,2075,371,322,38,0,5,0.0035195776506819184,0.007039155301363837,0.16322041355037395,0.1416630004399472,0.0,0.01891772987241531,4
2274.0,7557,9637,8,16,2080,371,322,38,0,5,0.003518029903254178,0.007036059806508356,0.16314863676341249,0.14160070360598065,0.0,0.018909410729991204,4
2275.0,7560,9637,8,16,2077,371,322,38,0,5,0.0035164835164835165,0.007032967032967033,0.16307692307692306,0.14153846153846153,0.0,0.018901098901098902,4
2276.0,7563,9637,8,16,2074,371,322,38,0,5,0.0035149384885764497,0.007029876977152899,0.16300527240773285,0.14147627416520211,0.0,0.018892794376098417,4
2277.0,7566,9637,8,16,2071,371,322,38,0,5,0.003513394817742644,0.007026789635485288,0.1629336846728151,0.1414141414141414,0.0,0.018884497145366712,4
2278.0,7569,9637,8,16,2068,371,322,38,0,5,0.003511852502194908,0.007023705004389816,0.16286215978928886,0.14135206321334504,0.0,0.01887620719929763,4
2279.0,7572,9637,8,16,2065,371,322,38,0,5,0.0035103115401491883,0.007020623080298377,0.16279069767441862,0.14129003949100483,0.0,0.018867924528301886,4
2280.0,7575,9637,8,16,2062,372,322,38,0,5,0.0035087719298245615,0.007017543859649123,0.1631578947368421,0.1412280701754386,0.0,0.018859649122807017,4
2281.0,7578,9645,8,16,2067,372,322,38,0,5,0.0035072336694432268,0.0070144673388864535,0.16308636562911005,0.14116615519508988,0.0,0.018851380973257344,4
2282.0,7581,9645,8,16,2064,372,322,38,0,5,0.0035056967572304996,0.007011393514460999,0.16301489921121823,0.1411042944785276,0.0,0.018843120070113933,4
2283.0,7584,9645,8,16,2061,373,322,38,0,5,0.003504161191414805,0.00700832238282961,0.16338151554971528,0.1410424879544459,0.0,0.018834866403854577,4
2284.0,7587,9653,8,16,2066,373,322,38,0,5,0.0035026269702276708,0.0070052539404553416,0.16330998248686515,0.14098073555166374,0.0,0.01882661996497373,4
2285.0,7590,9653,8,16,2063,373,322,38,0,5,0.00350109409190372,0.00700218818380744,0.16323851203501094,0.1409190371991247,0.0,0.018818380743982493,4
2286.0,7593,9653,8,16,2060,373,322,38,0,5,0.003499562554680665,0.00699912510936133,0.163167104111986,0.14085739282589677,0.0,0.018810148731408575,4
2287.0,7596,9653,8,16,2057,374,322,38,0,5,0.0034980323567993005,0.006996064713598601,0.1635330126803673,0.14079580236117184,0.0,0.01880192391779624,4
2288.0,7599,9661,8,16,2062,374,322,38,0,5,0.0034965034965034965,0.006993006993006993,0.16346153846153846,0.14073426573426573,0.0,0.018793706293706292,4
2289.0,7602,9661,8,16,2059,374,322,38,0,5,0.0034949759720401923,0.0069899519440803845,0.16339012669287897,0.14067278287461774,0.0,0.018785495849716033,4
2290.0,7605,9661,8,16,2056,375,322,38,0,5,0.0034934497816593887,0.0069868995633187774,0.16375545851528384,0.1406113537117904,0.0,0.018777292576419215,4
2291.0,7608,9669,8,16,2061,375,322,38,0,5,0.003491924923614142,0.006983849847228284,0.16368398079441293,0.14054997817546921,0.0,0.018769096464426014,4
2292.0,7611,9669,8,16,2058,375,323,38,0,5,0.0034904013961605585,0.006980802792321117,0.16361256544502617,0.14092495636998253,0.0,0.018760907504363003,4
2293.0,7614,9672,8,16,2058,375,323,38,0,5,0.0034888791975577847,0.006977758395115569,0.16354121238552116,0.14086349760139555,0.0,0.01875272568687309,4
2294.0,7617,9672,8,16,2055,375,323,38,0,5,0.0034873583260680036,0.006974716652136007,0.16346992153443765,0.14080209241499564,0.0,0.018744551002615517,4
2295.0,7620,9672,8,16,2052,375,323,38,0,5,0.003485838779956427,0.006971677559912854,0.16339869281045752,0.14074074074074075,0.0,0.018736383442265796,4
2296.0,7623,9672,8,16,2049,375,323,38,0,5,0.003484320557491289,0.006968641114982578,0.16332752613240417,0.1406794425087108,0.0,0.018728222996515678,4
2297.0,7626,9672,8,16,2046,375,323,38,0,5,0.0034828036569438396,0.006965607313887679,0.1632564214192425,0.14061819764910752,0.0,0.01872006965607314,4
2298.0,7629,9672,8,16,2043,375,323,38,0,5,0.0034812880765883376,0.006962576153176675,0.16318537859007834,0.14055700609225413,0.0,0.018711923411662314,4
2299.0,7632,9672,8,16,2040,375,323,38,0,5,0.0034797738147020443,0.006959547629404089,0.16311439756415833,0.14049586776859505,0.0,0.018703784254023487,4
2300.0,7635,9672,8,16,2037,376,323,38,0,5,0.0034782608695652175,0.006956521739130435,0.1634782608695652,0.14043478260869566,0.0,0.018695652173913044,4
2301.0,7638,9680,8,16,2042,376,323,38,0,5,0.003476749239461104,0.006953498478922208,0.1634072142546719,0.14037375054324208,0.0,0.018687527162103434,4
2302.0,7641,9680,8,16,2039,376,324,38,0,5,0.0034752389226759338,0.0069504778453518675,0.1633362293657689,0.14074717636837533,0.0,0.018679409209383144,4
2303.0,7644,9683,8,16,2039,376,324,38,0,5,0.0034737299174989146,0.006947459834997829,0.16326530612244897,0.14068606165870604,0.0,0.018671298306556665,4
2304.0,7647,9683,8,16,2036,376,324,38,0,5,0.003472222222222222,0.006944444444444444,0.16319444444444445,0.140625,0.0,0.018663194444444444,4
2305.0,7650,9683,8,16,2033,376,324,38,0,5,0.0034707158351409977,0.006941431670281995,0.1631236442516269,0.1405639913232104,0.0,0.018655097613882864,4
2306.0,7653,9683,8,16,2030,376,324,38,0,5,0.003469210754553339,0.006938421509106678,0.16305290546400694,0.14050303555941024,0.0,0.0186470078057242,4
2307.0,7656,9683,8,16,2027,376,325,38,0,5,0.0034677069787602947,0.006935413957520589,0.16298222800173384,0.14087559601213698,0.0,0.018638925010836586,4
2308.0,7659,9686,8,16,2027,376,325,38,0,5,0.0034662045060658577,0.006932409012131715,0.16291161178509533,0.14081455805892548,0.0,0.018630849220103985,4
2309.0,7662,9686,8,16,2024,376,326,38,0,5,0.0034647033347769596,0.006929406669553919,0.1628410567345171,0.14118666089216111,0.0,0.01862278042442616,4
2310.0,7665,9689,8,16,2024,376,326,38,0,5,0.003463203463203463,0.006926406926406926,0.16277056277056276,0.14112554112554113,0.0,0.018614718614718615,4
2311.0,7668,9689,8,16,2021,377,326,38,0,5,0.0034617048896581565,0.006923409779316313,0.16313284292514063,0.14106447425356988,0.0,0.018606663781912593,4
2312.0,7671,9697,8,16,2026,377,326,38,0,5,0.0034602076124567475,0.006920415224913495,0.16306228373702422,0.14100346020761245,0.0,0.018598615916955018,4
2313.0,7674,9697,8,16,2023,378,326,38,0,5,0.0034587116299178555,0.006917423259835711,0.16342412451361868,0.14094249891915261,0.0,0.018590575010808474,4
2314.0,7677,9705,8,16,2028,378,326,38,0,5,0.003457216940363008,0.006914433880726016,0.1633535004321521,0.14088159031979255,0.0,0.018582541054451167,4
2315.0,7680,9705,8,16,2025,378,326,38,0,5,0.0034557235421166306,0.006911447084233261,0.1632829373650108,0.1408207343412527,0.0,0.018574514038876888,4
2316.0,7683,9705,8,16,2022,378,326,38,0,5,0.0034542314335060447,0.0069084628670120895,0.16321243523316062,0.14075993091537134,0.0,0.018566493955094993,4
2317.0,7686,9705,8,16,2019,379,326,38,0,5,0.0034527406128614588,0.0069054812257229176,0.16357358653431162,0.14069917997410444,0.0,0.01855848079413034,4
2318.0,7689,9713,8,16,2024,380,326,38,0,5,0.003451251078515962,0.006902502157031924,0.16393442622950818,0.14063848144952545,0.0,0.018550474547023296,4
2319.0,7692,9721,8,16,2029,380,326,38,0,5,0.0034497628288055198,0.0068995256576110395,0.16386373436826218,0.14057783527382492,0.0,0.018542475204829666,4
2320.0,7695,9721,8,16,2026,381,326,38,0,5,0.0034482758620689655,0.006896551724137931,0.1642241379310345,0.14051724137931035,0.0,0.01853448275862069,4
2321.0,7698,9729,8,16,2031,381,326,38,0,5,0.0034467901766479965,0.006893580353295993,0.16415338216286082,0.14045669969840585,0.0,0.01852649719948298,4
2322.0,7701,9729,8,16,2028,381,326,39,0,5,0.0034453057708871662,0.0068906115417743325,0.1640826873385013,0.14039621016365203,0.0,0.018949181739879414,4
2323.0,7704,9731,8,16,2027,381,326,39,0,5,0.0034438226431338786,0.006887645286267757,0.16401205337925095,0.14033577270770556,0.0,0.018941024537236333,4
2324.0,7707,9731,8,16,2024,382,326,39,0,5,0.0034423407917383822,0.0068846815834767644,0.16437177280550774,0.14027538726333907,0.0,0.0189328743545611,4
2325.0,7710,9739,8,16,2029,382,326,39,0,5,0.0034408602150537634,0.006881720430107527,0.1643010752688172,0.14021505376344087,0.0,0.0189247311827957,4
2326.0,7713,9739,8,16,2026,382,326,39,0,5,0.0034393809114359416,0.006878761822871883,0.1642304385210662,0.14015477214101463,0.0,0.018916595012897677,4
2327.0,7716,9739,8,16,2023,382,327,39,0,5,0.0034379028792436614,0.006875805758487323,0.16415986248388484,0.14052428018908467,0.0,0.018908465835840136,4
2328.0,7719,9742,8,16,2023,382,328,39,0,5,0.003436426116838488,0.006872852233676976,0.1640893470790378,0.140893470790378,0.0,0.018900343642611683,4
2329.0,7722,9745,8,16,2023,382,328,39,0,5,0.0034349506225848005,0.006869901245169601,0.16401889222842422,0.14083297552597682,0.0,0.018892228424216402,4
2330.0,7725,9745,8,16,2020,382,328,39,0,5,0.0034334763948497852,0.0068669527896995704,0.16394849785407725,0.1407725321888412,0.0,0.01888412017167382,4
2331.0,7728,9745,8,16,2017,382,328,39,0,5,0.003432003432003432,0.006864006864006864,0.16387816387816387,0.14071214071214072,0.0,0.018876018876018877,4
2332.0,7731,9745,8,16,2014,382,328,39,0,5,0.003430531732418525,0.00686106346483705,0.16380789022298456,0.14065180102915953,0.0,0.018867924528301886,4
2333.0,7734,9745,8,16,2011,382,329,39,0,5,0.0034290612944706386,0.006858122588941277,0.163737676810973,0.14102014573510502,0.0,0.018859837119588514,4
2334.0,7737,9748,8,16,2011,382,329,39,0,5,0.003427592116538132,0.006855184233076264,0.1636675235646958,0.14095972579263066,0.0,0.018851756640959727,4
2335.0,7740,9748,8,16,2008,382,329,39,0,5,0.003426124197002141,0.006852248394004282,0.16359743040685226,0.14089935760171307,0.0,0.018843683083511777,4
2336.0,7743,9748,8,16,2005,382,329,39,0,5,0.003424657534246575,0.00684931506849315,0.16352739726027396,0.1408390410958904,0.0,0.018835616438356163,4
2337.0,7746,9748,8,16,2002,382,329,39,0,5,0.0034231921266581087,0.0068463842533162175,0.16345742404792468,0.1407787762088147,0.0,0.018827556696619598,4
2338.0,7749,9748,8,16,1999,382,329,39,0,5,0.003421727972626176,0.006843455945252352,0.16338751069289992,0.1407185628742515,0.0,0.018819503849443968,4
2339.0,7752,9748,8,16,1996,382,329,39,0,5,0.003420265070542967,0.006840530141085934,0.1633176571184267,0.14065840102607952,0.0,0.01881145788798632,4
2340.0,7755,9748,8,16,1993,383,329,39,0,5,0.003418803418803419,0.006837606837606838,0.16367521367521368,0.1405982905982906,0.0,0.018803418803418803,4
2341.0,7758,9756,8,16,1998,384,329,39,0,5,0.0034173430158052115,0.006834686031610423,0.16403246475865016,0.14053823152498932,0.0,0.018795386586928663,4
2342.0,7761,9764,8,16,2003,384,329,39,0,5,0.0034158838599487617,0.006831767719897523,0.16396242527754057,0.14047822374039282,0.0,0.018787361229718188,4
2343.0,7764,9764,8,16,2000,384,329,39,0,5,0.0034144259496372174,0.006828851899274435,0.16389244558258642,0.14041826717883055,0.0,0.018779342723004695,4
2344.0,7767,9764,8,16,1997,385,329,39,0,5,0.0034129692832764505,0.006825938566552901,0.16424914675767918,0.14035836177474403,0.0,0.01877133105802048,4
2345.0,7770,9772,8,16,2002,385,329,39,0,5,0.003411513859275053,0.006823027718550106,0.16417910447761194,0.14029850746268657,0.0,0.018763326226012792,4
2346.0,7773,9772,8,16,1999,386,329,39,0,5,0.0034100596760443308,0.0068201193520886615,0.16453537936913895,0.1402387041773231,0.0,0.01875532821824382,4
2347.0,7776,9780,8,16,2004,386,329,39,0,5,0.0034086067319982955,0.006817213463996591,0.16446527481891776,0.1401789518534299,0.0,0.018747337025990626,4
2348.0,7779,9780,8,16,2001,386,329,39,0,5,0.0034071550255536627,0.0068143100511073255,0.1643952299829642,0.14011925042589438,0.0,0.018739352640545145,4
2349.0,7782,9780,8,16,1998,386,330,39,0,5,0.0034057045551298426,0.006811409110259685,0.1643252447850149,0.140485312899106,0.0,0.018731375053214133,4
2350.0,7785,9783,8,16,1998,387,330,39,0,5,0.003404255319148936,0.006808510638297872,0.1646808510638298,0.14042553191489363,0.0,0.01872340425531915,4
2351.0,7788,9791,8,16,2003,387,330,39,0,5,0.0034028073160357296,0.006805614632071459,0.1646108039132284,0.14036580178647384,0.0,0.01871544023819651,4
2352.0,7791,9791,8,16,2000,387,330,39,0,5,0.003401360544217687,0.006802721088435374,0.16454081632653061,0.14030612244897958,0.0,0.01870748299319728,4
2353.0,7794,9791,8,16,1997,387,330,39,0,5,0.003399915002124947,0.006799830004249894,0.1644708882277943,0.14024649383765406,0.0,0.018699532511687208,4
2354.0,7797,9791,8,16,1994,388,330,39,0,5,0.0033984706881903144,0.006796941376380629,0.16482582837723025,0.14018691588785046,0.0,0.018691588785046728,4
2355.0,7800,9799,8,16,1999,388,330,39,0,5,0.003397027600849257,0.006794055201698514,0.16475583864118895,0.14012738853503184,0.0,0.018683651804670912,4
2356.0,7803,9799,8,16,1996,388,330,39,0,5,0.003395585738539898,0.006791171477079796,0.16468590831918506,0.1400679117147708,0.0,0.01867572156196944,4
2357.0,7806,9799,8,16,1993,389,330,39,0,5,0.0033941450997030122,0.0067882901994060245,0.16504030547305898,0.14000848536274926,0.0,0.018667798048366567,4
2358.0,7809,9807,8,16,1998,389,330,39,0,5,0.0033927056827820186,0.006785411365564037,0.16497031382527566,0.13994910941475827,0.0,0.018659881255301103,4
2359.0,7812,9807,8,16,1995,389,330,39,0,5,0.003391267486222976,0.006782534972445952,0.1649003815175922,0.13988978380669775,0.0,0.018651971174226366,4
2360.0,7815,9807,8,16,1992,389,330,39,0,5,0.003389830508474576,0.006779661016949152,0.16483050847457628,0.13983050847457626,0.0,0.01864406779661017,4
2361.0,7818,9807,8,16,1989,389,331,39,0,5,0.0033883947479881405,0.006776789495976281,0.16476069462092333,0.1401948326980093,0.0,0.018636171113934775,4
2362.0,7821,9810,8,16,1989,389,331,39,0,5,0.003386960203217612,0.006773920406435224,0.1646909398814564,0.1401354784081287,0.0,0.018628281117696866,4
2363.0,7824,9810,8,16,1986,389,331,39,0,5,0.0033855268726195515,0.006771053745239103,0.1646212441811257,0.14007617435463393,0.0,0.018620397799407534,4
2364.0,7827,9810,8,16,1983,389,331,39,0,5,0.00338409475465313,0.00676818950930626,0.16455160744500846,0.14001692047377326,0.0,0.018612521150592216,4
2365.0,7830,9810,8,16,1980,389,331,39,0,5,0.0033826638477801266,0.006765327695560253,0.16448202959830865,0.13995771670190274,0.0,0.018604651162790697,4
2366.0,7833,9810,8,16,1977,389,331,39,0,5,0.0033812341504649195,0.006762468300929839,0.16441251056635672,0.13989856297548606,0.0,0.018596787827557058,4
2367.0,7836,9810,8,16,1974,390,331,39,0,5,0.0033798056611744824,0.006759611322348965,0.16476552598225602,0.1398394592310942,0.0,0.018588931136459652,4
2368.0,7839,9818,8,16,1979,390,331,39,0,5,0.0033783783783783786,0.006756756756756757,0.16469594594594594,0.1397804054054054,0.0,0.018581081081081082,4
2369.0,7842,9818,8,16,1976,390,331,39,0,5,0.0033769523005487546,0.006753904601097509,0.16462642465175178,0.13972140143520473,0.0,0.018573237653018153,4
2370.0,7845,9818,8,16,1973,390,331,39,0,5,0.0033755274261603376,0.006751054852320675,0.16455696202531644,0.13966244725738397,0.0,0.018565400843881856,4
2371.0,7848,9818,8,16,1970,390,331,39,0,5,0.003374103753690426,0.006748207507380852,0.16448755799240827,0.13960354280894138,0.0,0.018557570645297342,4
2372.0,7851,9818,8,16,1967,390,331,39,0,5,0.003372681281618887,0.006745362563237774,0.16441821247892074,0.13954468802698144,0.0,0.01854974704890388,4
2373.0,7854,9818,8,16,1964,390,331,39,0,5,0.00337126000842815,0.0067425200168563,0.16434892541087232,0.13948588284871472,0.0,0.018541930046354824,4
2374.0,7857,9818,8,16,1961,390,331,39,0,5,0.003369839932603201,0.006739679865206402,0.16427969671440606,0.13942712721145745,0.0,0.018534119629317607,4
2375.0,7860,9818,8,16,1958,390,332,39,0,5,0.003368421052631579,0.006736842105263158,0.16421052631578947,0.13978947368421052,0.0,0.018526315789473686,4
2376.0,7863,9821,8,16,1958,390,332,39,0,5,0.003367003367003367,0.006734006734006734,0.16414141414141414,0.13973063973063973,0.0,0.018518518518518517,4
2377.0,7866,9821,8,16,1955,390,332,39,0,5,0.0033655868742111907,0.006731173748422381,0.16407236011779555,0.13967185527976442,0.0,0.01851072780816155,4
2378.0,7869,9821,8,16,1952,390,332,39,0,5,0.00336417157275021,0.00672834314550042,0.16400336417157274,0.13961312026913372,0.0,0.018502943650126155,4
2379.0,7872,9821,8,16,1949,390,332,39,0,5,0.003362757461118117,0.006725514922236234,0.16393442622950818,0.13955443463640185,0.0,0.018495166036149643,4
2380.0,7875,9821,8,16,1946,390,332,39,0,5,0.0033613445378151263,0.0067226890756302525,0.1638655462184874,0.13949579831932774,0.0,0.018487394957983194,4
2381.0,7878,9821,8,16,1943,390,333,39,0,5,0.0033599328013439733,0.006719865602687947,0.16379672406551868,0.13985720285594289,0.0,0.018479630407391853,4
2382.0,7881,9824,8,16,1943,390,333,39,0,5,0.0033585222502099076,0.006717044500419815,0.163727959697733,0.1397984886649874,0.0,0.018471872376154493,4
2383.0,7884,9824,8,16,1940,390,333,39,0,5,0.003357112882920688,0.006714225765841376,0.16365925304238355,0.13973982375157365,0.0,0.018464120856063786,4
2384.0,7887,9824,8,16,1937,390,334,39,0,5,0.003355704697986577,0.006711409395973154,0.16359060402684564,0.1401006711409396,0.0,0.018456375838926176,4
2385.0,7890,9827,8,16,1937,390,334,39,0,5,0.0033542976939203353,0.0067085953878406705,0.16352201257861634,0.140041928721174,0.0,0.018448637316561847,4
2386.0,7893,9827,8,16,1934,390,334,39,0,5,0.003352891869237217,0.006705783738474434,0.16345347862531434,0.1399832355406538,0.0,0.018440905280804692,4
2387.0,7896,9827,8,16,1931,390,335,39,0,5,0.0033514872224549644,0.006702974444909929,0.16338500209467952,0.14034352744030162,0.0,0.018433179723502304,4
2388.0,7899,9830,8,16,1931,390,335,39,0,5,0.0033500837520938024,0.006700167504187605,0.16331658291457288,0.14028475711892796,0.0,0.018425460636515914,4
2389.0,7902,9830,8,16,1928,390,335,39,0,5,0.0033486814566764337,0.006697362913352867,0.16324822101297615,0.14022603599832567,0.0,0.018417748011720386,4
2390.0,7905,9830,8,16,1925,390,335,39,0,5,0.0033472803347280333,0.0066945606694560665,0.16317991631799164,0.1401673640167364,0.0,0.018410041841004185,4
2391.0,7908,9830,8,16,1922,390,335,39,0,5,0.003345880384776244,0.006691760769552488,0.16311166875784192,0.14010874111250524,0.0,0.018402342116269343,4
2392.0,7911,9830,8,16,1919,390,336,39,0,5,0.0033444816053511705,0.006688963210702341,0.16304347826086957,0.14046822742474915,0.0,0.01839464882943144,4
2393.0,7914,9833,8,16,1919,390,336,39,0,5,0.003343083994985374,0.006686167989970748,0.162975344755537,0.1404095277893857,0.0,0.01838696197241956,4
2394.0,7917,9833,8,16,1916,390,337,39,0,5,0.003341687552213868,0.006683375104427736,0.16290726817042606,0.14076858813700918,0.0,0.018379281537176273,4
2395.0,7920,9836,8,16,1916,391,337,39,0,5,0.003340292275574113,0.006680584551148226,0.16325678496868476,0.1407098121085595,0.0,0.01837160751565762,4
2396.0,7923,9844,8,16,1921,391,337,39,0,5,0.00333889816360601,0.00667779632721202,0.16318864774624373,0.14065108514190316,0.0,0.018363939899833055,4
2397.0,7926,9844,8,16,1918,391,337,39,0,5,0.003337505214851898,0.006675010429703796,0.16312056737588654,0.1405924071756362,0.0,0.01835627868168544,4
2398.0,7929,9844,8,16,1915,391,337,39,0,5,0.003336113427856547,0.006672226855713094,0.16305254378648873,0.14053377814845705,0.0,0.01834862385321101,4
2399.0,7932,9844,8,16,1912,391,337,39,0,5,0.003334722801167153,0.006669445602334306,0.1629845769070446,0.14047519799916633,0.0,0.01834097540641934,4
2400.0,7935,9844,8,16,1909,391,338,39,0,5,0.0033333333333333335,0.006666666666666667,0.16291666666666665,0.14083333333333334,0.0,0.018333333333333333,4
2401.0,7938,9847,8,16,1909,391,338,39,0,5,0.003331945022907122,0.006663890045814244,0.1628488129945856,0.1407746772178259,0.0,0.018325697625989172,4
2402.0,7941,9847,8,16,1906,391,338,39,0,5,0.0033305578684429643,0.006661115736885929,0.16278101582014987,0.14071606994171523,0.0,0.018318068276436304,4
2403.0,7944,9847,8,16,1903,391,338,40,0,5,0.0033291718684977114,0.006658343736995423,0.16271327507282562,0.1406575114440283,0.0,0.018726591760299626,4
2404.0,7947,9849,8,16,1902,391,338,40,0,5,0.0033277870216306157,0.0066555740432612314,0.16264559068219633,0.1405990016638935,0.0,0.018718801996672214,4
2405.0,7950,9849,8,16,1899,391,338,40,0,5,0.0033264033264033266,0.006652806652806653,0.1625779625779626,0.14054054054054055,0.0,0.018711018711018712,4
2406.0,7953,9849,8,16,1896,391,338,40,0,5,0.0033250207813798837,0.006650041562759767,0.1625103906899418,0.1404821280133001,0.0,0.018703241895261846,4
2407.0,7956,9849,8,16,1893,392,338,40,0,5,0.0033236393851267137,0.006647278770253427,0.16285832987120896,0.14042376402160367,0.0,0.018695471541337765,4
2408.0,7959,9857,8,16,1898,392,338,40,0,5,0.0033222591362126247,0.006644518272425249,0.16279069767441862,0.1403654485049834,0.0,0.018687707641196014,4
2409.0,7962,9857,8,16,1895,392,338,40,0,5,0.0033208800332088003,0.006641760066417601,0.1627231216272312,0.1403071814030718,0.0,0.0186799501867995,4
2410.0,7965,9857,8,16,1892,392,338,40,0,5,0.0033195020746887966,0.006639004149377593,0.16265560165975104,0.14024896265560166,0.0,0.01867219917012448,4
2411.0,7968,9857,8,16,1889,392,338,40,0,5,0.0033181252592285357,0.006636250518457071,0.16258813770219827,0.14019079220240563,0.0,0.018664454583160513,4
2412.0,7971,9857,8,16,1886,392,338,40,0,5,0.003316749585406302,0.006633499170812604,0.1625207296849088,0.14013266998341625,0.0,0.018656716417910446,4
2413.0,7974,9857,8,16,1883,392,338,40,0,5,0.003315375051802735,0.00663075010360547,0.16245337753833403,0.14007459593866556,0.0,0.018648984666390384,4
2414.0,7977,9857,8,16,1880,392,339,40,0,5,0.0033140016570008283,0.006628003314001657,0.1623860811930406,0.14043082021541012,0.0,0.018641259320629662,4
2415.0,7980,9860,8,16,1880,392,339,40,0,5,0.0033126293995859213,0.006625258799171843,0.16231884057971013,0.14037267080745341,0.0,0.018633540372670808,4
2416.0,7983,9860,8,16,1877,392,340,40,0,5,0.0033112582781456954,0.006622516556291391,0.16225165562913907,0.14072847682119205,0.0,0.018625827814569538,4
2417.0,7986,9863,8,16,1877,392,340,40,0,5,0.0033098882912701694,0.006619776582540339,0.1621845262722383,0.1406702523789822,0.0,0.018618121638394703,4
2418.0,7989,9863,9,16,1874,392,340,40,0,5,0.0037220843672456576,0.006617038875103391,0.1621174524400331,0.14061207609594706,0.0,0.018610421836228287,4
2419.0,8008,9978,9,16,1970,392,341,40,0,5,0.0037205456800330715,0.006614303431169905,0.16205043406366268,0.1409673418768086,0.0,0.018602728400165358,4
2420.0,8011,9981,9,16,1970,392,341,40,0,5,0.00371900826446281,0.006611570247933884,0.16198347107438016,0.1409090909090909,0.0,0.01859504132231405,4
2421.0,8014,9981,9,16,1967,392,341,40,0,5,0.0037174721189591076,0.00660883932259397,0.16191656340355226,0.14085088806278398,0.0,0.01858736059479554,4
2422.0,8017,9981,9,16,1964,392,341,40,0,5,0.0037159372419488025,0.006606110652353427,0.16184971098265896,0.1407927332782824,0.0,0.018579686209744012,4
2423.0,8020,9981,9,16,1961,392,341,40,0,5,0.003714403631861329,0.006603384234420141,0.16178291374329343,0.14073462649607923,0.0,0.018572018159306643,4
2424.0,8023,9981,9,16,1958,393,341,40,0,5,0.0037128712871287127,0.006600660066006601,0.16212871287128713,0.14067656765676567,0.0,0.018564356435643563,4
2425.0,8026,9989,9,16,1963,393,341,40,0,5,0.003711340206185567,0.006597938144329897,0.1620618556701031,0.14061855670103093,0.0,0.018556701030927835,4
2426.0,8029,9989,9,16,1960,393,341,40,0,5,0.003709810387469085,0.006595218466611707,0.16199505358615005,0.140560593569662,0.0,0.018549051937345424,4
2427.0,8032,9989,9,16,1957,393,341,40,0,5,0.003708281829419036,0.006592501030078286,0.1619283065512979,0.14050267820354348,0.0,0.018541409147095178,4
2428.0,8035,9989,9,16,1954,394,341,40,0,5,0.0037067545304777594,0.006589785831960461,0.16227347611202636,0.14044481054365734,0.0,0.018533772652388796,4
2429.0,8038,9997,9,16,1959,394,342,40,0,5,0.0037052284890901604,0.006587072869493619,0.16220666941128037,0.1407986825854261,0.0,0.018526142445450804,4
2430.0,8041,10000,9,16,1959,394,343,40,0,5,0.003703703703703704,0.006584362139917695,0.16213991769547326,0.1411522633744856,0.0,0.018518518518518517,4
2431.0,8044,10003,9,16,1959,394,343,40,0,5,0.003702180172768408,0.00658165364047717,0.1620732208967503,0.14109419991772934,0.0,0.01851090086384204,4
2432.0,8047,10003,9,16,1956,394,344,40,0,5,0.003700657894736842,0.006578947368421052,0.16200657894736842,0.14144736842105263,0.0,0.01850328947368421,4
2433.0,8050,10006,9,16,1956,394,344,40,0,5,0.0036991368680641184,0.006576243321002877,0.16193999177969584,0.14138923140156187,0.0,0.018495684340320593,4
2434.0,8053,10006,9,16,1953,394,344,40,0,5,0.0036976170912078883,0.00657354149548069,0.161873459326212,0.14133114215283485,0.0,0.01848808545603944,4
2435.0,8056,10006,9,16,1950,394,344,41,0,5,0.003696098562628337,0.006570841889117043,0.16180698151950718,0.14127310061601642,0.0,0.0188911704312115,4
2436.0,8059,10008,9,16,1949,395,344,41,0,5,0.003694581280788177,0.006568144499178982,0.1621510673234811,0.1412151067323481,0.0,0.018883415435139574,4
2437.0,8062,10016,9,16,1954,395,345,41,0,5,0.0036930652441526466,0.006565449322938038,0.16208453016003282,0.14156750102585144,0.0,0.01887566680344686,4
2438.0,8065,10019,9,16,1954,395,345,41,0,5,0.0036915504511894994,0.006562756357670222,0.1620180475799836,0.14150943396226415,0.0,0.018867924528301886,4
2439.0,8068,10019,9,16,1951,395,345,41,0,5,0.0036900369003690036,0.006560065600656006,0.16195161951619516,0.14145141451414514,0.0,0.01886018860188602,4
2440.0,8071,10019,9,16,1948,395,345,41,0,5,0.0036885245901639345,0.006557377049180328,0.16188524590163936,0.1413934426229508,0.0,0.018852459016393444,4
2441.0,8074,10019,9,16,1945,395,345,41,0,5,0.0036870135190495697,0.006554690700532569,0.1618189266693978,0.14133551823023352,0.0,0.018844735764031135,4
2442.0,8077,10019,9,16,1942,395,346,41,0,5,0.0036855036855036856,0.006552006552006552,0.16175266175266176,0.1416871416871417,0.0,0.018837018837018837,4
2443.0,8080,10022,9,16,1942,395,346,41,0,5,0.0036839950880065493,0.006549324600900532,0.1616864510847319,0.141629144494474,0.0,0.01882930822758903,4
2444.0,8083,10022,9,16,1939,395,346,41,0,5,0.0036824877250409165,0.006546644844517185,0.161620294599018,0.14157119476268412,0.0,0.018821603927986905,4
2445.0,8086,10022,9,16,1936,395,346,41,0,5,0.0036809815950920245,0.006543967280163599,0.16155419222903886,0.14151329243353783,0.0,0.01881390593047035,4
2446.0,8089,10022,9,16,1933,395,347,41,0,5,0.003679476696647588,0.006541291905151268,0.16148814390842192,0.1418642681929681,0.0,0.018806214227309895,4
2447.0,8092,10025,9,16,1933,396,347,41,0,5,0.0036779730281977932,0.006538618716796077,0.1618308132407029,0.14180629342051493,0.0,0.01879852881078872,4
2448.0,8095,10033,9,16,1938,396,347,41,0,5,0.003676470588235294,0.006535947712418301,0.16176470588235295,0.1417483660130719,0.0,0.018790849673202614,4
2449.0,8098,10033,9,16,1935,396,348,41,0,5,0.0036749693752552064,0.006533278889342589,0.16169865251122909,0.1420988158432013,0.0,0.018783176806859942,4
2450.0,8101,10036,9,16,1935,396,348,41,0,5,0.003673469387755102,0.006530612244897959,0.16163265306122448,0.14204081632653062,0.0,0.018775510204081632,4
2451.0,8104,10036,9,16,1932,396,348,41,0,5,0.0036719706242350062,0.006527947776417789,0.16156670746634028,0.1419828641370869,0.0,0.018767849857201143,4
2452.0,8107,10036,9,16,1929,396,349,41,0,5,0.00367047308319739,0.0065252854812398045,0.16150081566068517,0.14233278955954323,0.0,0.018760195758564437,4
2453.0,8110,10039,9,16,1929,396,349,41,0,5,0.0036689767631471666,0.006522625356706074,0.16143497757847533,0.14227476559315125,0.0,0.018752547900529964,4
2454.0,8113,10039,9,16,1926,396,349,41,0,5,0.003667481662591687,0.006519967400162999,0.16136919315403422,0.1422167889160554,0.0,0.018744906275468622,4
2455.0,8116,10039,9,16,1923,396,349,41,0,5,0.0036659877800407333,0.006517311608961304,0.16130346232179227,0.14215885947046844,0.0,0.018737270875763747,4
2456.0,8119,10039,9,16,1920,396,349,41,0,5,0.0036644951140065146,0.006514657980456026,0.16123778501628663,0.14210097719869708,0.0,0.018729641693811076,4
2457.0,8122,10039,9,16,1917,396,349,41,0,5,0.003663003663003663,0.006512006512006512,0.16117216117216118,0.14204314204314206,0.0,0.018722018722018723,4
2458.0,8125,10039,9,16,1914,396,350,41,0,5,0.003661513425549227,0.006509357200976403,0.161106590724166,0.14239218877135884,0.0,0.01871440195280716,4
2459.0,8128,10042,9,16,1914,396,350,41,0,5,0.0036600244001626678,0.0065067100447336315,0.1610410736071574,0.1423342822285482,0.0,0.01870679137860919,4
2460.0,8131,10042,9,16,1911,396,350,41,0,5,0.003658536585365854,0.0065040650406504065,0.16097560975609757,0.14227642276422764,0.0,0.01869918699186992,4
2461.0,8134,10042,9,16,1908,396,350,41,0,5,0.0036570499796830555,0.00650142218610321,0.16091019910605445,0.14221861032100772,0.0,0.018691588785046728,4
2462.0,8137,10042,9,16,1905,396,350,41,0,5,0.0036555645816409425,0.006498781478472786,0.16084484159220147,0.1421608448415922,0.0,0.01868399675060926,4
2463.0,8140,10042,9,16,1902,396,350,41,0,5,0.0036540803897685747,0.006496142915144133,0.1607795371498173,0.1421031262687779,0.0,0.01867641088103938,4
2464.0,8143,10042,9,16,1899,397,350,41,0,5,0.0036525974025974025,0.006493506493506494,0.16112012987012986,0.14204545454545456,0.0,0.018668831168831168,4
2465.0,8146,10050,9,16,1904,397,350,41,0,5,0.0036511156186612576,0.006490872210953347,0.16105476673427993,0.14198782961460446,0.0,0.018661257606490872,4
2466.0,8149,10050,9,16,1901,397,350,41,0,5,0.0036496350364963502,0.006488240064882401,0.16098945660989455,0.14193025141930252,0.0,0.0186536901865369,4
2467.0,8152,10050,9,16,1898,397,350,41,0,5,0.0036481556546412645,0.0064856100526955816,0.16092419943250913,0.14187271990271585,0.0,0.018646128901499796,4
2468.0,8155,10050,9,16,1895,398,350,41,0,5,0.003646677471636953,0.006482982171799027,0.1612641815235008,0.14181523500810372,0.0,0.018638573743922204,4
2469.0,8158,10058,9,16,1900,399,350,41,0,5,0.0036452004860267314,0.0064803564196030785,0.16160388821385177,0.14175779667881733,0.0,0.01863102470635885,4
2470.0,8161,10066,9,16,1905,399,350,41,0,5,0.0036437246963562753,0.006477732793522267,0.16153846153846155,0.1417004048582996,0.0,0.01862348178137652,4
2471.0,8164,10066,9,16,1902,399,351,41,0,5,0.003642250101173614,0.006475111290975314,0.16147308781869688,0.14204775394577093,0.0,0.018615944961554026,4
2472.0,8167,10069,9,16,1902,399,351,41,0,5,0.0036407766990291263,0.006472491909385114,0.16140776699029127,0.14199029126213591,0.0,0.0186084142394822,4
2473.0,8170,10069,9,16,1899,400,351,41,0,5,0.003639304488475536,0.00646987464617873,0.16174686615446826,0.1419328750505459,0.0,0.01860088960776385,4
2474.0,8173,10077,9,16,1904,400,351,41,0,5,0.003637833468067906,0.0064672594987873885,0.16168148746968472,0.14187550525464834,0.0,0.018593371059013743,4
2475.0,8176,10077,9,16,1901,400,351,41,0,5,0.0036363636363636364,0.006464646464646465,0.16161616161616163,0.14181818181818182,0.0,0.018585858585858588,4
2476.0,8179,10077,9,16,1898,400,351,41,0,5,0.0036348949919224557,0.006462035541195477,0.16155088852988692,0.14176090468497576,0.0,0.018578352180936994,4
2477.0,8182,10077,9,16,1895,400,351,41,0,5,0.0036334275333064193,0.006459426725878078,0.16148566814695195,0.14170367379895035,0.0,0.018570851836899476,4
2478.0,8185,10077,9,16,1892,400,351,41,0,5,0.0036319612590799033,0.00645682001614205,0.16142050040355124,0.14164648910411623,0.0,0.018563357546408393,4
2479.0,8188,10077,9,16,1889,400,351,41,0,5,0.003630496167809601,0.00645421540943929,0.16135538523598225,0.14158935054457442,0.0,0.01855586930213796,4
2480.0,8191,10077,9,16,1886,400,352,41,0,5,0.0036290322580645163,0.0064516129032258064,0.16129032258064516,0.14193548387096774,0.0,0.018548387096774192,4
2481.0,8194,10080,9,16,1886,400,352,41,0,5,0.0036275695284159614,0.006449012494961709,0.16122531237404272,0.1418782748891576,0.0,0.018540910923014912,4
2482.0,8197,10080,9,16,1883,400,352,41,0,5,0.0036261079774375505,0.0064464141821112,0.16116035455278002,0.14182111200644643,0.0,0.018533440773569703,4
2483.0,8200,10080,9,16,1880,400,352,41,0,5,0.003624647603705195,0.00644381796214257,0.16109544905356424,0.14176399516713653,0.0,0.01852597664115989,4
2484.0,8203,10080,9,16,1877,400,353,41,0,5,0.0036231884057971015,0.00644122383252818,0.1610305958132045,0.14210950080515297,0.0,0.018518518518518517,4
2485.0,8206,10083,9,16,1877,400,354,41,0,5,0.0036217303822937627,0.006438631790744467,0.16096579476861167,0.14245472837022133,0.0,0.01851106639839034,4
2486.0,8209,10086,9,16,1877,400,354,41,0,5,0.0036202735317779565,0.006436041834271922,0.16090104585679807,0.1423974255832663,0.0,0.01850362027353178,4
2487.0,8212,10086,9,16,1874,400,354,41,0,5,0.0036188178528347406,0.006433453960595094,0.16083634901487737,0.14234016887816647,0.0,0.018496180136710897,4
2488.0,8215,10086,9,16,1871,401,354,41,0,5,0.003617363344051447,0.006430868167202572,0.16117363344051447,0.1422829581993569,0.0,0.018488745980707395,4
2489.0,8218,10094,9,16,1876,401,354,41,0,5,0.0036159100040176776,0.0064282844515869825,0.16110887906789875,0.142225793491362,0.0,0.018481317798312576,4
2490.0,8221,10094,9,16,1873,401,355,41,0,5,0.0036144578313253013,0.00642570281124498,0.1610441767068273,0.142570281124498,0.0,0.018473895582329317,4
2491.0,8224,10097,9,16,1873,401,356,41,0,5,0.0036130068245684463,0.006423123243677238,0.16097952629466078,0.14291449217181854,0.0,0.01846647932557206,4
2492.0,8227,10100,9,16,1873,401,357,41,0,5,0.0036115569823434992,0.006420545746388443,0.16091492776886035,0.14325842696629212,0.0,0.018459069020866775,4
2493.0,8230,10103,9,16,1873,401,357,41,0,5,0.0036101083032490976,0.006417970316887284,0.16085038106698757,0.14320096269554752,0.0,0.018451664661050943,4
2494.0,8233,10103,9,16,1870,402,357,41,0,5,0.0036086607858861267,0.006415396952686447,0.161186848436247,0.14314354450681635,0.0,0.018444266238973536,4
2495.0,8236,10111,9,16,1875,402,357,41,0,5,0.0036072144288577155,0.006412825651302605,0.16112224448897797,0.14308617234468937,0.0,0.01843687374749499,4
2496.0,8239,10111,9,16,1872,402,357,41,0,5,0.003605769230769231,0.00641025641025641,0.16105769230769232,0.14302884615384615,0.0,0.01842948717948718,4
2497.0,8242,10111,9,16,1869,402,357,41,0,5,0.003604325190228274,0.006407689227072487,0.16099319183019623,0.14297156587905488,0.0,0.0184221065278334,4
2498.0,8245,10111,9,16,1866,402,357,41,0,5,0.003602882305844676,0.006405124099279423,0.16092874299439552,0.14291433146517213,0.0,0.018414731785428344,4
2499.0,8248,10111,9,16,1863,402,357,41,0,5,0.003601440576230492,0.006402561024409764,0.1608643457382953,0.14285714285714285,0.0,0.01840736294517807,4
2500.0,8251,10111,9,16,1860,402,357,41,0,5,0.0036,0.0064,0.1608,0.1428,0.0,0.0184,4
2501.0,8254,10111,9,16,1857,402,357,41,0,5,0.003598560575769692,0.006397441023590564,0.16073570571771292,0.14274290283886445,0.0,0.018392642942822873,4
2502.0,8257,10111,9,16,1854,402,357,41,0,5,0.0035971223021582736,0.006394884092725819,0.1606714628297362,0.14268585131894485,0.0,0.01838529176658673,4
2503.0,8260,10111,9,16,1851,402,358,41,0,5,0.003595685177786656,0.006392329204954055,0.16060727127447064,0.14302836596084698,0.0,0.018377946464242907,4
2504.0,8263,10114,9,16,1851,402,358,41,0,5,0.003594249201277955,0.006389776357827476,0.16054313099041534,0.14297124600638977,0.0,0.018370607028753993,4
2505.0,8266,10114,9,16,1848,402,358,41,0,5,0.003592814371257485,0.006387225548902195,0.16047904191616766,0.14291417165668663,0.0,0.018363273453093812,4
2506.0,8269,10114,9,16,1845,402,358,41,0,5,0.003591380686352753,0.006384676775738229,0.160415003990423,0.14285714285714285,0.0,0.018355945730247406,4
2507.0,8272,10114,9,16,1842,402,358,41,0,5,0.0035899481451934583,0.006382130035899481,0.16035101715197447,0.1428001595532509,0.0,0.01834862385321101,4
2508.0,8275,10114,9,16,1839,402,358,41,0,5,0.0035885167464114833,0.006379585326953748,0.16028708133971292,0.14274322169059012,0.0,0.018341307814992026,4
2509.0,8278,10114,9,16,1836,403,358,41,0,5,0.0035870864886408927,0.006377042646472699,0.16062176165803108,0.14268632921482663,0.0,0.018333997608609008,4
2510.0,8281,10122,9,16,1841,403,359,41,0,5,0.0035856573705179283,0.006374501992031873,0.1605577689243028,0.14302788844621514,0.0,0.018326693227091632,4
2511.0,8284,10125,9,16,1841,404,359,41,0,5,0.0035842293906810036,0.006371963361210673,0.1608920748705695,0.14297092791716448,0.0,0.018319394663480686,4
2512.0,8287,10133,9,16,1846,404,359,41,0,5,0.0035828025477707007,0.006369426751592357,0.160828025477707,0.1429140127388535,0.0,0.018312101910828025,4
2513.0,8290,10133,9,16,1843,404,359,41,0,5,0.003581376840429765,0.006366892160764027,0.1607640270592917,0.14285714285714285,0.0,0.01830481496219658,4
2514.0,8293,10133,9,16,1840,404,359,41,0,5,0.003579952267303103,0.006364359586316627,0.16070007955449483,0.1428003182179793,0.0,0.018297533810660304,4
2515.0,8296,10133,9,16,1837,404,359,41,0,5,0.0035785288270377734,0.006361829025844931,0.1606361829025845,0.14274353876739562,0.0,0.018290258449304174,4
2516.0,8299,10133,9,16,1834,405,359,41,0,5,0.003577106518282989,0.006359300476947536,0.1609697933227345,0.14268680445151033,0.0,0.018282988871224166,4
2517.0,8302,10141,9,16,1839,405,359,41,0,5,0.003575685339690107,0.006356773937226857,0.16090584028605484,0.1426301152165276,0.0,0.018275725069527213,4
2518.0,8305,10141,9,16,1836,405,359,41,0,5,0.003574265289912629,0.006354249404289118,0.1608419380460683,0.1425734710087371,0.0,0.018268467037331215,4
2519.0,8308,10141,9,16,1833,405,359,41,0,5,0.003572846367606193,0.006351726875744343,0.16077808654227868,0.1425168717745137,0.0,0.018261214767764985,4
2520.0,8311,10141,9,16,1830,405,359,41,0,5,0.0035714285714285713,0.006349206349206349,0.16071428571428573,0.14246031746031745,0.0,0.018253968253968255,4
2521.0,8314,10141,9,16,1827,405,359,41,0,5,0.0035700119000396666,0.006346687822292741,0.160650535501785,0.14240380801269337,0.0,0.01824672748909163,4
2522.0,8317,10141,9,16,1824,406,359,41,0,5,0.0035685963521015066,0.006344171292624901,0.16098334655035687,0.1423473433782712,0.0,0.01823949246629659,4
2523.0,8320,10149,9,16,1829,406,359,41,0,5,0.0035671819262782403,0.006341656757827983,0.16091954022988506,0.14229092350376535,0.0,0.01823226317875545,4
2524.0,8323,10149,9,16,1826,406,359,42,0,5,0.0035657686212361333,0.006339144215530904,0.16085578446909668,0.14223454833597465,0.0,0.01862123613312203,4
2525.0,8326,10151,9,16,1825,406,360,42,0,5,0.0035643564356435645,0.006336633663366337,0.1607920792079208,0.14257425742574256,0.0,0.018613861386138613,4
2526.0,8329,10154,9,16,1825,406,361,42,0,5,0.0035629453681710215,0.006334125098970704,0.16072842438638163,0.14291369754552652,0.0,0.018606492478226443,4
2527.0,8332,10157,9,16,1825,406,361,42,0,5,0.003561535417491096,0.006331618519984171,0.16066481994459833,0.14285714285714285,0.0,0.018599129402453504,4
2528.0,8335,10157,9,16,1822,406,361,42,0,5,0.003560126582278481,0.006329113924050633,0.1606012658227848,0.14280063291139242,0.0,0.018591772151898733,4
2529.0,8338,10157,9,16,1819,406,361,42,0,5,0.0035587188612099642,0.006326611308817715,0.1605377619612495,0.14274416765519968,0.0,0.018584420719652037,4
2530.0,8341,10157,9,16,1816,406,361,42,0,5,0.0035573122529644267,0.006324110671936759,0.16047430830039525,0.14268774703557313,0.0,0.01857707509881423,4
2531.0,8344,10157,9,16,1813,406,361,42,0,5,0.0035559067562228367,0.006321612011062821,0.1604109047807191,0.1426313709996049,0.0,0.018569735282497037,4
2532.0,8347,10157,9,16,1810,407,361,42,0,5,0.0035545023696682463,0.00631911532385466,0.16074249605055294,0.14257503949447078,0.0,0.018562401263823063,4
2533.0,8350,10165,9,16,1815,407,361,42,0,5,0.0035530990919857876,0.006316620607974733,0.16067903671535727,0.14251875246742993,0.0,0.018555073035925778,4
2534.0,8353,10165,9,16,1812,407,361,42,0,5,0.003551696921862668,0.006314127861089187,0.1606156274664562,0.1424625098658248,0.0,0.018547750591949488,4
2535.0,8356,10165,9,16,1809,407,362,42,0,5,0.0035502958579881655,0.00631163708086785,0.16055226824457594,0.1428007889546351,0.0,0.01854043392504931,4
2536.0,8359,10168,9,16,1809,408,362,42,0,5,0.003548895899053628,0.006309148264984227,0.1608832807570978,0.14274447949526814,0.0,0.018533123028391166,4
2537.0,8362,10176,9,16,1814,408,363,42,0,5,0.0035474970437524636,0.0063066614111154905,0.16081986598344503,0.1430823807646827,0.0,0.018525817895151755,4
2538.0,8365,10179,9,16,1814,409,363,42,0,5,0.0035460992907801418,0.006304176516942475,0.161150512214342,0.1430260047281324,0.0,0.018518518518518517,4
2539.0,8368,10187,9,16,1819,410,363,42,0,5,0.0035447026388341868,0.006301693580149665,0.16148089799133516,0.14296967309964553,0.0,0.018511224891689642,4
2540.0,8371,10195,9,16,1824,411,363,42,0,5,0.003543307086614173,0.006299212598425197,0.16181102362204725,0.14291338582677166,0.0,0.018503937007874015,4
2541.0,8374,10203,9,16,1829,411,364,42,0,5,0.0035419126328217238,0.006296733569460842,0.1617473435655254,0.14325068870523416,0.0,0.018496654860291225,4
2542.0,8377,10206,9,16,1829,411,364,42,0,5,0.0035405192761605035,0.006294256490952006,0.16168371361132966,0.14319433516915814,0.0,0.01848937844217152,4
2543.0,8380,10206,9,16,1826,411,364,42,0,5,0.003539127015336217,0.006291781360597719,0.1616201337003539,0.14313802595359812,0.0,0.0184821077467558,4
2544.0,8383,10206,9,16,1823,411,364,42,0,5,0.003537735849056604,0.006289308176100629,0.1615566037735849,0.1430817610062893,0.0,0.018474842767295597,4
2545.0,8386,10206,9,16,1820,411,365,42,0,5,0.003536345776031434,0.006286836935166994,0.16149312377210215,0.14341846758349705,0.0,0.018467583497053044,4
2546.0,8389,10209,9,16,1820,411,365,42,0,5,0.003534956794972506,0.006284367635506678,0.16142969363707776,0.14336213668499606,0.0,0.018460329929300863,4
2547.0,8392,10209,9,16,1817,411,365,42,0,5,0.0035335689045936395,0.006281900274833137,0.16136631330977622,0.14330585001963095,0.0,0.01845308205732234,4
2548.0,8395,10209,9,16,1814,411,365,42,0,5,0.003532182103610675,0.006279434850863423,0.16130298273155416,0.14324960753532182,0.0,0.018445839874411302,4
2549.0,8398,10209,9,16,1811,411,365,42,0,5,0.003530796390741467,0.006276971361318164,0.16123970184386033,0.14319340918007062,0.0,0.018438603373872108,4
2550.0,8401,10209,9,16,1808,411,366,42,0,5,0.0035294117647058825,0.006274509803921568,0.16117647058823528,0.14352941176470588,0.0,0.01843137254901961,4
2551.0,8404,10212,9,16,1808,411,366,42,0,5,0.0035280282242257936,0.006272050176401411,0.16111328890631124,0.14347314778518228,0.0,0.018424147393179144,4
2552.0,8407,10212,9,16,1805,411,366,42,0,5,0.0035266457680250786,0.006269592476489028,0.1610501567398119,0.14341692789968652,0.0,0.01841692789968652,4
2553.0,8410,10212,9,16,1802,411,366,42,0,5,0.0035252643948296123,0.00626713670191931,0.1609870740305523,0.14336075205640422,0.0,0.018409714061887975,4
2554.0,8413,10212,9,16,1799,411,366,42,0,5,0.003523884103367267,0.006264682850430697,0.16092404072043853,0.14330462020360218,0.0,0.01840250587314017,4
2555.0,8416,10212,9,16,1796,412,366,42,0,5,0.0035225048923679062,0.0062622309197651665,0.16125244618395304,0.14324853228962817,0.0,0.018395303326810174,4
2556.0,8419,10220,9,16,1801,412,366,42,0,5,0.0035211267605633804,0.006259780907668232,0.16118935837245696,0.1431924882629108,0.0,0.018388106416275432,4
2557.0,8422,10220,9,16,1798,412,366,42,0,5,0.0035197497066875244,0.006257332811888932,0.16112631990614001,0.14313648807195933,0.0,0.01838091513492374,4
2558.0,8425,10220,9,16,1795,412,366,42,0,5,0.003518373729476153,0.006254886630179828,0.16106333072713058,0.14308053166536355,0.0,0.018373729476153244,4
2559.0,8428,10220,9,16,1792,412,366,43,0,5,0.0035169988276670576,0.0062524423602969914,0.16100039077764752,0.14302461899179367,0.0,0.01875732708089097,4
2560.0,8431,10222,9,16,1791,412,366,43,0,5,0.003515625,0.00625,0.1609375,0.14296875,0.0,0.01875,4
2561.0,8434,10222,9,16,1788,412,366,43,0,5,0.003514252245216712,0.006247559547051933,0.16087465833658726,0.14291292463881297,0.0,0.018742678641155797,4
2562.0,8437,10222,9,16,1785,413,366,43,0,5,0.00351288056206089,0.00624512099921936,0.16120218579234974,0.14285714285714285,0.0,0.01873536299765808,4
2563.0,8440,10230,9,16,1790,413,366,43,0,5,0.00351150994927819,0.006242684354272337,0.1611392898946547,0.14280140460397972,0.0,0.01872805306281701,4
2564.0,8443,10230,9,16,1787,413,366,43,0,5,0.0035101404056162248,0.0062402496099844,0.1610764430577223,0.14274570982839313,0.0,0.0187207488299532,4
2565.0,8446,10230,9,16,1784,413,367,43,0,5,0.0035087719298245615,0.006237816764132553,0.16101364522417155,0.14307992202729045,0.0,0.01871345029239766,4
2566.0,8449,10233,9,16,1784,413,368,43,0,5,0.0035074045206547155,0.006235385814497272,0.16095089633671084,0.14341387373343725,0.0,0.018706157443491817,4
2567.0,8452,10236,9,16,1784,413,368,43,0,5,0.003506038176860148,0.0062329567588624854,0.16088819633813792,0.14335800545383717,0.0,0.018698870276587457,4
2568.0,8455,10236,9,16,1781,413,368,43,0,5,0.0035046728971962616,0.006230529595015576,0.16082554517133957,0.14330218068535824,0.0,0.018691588785046728,4
2569.0,8458,10236,9,16,1778,413,368,43,0,5,0.0035033086804203972,0.006228104320747372,0.16076294277929154,0.14324639937718958,0.0,0.018684312962242117,4
2570.0,8461,10236,9,16,1775,413,368,43,0,5,0.003501945525291829,0.0062256809338521405,0.16070038910505838,0.1431906614785992,0.0,0.01867704280155642,4
2571.0,8464,10236,9,16,1772,413,368,43,0,5,0.003500583430571762,0.006223259432127577,0.16063788409179308,0.14313496693893427,0.0,0.01866977829638273,4
2572.0,8467,10236,9,16,1769,413,368,43,0,5,0.003499222395023328,0.006220839813374806,0.16057542768273717,0.14307931570762053,0.0,0.01866251944012442,4
2573.0,8470,10236,9,16,1766,413,368,43,0,5,0.003497862417411582,0.006218422075398368,0.16051301982122038,0.14302370773416245,0.0,0.018655266226195105,4
2574.0,8473,10236,9,16,1763,413,368,43,0,5,0.0034965034965034965,0.006216006216006216,0.16045066045066045,0.14296814296814297,0.0,0.018648018648018648,4
2575.0,8476,10236,9,16,1760,413,368,43,0,5,0.003495145631067961,0.006213592233009709,0.1603883495145631,0.1429126213592233,0.0,0.018640776699029128,4
2576.0,8479,10236,9,16,1757,413,368,43,0,5,0.0034937888198757765,0.006211180124223602,0.16032608695652173,0.14285714285714285,0.0,0.018633540372670808,4
2577.0,8482,10236,9,16,1754,414,368,43,0,5,0.0034924330616996507,0.006208769887466045,0.16065192083818394,0.14280170741171905,0.0,0.018626309662398137,4
2578.0,8485,10244,9,16,1759,414,368,43,0,5,0.0034910783553141972,0.0062063615205585725,0.16058960434445307,0.14274631497284718,0.0,0.018619084561675717,4
2579.0,8488,10244,9,16,1756,414,368,43,0,5,0.0034897246994959287,0.006203955021326095,0.16052733617681272,0.1426909654905002,0.0,0.018611865063978286,4
2580.0,8491,10244,9,16,1753,414,368,43,0,5,0.0034883720930232558,0.006201550387596899,0.16046511627906976,0.14263565891472868,0.0,0.018604651162790697,4
2581.0,8494,10244,9,16,1750,414,369,43,0,5,0.003487020534676482,0.006199147617202635,0.16040294459511817,0.14296784192173576,0.0,0.018597442851607904,4
2582.0,8497,10247,9,16,1750,414,370,43,0,5,0.0034856700232378003,0.006196746707978312,0.1603408210689388,0.14329976762199845,0.0,0.018590240123934933,4
2583.0,8500,10250,9,16,1750,414,371,43,0,5,0.003484320557491289,0.006194347657762292,0.1602787456445993,0.14363143631436315,0.0,0.018583042973286876,4
2584.0,8503,10253,9,16,1750,414,371,43,0,5,0.00348297213622291,0.006191950464396285,0.16021671826625386,0.14357585139318885,0.0,0.018575851393188854,4
2585.0,8506,10253,9,16,1747,415,371,43,0,5,0.003481624758220503,0.006189555125725338,0.16054158607350097,0.1435203094777563,0.0,0.018568665377176014,4
2586.0,8509,10261,9,16,1752,415,371,43,0,5,0.0034802784222737818,0.006187161639597835,0.16047950502706884,0.14346481051817478,0.0,0.018561484918793503,4
2587.0,8512,10261,9,16,1749,415,372,43,0,5,0.003478933127174333,0.006184770003865481,0.16041747197526093,0.14379590258987243,0.0,0.018554310011596443,4
2588.0,8515,10264,9,16,1749,415,372,43,0,5,0.0034775888717156105,0.0061823802163833074,0.16035548686244205,0.1437403400309119,0.0,0.01854714064914992,4
2589.0,8518,10264,9,16,1746,416,372,43,0,5,0.0034762456546929316,0.006179992275009656,0.16067979915025107,0.1436848203939745,0.0,0.01853997682502897,4
2590.0,8521,10272,9,16,1751,416,372,43,0,5,0.0034749034749034747,0.006177606177606178,0.16061776061776062,0.14362934362934363,0.0,0.018532818532818532,4
2591.0,8524,10272,9,16,1748,416,372,43,0,5,0.0034735623311462757,0.0061752219220378235,0.1605557699729834,0.1435739096873794,0.0,0.018525665766113468,4
2592.0,8527,10272,9,16,1745,416,372,43,0,5,0.003472222222222222,0.006172839506172839,0.16049382716049382,0.14351851851851852,0.0,0.018518518518518517,4
2593.0,8530,10272,9,16,1742,416,372,43,0,5,0.003470883146934053,0.006170458927882761,0.1604319321249518,0.1434631700732742,0.0,0.018511376783648285,4
2594.0,8533,10272,9,16,1739,416,372,43,0,5,0.003469545104086353,0.006168080185042405,0.16037008481110254,0.14340786430223593,0.0,0.018504240555127217,4
2595.0,8536,10272,9,16,1736,416,372,43,0,5,0.003468208092485549,0.006165703275529865,0.1603082851637765,0.14335260115606938,0.0,0.018497109826589597,4
2596.0,8539,10272,9,16,1733,416,372,43,0,5,0.0034668721109399076,0.0061633281972265025,0.16024653312788906,0.14329738058551617,0.0,0.01848998459167951,4
2597.0,8542,10272,9,16,1730,417,372,43,0,5,0.0034655371582595304,0.0061609549480169425,0.16056988833269156,0.14324220254139391,0.0,0.018482864844050827,4
2598.0,8545,10280,9,16,1735,417,372,43,0,6,0.003464203233256351,0.006158583525789068,0.1605080831408776,0.14318706697459585,0.0,0.018860662047729022,4
2599.0,8546,10281,9,16,1735,417,372,43,0,6,0.0034628703347441324,0.0061562139284340135,0.16044632550981147,0.1431319738360908,0.0,0.018853405155829166,4
2600.0,8547,10281,10,16,1734,417,372,43,0,6,0.0038461538461538464,0.006153846153846154,0.16038461538461538,0.14307692307692307,0.0,0.018846153846153846,4
2601.0,8566,10393,10,16,1827,417,373,43,0,6,0.0038446751249519417,0.006151480199923107,0.16032295271049596,0.14340638216070742,0.0,0.018838908112264515,4
2602.0,8569,10396,10,16,1827,417,373,43,0,6,0.003843197540353574,0.006149116064565719,0.16026133743274404,0.14335126825518832,0.0,0.018831667947732514,4
2603.0,8572,10396,10,16,1824,418,373,43,0,6,0.00384172109104879,0.006146753745678064,0.16058394160583941,0.14329619669611987,0.0,0.01882443334613907,4
2604.0,8575,10404,10,16,1829,418,373,43,0,6,0.0038402457757296467,0.006144393241167435,0.16052227342549924,0.14324116743471582,0.0,0.01881720430107527,4
2605.0,8578,10404,10,16,1826,418,373,43,0,6,0.003838771593090211,0.006142034548944338,0.16046065259117082,0.14318618042226489,0.0,0.018809980806142036,4
2606.0,8581,10404,10,16,1823,418,373,43,0,6,0.003837298541826554,0.0061396776669224865,0.16039907904834996,0.14313123561013047,0.0,0.018802762854950115,4
2607.0,8584,10404,10,16,1820,419,373,43,0,6,0.0038358266206367474,0.006137322593018795,0.16072113540467972,0.14307633294975067,0.0,0.018795550441120062,4
2608.0,8587,10412,10,16,1825,419,373,43,0,6,0.003834355828220859,0.006134969325153374,0.16065950920245398,0.14302147239263804,0.0,0.018788343558282208,4
2609.0,8590,10412,10,16,1822,419,373,43,0,6,0.0038328861632809506,0.006132617861249521,0.16059793024147181,0.14296665389037946,0.0,0.018781142200076657,4
2610.0,8593,10412,10,16,1819,419,373,43,0,6,0.0038314176245210726,0.006130268199233717,0.16053639846743295,0.142911877394636,0.0,0.018773946360153258,4
2611.0,8596,10412,10,16,1816,420,373,43,0,6,0.0038299502106472617,0.006127920337035618,0.16085790884718498,0.14285714285714285,0.0,0.01876675603217158,4
2612.0,8599,10420,10,16,1821,420,373,43,0,6,0.0038284839203675345,0.006125574272588055,0.16079632465543645,0.14280245022970903,0.0,0.01875957120980092,4
2613.0,8602,10420,10,16,1818,420,373,44,0,6,0.003827018752391887,0.006123230003827019,0.16073478760045926,0.14274779946421737,0.0,0.019135093761959432,4
2614.0,8605,10422,10,16,1817,420,373,44,0,6,0.0038255547054322878,0.00612088752869166,0.16067329762815608,0.14269319051262433,0.0,0.019127773527161437,4
2615.0,8608,10422,10,16,1814,420,373,44,0,6,0.0038240917782026767,0.006118546845124283,0.16061185468451242,0.14263862332695984,0.0,0.019120458891013385,4
2616.0,8611,10422,10,16,1811,420,373,44,0,6,0.00382262996941896,0.0061162079510703364,0.16055045871559634,0.1425840978593272,0.0,0.0191131498470948,4
2617.0,8614,10422,10,16,1808,420,374,44,0,6,0.0038211692777990066,0.00611387084447841,0.16048910966755828,0.14291173098968285,0.0,0.019105846388995033,4
2618.0,8617,10425,10,16,1808,420,374,44,0,6,0.0038197097020626434,0.006111535523300229,0.16042780748663102,0.14285714285714285,0.0,0.019098548510313215,4
2619.0,8620,10425,10,16,1805,420,374,44,0,6,0.0038182512409316535,0.0061092019854906456,0.16036655211912945,0.14280259641084384,0.0,0.019091256204658267,4
2620.0,8623,10425,10,16,1802,420,374,44,0,6,0.003816793893129771,0.0061068702290076335,0.16030534351145037,0.14274809160305343,0.0,0.019083969465648856,4
2621.0,8626,10425,10,16,1799,420,374,44,0,6,0.0038153376573826785,0.006104540251812286,0.16024418161007248,0.14269362838611216,0.0,0.01907668828691339,4
2622.0,8629,10425,10,16,1796,420,374,44,0,6,0.0038138825324180014,0.006102212051868803,0.16018306636155608,0.14263920671243327,0.0,0.01906941266209001,4
2623.0,8632,10425,10,16,1793,420,375,44,0,6,0.003812428516965307,0.006099885627144491,0.1601219977125429,0.14296606938619902,0.0,0.019062142584826535,4
2624.0,8635,10428,10,16,1793,420,375,44,0,6,0.0038109756097560975,0.006097560975609756,0.1600609756097561,0.14291158536585366,0.0,0.019054878048780487,4
2625.0,8638,10428,10,16,1790,420,375,44,0,6,0.0038095238095238095,0.006095238095238095,0.16,0.14285714285714285,0.0,0.01904761904761905,4
2626.0,8641,10428,10,16,1787,420,375,44,0,6,0.003808073115003808,0.006092916984006093,0.15993907083015993,0.1428027418126428,0.0,0.01904036557501904,4
2627.0,8644,10428,10,16,1784,420,375,44,0,6,0.003806623524933384,0.006090597639893415,0.15987818804720214,0.1427483821850019,0.0,0.01903311762466692,4
2628.0,8647,10428,10,16,1781,420,375,44,0,6,0.00380517503805175,0.0060882800608828,0.1598173515981735,0.14269406392694065,0.0,0.01902587519025875,4
2629.0,8650,10428,10,16,1778,420,375,44,0,6,0.003803727653100038,0.006085964244960061,0.1597565614302016,0.14263978699125143,0.0,0.01901863826550019,4
2630.0,8653,10428,10,16,1775,420,375,44,0,6,0.0038022813688212928,0.006083650190114068,0.1596958174904943,0.14258555133079848,0.0,0.019011406844106463,4
2631.0,8656,10428,10,16,1772,420,375,44,0,6,0.003800836183960471,0.006081337894336754,0.15963511972633979,0.14253135689851767,0.0,0.019004180919802355,4
2632.0,8659,10428,10,16,1769,420,375,44,0,6,0.003799392097264438,0.0060790273556231,0.1595744680851064,0.14247720364741642,0.0,0.018996960486322188,4
2633.0,8662,10428,10,16,1766,420,375,44,0,6,0.0037979491074819596,0.0060767185719711354,0.15951386251424232,0.1424230915305735,0.0,0.0189897455374098,4
2634.0,8665,10428,10,16,1763,420,375,44,0,6,0.0037965072133637054,0.006074411541381929,0.15945330296127563,0.14236902050113895,0.0,0.018982536066818528,4
2635.0,8668,10428,10,16,1760,420,375,44,0,6,0.003795066413662239,0.0060721062618595825,0.15939278937381404,0.14231499051233396,0.0,0.018975332068311195,4
2636.0,8671,10428,10,16,1757,421,375,44,0,6,0.0037936267071320183,0.006069802731411229,0.15971168437025796,0.1422610015174507,0.0,0.01896813353566009,4
2637.0,8674,10436,10,16,1762,422,375,44,0,6,0.0037921880925293893,0.006067500948047023,0.16003033750474024,0.1422070534698521,0.0,0.018960940462646948,4
2638.0,8677,10444,10,16,1767,422,375,44,0,6,0.0037907505686125853,0.006065200909780136,0.1599696739954511,0.14215314632297193,0.0,0.018953752843062926,4
2639.0,8680,10444,10,16,1764,422,375,44,0,6,0.0037893141341417205,0.0060629026146267525,0.1599090564607806,0.14209928003031452,0.0,0.018946570670708603,4
2640.0,8683,10444,10,16,1761,422,375,44,0,6,0.003787878787878788,0.006060606060606061,0.15984848484848485,0.14204545454545456,0.0,0.01893939393939394,4
2641.0,8686,10444,10,16,1758,422,376,44,0,6,0.003786444528587656,0.00605831124574025,0.1597879591063991,0.14237031427489588,0.0,0.01893222264293828,4
2642.0,8689,10447,10,16,1758,423,376,44,0,6,0.003785011355034065,0.006056018168054504,0.16010598031794096,0.14231642694928084,0.0,0.018925056775170326,4
2643.0,8692,10455,10,16,1763,423,376,44,0,6,0.0037835792659856224,0.006053726825576996,0.16004540295119182,0.1422625804010594,0.0,0.018917896329928113,4
2644.0,8695,10455,10,16,1760,423,376,44,0,6,0.0037821482602118004,0.006051437216338881,0.15998487140695916,0.1422087745839637,0.0,0.018910741301059002,4
2645.0,8698,10455,10,16,1757,423,376,44,0,6,0.003780718336483932,0.0060491493383742915,0.15992438563327033,0.14215500945179585,0.0,0.01890359168241966,4
2646.0,8701,10455,10,16,1754,423,376,44,0,6,0.003779289493575208,0.006046863189720333,0.1598639455782313,0.1421012849584278,0.0,0.01889644746787604,4
2647.0,8704,10455,10,16,1751,423,376,44,0,6,0.0037778617302606727,0.006044578768417076,0.15980355119002645,0.1420476010578013,0.0,0.018889308651303362,4
2648.0,8707,10455,10,16,1748,423,376,44,0,6,0.0037764350453172208,0.006042296072507553,0.15974320241691842,0.1419939577039275,0.0,0.0188821752265861,4
2649.0,8710,10455,10,16,1745,423,376,44,0,6,0.003775009437523594,0.00604001510003775,0.159682899207248,0.14194035485088713,0.0,0.01887504718761797,4
2650.0,8713,10455,10,16,1742,423,376,44,0,6,0.0037735849056603774,0.0060377358490566035,0.15962264150943395,0.1418867924528302,0.0,0.018867924528301886,4
2651.0,8716,10455,10,16,1739,423,376,44,0,6,0.003772161448509996,0.006035458317615994,0.15956242927197284,0.14183327046397587,0.0,0.01886080724254998,4
2652.0,8719,10455,10,16,1736,423,376,44,0,6,0.003770739064856712,0.006033182503770739,0.1595022624434389,0.14177978883861236,0.0,0.01885369532428356,4
2653.0,8722,10455,10,16,1733,423,377,44,0,6,0.003769317753486619,0.00603090840557859,0.159442140972484,0.14210327930644553,0.0,0.018846588767433094,4
2654.0,8725,10458,10,16,1733,423,377,44,0,6,0.0037678975131876413,0.006028636021100226,0.15938206480783723,0.14204973624717407,0.0,0.018839487565938208,4
2655.0,8728,10458,10,16,1730,423,377,44,0,6,0.003766478342749529,0.006026365348399247,0.15932203389830507,0.14199623352165724,0.0,0.018832391713747645,4
2656.0,8731,10458,10,16,1727,423,377,44,0,6,0.0037650602409638554,0.006024096385542169,0.1592620481927711,0.14194277108433734,0.0,0.01882530120481928,4
2657.0,8734,10458,10,16,1724,423,377,44,0,6,0.003763643206624012,0.0060218291305984195,0.1592021076401957,0.14188934888972526,0.0,0.01881821603312006,4
2658.0,8737,10458,10,16,1721,423,378,44,0,6,0.003762227238525207,0.006019563581640331,0.15914221218961624,0.14221218961625282,0.0,0.018811136192626036,4
2659.0,8740,10461,10,16,1721,424,378,44,0,6,0.00376081233546446,0.006017299736743136,0.1594584430236931,0.1421587062805566,0.0,0.018804061677322303,4
2660.0,8743,10469,10,16,1726,425,378,44,0,6,0.0037593984962406013,0.006015037593984963,0.15977443609022557,0.14210526315789473,0.0,0.018796992481203006,4
2661.0,8746,10477,10,16,1731,425,379,44,0,6,0.003757985719654265,0.006012777151446824,0.15971439308530627,0.14242765877489666,0.0,0.018789928598271326,4
2662.0,8749,10480,10,16,1731,426,379,44,0,6,0.003756574004507889,0.006010518407212622,0.16003005259203607,0.142374154770849,0.0,0.018782870022539443,4
2663.0,8752,10488,10,16,1736,426,379,44,0,6,0.003755163349605708,0.0060082613593691325,0.15996995869320316,0.14232069095005634,0.0,0.01877581674802854,4
2664.0,8755,10488,10,16,1733,427,379,44,0,6,0.0037537537537537537,0.006006006006006006,0.1602852852852853,0.14226726726726727,0.0,0.01876876876876877,4
2665.0,8758,10496,10,16,1738,428,379,44,0,6,0.00375234521575985,0.00600375234521576,0.1606003752345216,0.14221388367729831,0.0,0.01876172607879925,4
2666.0,8761,10504,10,16,1743,428,379,44,0,6,0.0037509377344336083,0.006001500375093774,0.16054013503375844,0.14216054013503376,0.0,0.018754688672168042,4
2667.0,8764,10504,10,16,1740,429,379,44,0,6,0.0037495313085864268,0.005999250093738283,0.1608548931383577,0.14210723659542557,0.0,0.018747656542932135,4
2668.0,8767,10512,10,16,1745,430,379,44,0,6,0.0037481259370314842,0.005997001499250375,0.16116941529235382,0.14205397301349326,0.0,0.018740629685157422,4
2669.0,8770,10520,10,16,1750,430,380,44,0,6,0.003746721618583739,0.005994754589733983,0.16110902959910078,0.1423754215061821,0.0,0.018733608092918696,4
2670.0,8773,10523,10,16,1750,430,381,44,0,6,0.003745318352059925,0.00599250936329588,0.16104868913857678,0.14269662921348314,0.0,0.018726591760299626,4
2671.0,8776,10526,10,16,1750,430,381,44,0,6,0.0037439161362785474,0.005990265818045676,0.16098839385997754,0.14264320479221265,0.0,0.018719580681392737,4
2672.0,8779,10526,10,17,1747,430,381,44,0,6,0.0037425149700598802,0.006362275449101796,0.16092814371257486,0.14258982035928144,0.0,0.0187125748502994,4
2673.0,8824,10820,10,17,1996,430,381,44,0,6,0.0037411148522259632,0.006359895248784137,0.1608679386457164,0.1425364758698092,0.0,0.01870557426112982,4
2674.0,8827,10820,10,17,1993,430,382,44,0,6,0.0037397157816005983,0.006357516828721017,0.16080777860882572,0.14285714285714285,0.0,0.018698578908002993,4
2675.0,8830,10823,10,17,1993,430,382,44,0,6,0.003738317757009346,0.006355140186915888,0.16074766355140188,0.142803738317757,0.0,0.018691588785046728,4
2676.0,8833,10823,10,17,1990,430,382,44,0,6,0.0037369207772795215,0.006352765321375187,0.16068759342301944,0.14275037369207771,0.0,0.01868460388639761,4
2677.0,8836,10823,10,17,1987,430,382,44,0,6,0.0037355248412401943,0.00635039223010833,0.16062756817332835,0.1426970489353754,0.0,0.01867762420620097,4
2678.0,8839,10823,10,17,1984,430,382,44,0,6,0.0037341299477221808,0.006348020911127707,0.16056758775205376,0.1426437640029873,0.0,0.018670649738610903,4
2679.0,8842,10823,10,17,1981,430,382,44,0,6,0.003732736095558044,0.006345651362448675,0.1605076521089959,0.1425905188503173,0.0,0.01866368047779022,4
2680.0,8845,10823,10,17,1978,430,382,44,0,6,0.0037313432835820895,0.006343283582089552,0.16044776119402984,0.14253731343283582,0.0,0.018656716417910446,4
2681.0,8848,10823,10,17,1975,430,383,44,0,6,0.003729951510630362,0.006340917568071615,0.16038791495710555,0.14285714285714285,0.0,0.01864975755315181,4
2682.0,8851,10826,10,17,1975,430,383,44,0,6,0.0037285607755406414,0.00633855331841909,0.16032811334824756,0.14280387770320657,0.0,0.018642803877703208,4
2683.0,8854,10826,10,17,1972,430,383,44,0,6,0.003727171077152441,0.00633619083115915,0.16026835631755498,0.1427506522549385,0.0,0.018635855385762207,4
2684.0,8857,10826,10,17,1969,431,383,44,0,6,0.0037257824143070045,0.006333830104321907,0.1605812220566319,0.14269746646795828,0.0,0.018628912071535022,4
2685.0,8860,10834,10,17,1974,432,383,44,0,6,0.0037243947858473,0.00633147113594041,0.16089385474860335,0.14264432029795157,0.0,0.0186219739292365,4
2686.0,8863,10842,10,17,1979,432,383,44,0,6,0.0037230081906180195,0.006329113924050633,0.16083395383469842,0.14259121370067016,0.0,0.018615040953090096,4
2687.0,8866,10842,10,17,1976,432,383,44,0,6,0.003721622627465575,0.006326758466691477,0.16077409750651284,0.1425381466319315,0.0,0.018608113137327874,4
2688.0,8869,10842,10,17,1973,432,384,44,0,6,0.003720238095238095,0.006324404761904762,0.16071428571428573,0.14285714285714285,0.0,0.018601190476190476,4
2689.0,8872,10845,10,17,1973,432,384,44,0,6,0.003718854592785422,0.006322052807735217,0.16065451840833023,0.1428040163629602,0.0,0.01859427296392711,4
2690.0,8875,10845,10,17,1970,432,384,44,0,6,0.0037174721189591076,0.006319702602230483,0.16059479553903347,0.14275092936802974,0.0,0.01858736059479554,4
2691.0,8878,10845,10,17,1967,432,385,44,0,6,0.0037160906726124115,0.0063173541434411,0.1605351170568562,0.14306949089557786,0.0,0.01858045336306206,4
2692.0,8881,10848,10,17,1967,432,386,44,0,6,0.003714710252600297,0.006315007429420505,0.16047548291233285,0.14338781575037146,0.0,0.018573551263001486,4
2693.0,8884,10851,10,17,1967,432,387,44,0,6,0.003713330857779428,0.0063126624582250275,0.1604158930560713,0.14370590419606388,0.0,0.01856665428889714,4
2694.0,8887,10854,10,17,1967,433,387,44,0,6,0.003711952487008166,0.006310319227913883,0.1607275426874536,0.14365256124721604,0.0,0.01855976243504083,4
2695.0,8890,10862,10,17,1972,433,387,44,0,6,0.0037105751391465678,0.006307977736549165,0.1606679035250464,0.14359925788497216,0.0,0.01855287569573284,4
2696.0,8893,10862,10,17,1969,433,387,44,0,6,0.00370919881305638,0.006305637982195846,0.16060830860534125,0.1435459940652819,0.0,0.018545994065281898,4
2697.0,8896,10862,10,17,1966,433,387,44,0,6,0.0037078235076010383,0.006303299962921765,0.16054875787912495,0.14349276974416017,0.0,0.01853911753800519,4
2698.0,8899,10862,10,17,1963,433,387,44,0,6,0.0037064492216456633,0.006300963676797628,0.16048925129725722,0.14343958487768718,0.0,0.018532246108228317,4
2699.0,8902,10862,10,17,1960,433,387,44,0,6,0.003705075954057058,0.006298629121896999,0.16042978881067063,0.14338643942200816,0.0,0.018525379770285292,4
2700.0,8905,10862,10,17,1957,433,387,44,0,6,0.003703703703703704,0.006296296296296296,0.16037037037037036,0.14333333333333334,0.0,0.018518518518518517,4
2701.0,8908,10862,10,17,1954,433,387,44,0,6,0.0037023324694557573,0.006293965198074787,0.16031099592743428,0.1432802665679378,0.0,0.018511662347278787,4
2702.0,8911,10862,10,17,1951,433,388,44,0,6,0.003700962250185048,0.006291635825314582,0.16025166543301259,0.14359733530717986,0.0,0.018504811250925242,4
2703.0,8914,10865,10,17,1951,433,388,44,0,6,0.003699593044765076,0.006289308176100629,0.1601923788383278,0.14354421013688495,0.0,0.01849796522382538,4
2704.0,8917,10865,10,17,1948,433,388,44,0,6,0.0036982248520710057,0.00628698224852071,0.16013313609467456,0.14349112426035504,0.0,0.01849112426035503,4
2705.0,8920,10865,10,17,1945,433,388,44,0,6,0.0036968576709796672,0.006284658040665434,0.16007393715341958,0.1434380776340111,0.0,0.018484288354898338,4
2706.0,8923,10865,10,17,1942,433,388,44,0,6,0.003695491500369549,0.006282335550628234,0.16001478196600147,0.1433850702143385,0.0,0.018477457501847747,4
2707.0,8926,10865,10,17,1939,433,389,44,0,6,0.003694126339120798,0.006280014776505356,0.15995567048393056,0.14370151459179903,0.0,0.01847063169560399,4
2708.0,8929,10868,10,17,1939,433,389,44,0,6,0.003692762186115214,0.006277695716395864,0.15989660265878877,0.14364844903988183,0.0,0.01846381093057607,4
2709.0,8932,10868,10,17,1936,433,390,44,0,6,0.0036913990402362494,0.006275378368401624,0.1598375784422296,0.14396456256921372,0.0,0.01845699520118125,4
2710.0,8935,10871,10,17,1936,433,391,44,0,6,0.0036900369003690036,0.006273062730627306,0.15977859778597786,0.14428044280442803,0.0,0.01845018450184502,4
2711.0,8938,10874,10,17,1936,433,391,44,0,6,0.0036886757654002213,0.006270748801180376,0.15971966064182958,0.14422722242714867,0.0,0.018443378827001106,4
2712.0,8941,10874,10,17,1933,433,391,44,0,6,0.003687315634218289,0.006268436578171091,0.1596607669616519,0.1441740412979351,0.0,0.018436578171091445,4
2713.0,8944,10874,10,17,1930,433,391,44,0,6,0.003685956505713233,0.006266126059712496,0.15960191669738297,0.1441208993733874,0.0,0.018429782528566162,4
2714.0,8947,10874,10,17,1927,434,391,44,0,6,0.0036845983787767134,0.006263817243920413,0.15991156963890935,0.1440677966101695,0.0,0.018422991893883568,4
2715.0,8950,10882,10,17,1932,434,392,44,0,6,0.003683241252302026,0.006261510128913444,0.1598526703499079,0.1443830570902394,0.0,0.01841620626151013,4
2716.0,8953,10885,10,17,1932,434,393,44,0,6,0.003681885125184094,0.0062592047128129605,0.15979381443298968,0.14469808541973492,0.0,0.018409425625920472,4
2717.0,8956,10888,10,17,1932,434,393,44,0,6,0.00368052999631947,0.006256900993743099,0.159735001840265,0.14464482885535518,0.0,0.01840264998159735,4
2718.0,8959,10888,10,17,1929,434,393,44,0,6,0.003679175864606328,0.006254598969830758,0.15967623252391464,0.1445916114790287,0.0,0.01839587932303164,4
2719.0,8962,10888,10,17,1926,434,393,44,0,6,0.003677822728944465,0.00625229863920559,0.15961750643618977,0.14453843324751747,0.0,0.018389113644722323,4
2720.0,8965,10888,10,17,1923,434,393,44,0,6,0.003676470588235294,0.00625,0.15955882352941175,0.14448529411764705,0.0,0.01838235294117647,4
2721.0,8968,10888,10,17,1920,434,393,44,0,6,0.003675119441381845,0.006247703050349137,0.15950018375597208,0.1444321940463065,0.0,0.018375597206909223,4
2722.0,8971,10888,10,17,1917,435,393,44,0,6,0.0036737692872887582,0.006245407788390889,0.159808963997061,0.1443791329904482,0.0,0.018368846436443792,4
2723.0,8974,10896,10,17,1922,435,393,44,0,6,0.003672420124862284,0.006243114212265883,0.15975027543150935,0.14432611090708777,0.0,0.01836210062431142,4
2724.0,8977,10896,10,17,1919,435,393,44,0,6,0.003671071953010279,0.006240822320117474,0.15969162995594713,0.14427312775330398,0.0,0.018355359765051395,4
2725.0,8980,10896,10,17,1916,435,393,44,0,6,0.003669724770642202,0.006238532110091743,0.1596330275229358,0.14422018348623852,0.0,0.01834862385321101,4
2726.0,8983,10896,10,17,1913,435,393,44,0,6,0.003668378576669112,0.0062362435803374906,0.1595744680851064,0.14416727806309612,0.0,0.018341892883345562,4
2727.0,8986,10896,10,17,1910,435,393,44,0,6,0.003667033370003667,0.0062339567290062336,0.15951595159515952,0.14411441144114412,0.0,0.018335166850018333,4
2728.0,8989,10896,10,17,1907,436,393,44,0,6,0.0036656891495601175,0.006231671554252199,0.1598240469208211,0.14406158357771262,0.0,0.018328445747800588,4
2729.0,8992,10904,10,17,1912,436,393,44,0,6,0.003664345914254306,0.00622938805423232,0.15976548186148773,0.1440087944301942,0.0,0.01832172957127153,4
2730.0,8995,10904,10,17,1909,436,394,44,0,6,0.003663003663003663,0.0062271062271062275,0.1597069597069597,0.1443223443223443,0.0,0.018315018315018316,4
2731.0,8998,10907,10,17,1909,436,394,44,0,6,0.003661662394727206,0.006224826071036251,0.15964848041010618,0.14426949835225192,0.0,0.01830831197363603,4
2732.0,9001,10907,10,17,1906,436,394,44,0,6,0.0036603221083455345,0.006222547584187409,0.1595900439238653,0.14421669106881405,0.0,0.018301610541727673,4
2733.0,9004,10907,10,17,1903,437,394,44,0,6,0.003658982802780827,0.0062202707647274055,0.15989754848152213,0.14416392242956458,0.0,0.018294914013904134,4
2734.0,9007,10915,10,17,1908,437,395,44,0,6,0.0036576444769568397,0.006217995610826628,0.1598390636430139,0.14447695683979517,0.0,0.018288222384784197,4
2735.0,9010,10918,10,17,1908,437,395,44,0,6,0.003656307129798903,0.006215722120658135,0.15978062157221207,0.14442413162705667,0.0,0.018281535648994516,4
2736.0,9013,10918,10,17,1905,437,396,44,0,6,0.003654970760233918,0.0062134502923976605,0.1597222222222222,0.14473684210526316,0.0,0.01827485380116959,4
2737.0,9016,10921,10,17,1905,437,396,44,0,6,0.003653635367190354,0.006211180124223602,0.15966386554621848,0.14468396054073804,0.0,0.018268176835951774,4
2738.0,9019,10921,10,17,1902,437,396,44,0,6,0.003652300949598247,0.00620891161431702,0.15960555149744338,0.1446311176040906,0.0,0.018261504747991233,4
2739.0,9022,10921,10,17,1899,437,396,44,0,6,0.0036509675063891934,0.006206644760861628,0.15954728002920773,0.14457831325301204,0.0,0.018254837531945966,4
2740.0,9025,10921,10,17,1896,437,396,44,0,6,0.0036496350364963502,0.0062043795620437955,0.1594890510948905,0.14452554744525548,0.0,0.01824817518248175,4
2741.0,9028,10921,10,17,1893,437,396,44,0,6,0.0036483035388544327,0.006202116016052536,0.1594308646479387,0.14447282013863552,0.0,0.018241517694272163,4
2742.0,9031,10921,10,17,1890,437,396,44,0,6,0.0036469730123997084,0.006199854121079504,0.15937272064186725,0.14442013129102846,0.0,0.01823486506199854,4
2743.0,9034,10921,10,17,1887,437,396,44,0,6,0.0036456434560699965,0.006197593875318994,0.15931461903025884,0.14436748086037185,0.0,0.01822821728034998,4
2744.0,9037,10921,10,17,1884,438,396,44,0,6,0.0036443148688046646,0.00619533527696793,0.15962099125364432,0.14431486880466474,0.0,0.018221574344023325,4
2745.0,9040,10929,10,17,1889,438,397,44,0,6,0.0036429872495446266,0.006193078324225865,0.15956284153005465,0.14462659380692167,0.0,0.018214936247723135,4
2746.0,9043,10932,10,17,1889,438,397,44,0,6,0.003641660597232338,0.006190823015294974,0.1595047341587764,0.1445739257101238,0.0,0.01820830298616169,4
2747.0,9046,10932,10,17,1886,439,397,44,0,6,0.0036403349108117948,0.006188569348380051,0.15981070258463778,0.14452129595922825,0.0,0.018201674554058973,4
2748.0,9049,10940,10,17,1891,439,397,44,0,6,0.00363901018922853,0.006186317321688501,0.15975254730713245,0.14446870451237265,0.0,0.018195050946142648,4
2749.0,9052,10940,10,17,1888,439,398,44,0,6,0.0036376864314296106,0.0061840669334303384,0.1596944343397599,0.1447799199708985,0.0,0.018188432157148052,4
2750.0,9055,10943,10,17,1888,439,398,44,0,6,0.0036363636363636364,0.0061818181818181816,0.15963636363636363,0.14472727272727273,0.0,0.01818181818181818,4
2751.0,9058,10943,10,17,1885,439,399,44,0,6,0.0036350418029807343,0.0061795710650672485,0.15957833515085423,0.1450381679389313,0.0,0.01817520901490367,4
2752.0,9061,10946,10,17,1885,439,399,44,0,6,0.003633720930232558,0.0061773255813953485,0.1595203488372093,0.14498546511627908,0.0,0.018168604651162792,4
2753.0,9064,10946,10,17,1882,440,399,44,0,6,0.003632401017072285,0.006175081729022884,0.15982564475118052,0.14493280058118416,0.0,0.018162005085361425,4
2754.0,9067,10954,10,17,1887,440,400,44,0,6,0.0036310820624546117,0.006172839506172839,0.15976761074800291,0.14524328249818447,0.0,0.01815541031227306,4
2755.0,9070,10957,10,17,1887,440,400,44,0,6,0.003629764065335753,0.006170598911070781,0.15970961887477314,0.14519056261343014,0.0,0.018148820326678767,4
2756.0,9073,10957,10,17,1884,440,400,44,0,6,0.00362844702467344,0.006168359941944848,0.15965166908563136,0.14513788098693758,0.0,0.018142235123367198,4
2757.0,9076,10957,10,17,1881,440,400,44,0,6,0.003627130939426913,0.006166122597025753,0.15959376133478417,0.14508523757707653,0.0,0.018135654697134566,4
2758.0,9079,10957,10,17,1878,440,400,44,0,6,0.0036258158085569255,0.006163886874546773,0.15953589557650472,0.145032632342277,0.0,0.018129079042784626,4
2759.0,9082,10957,10,17,1875,440,400,44,0,6,0.003624501631025734,0.0061616527727437476,0.1594780717651323,0.14498006524102935,0.0,0.01812250815512867,4
2760.0,9085,10957,10,17,1872,440,400,44,0,6,0.0036231884057971015,0.006159420289855073,0.15942028985507245,0.14492753623188406,0.0,0.018115942028985508,4
2761.0,9088,10957,10,17,1869,440,400,44,0,6,0.003621876131836291,0.006157189424121695,0.1593625498007968,0.14487504527345166,0.0,0.018109380659181457,4
2762.0,9091,10957,10,17,1866,440,400,44,0,6,0.003620564808110065,0.006154960173787111,0.15930485155684287,0.14482259232440262,0.0,0.018102824040550327,4
2763.0,9094,10957,10,17,1863,440,400,44,0,6,0.003619254433586681,0.006152732537097358,0.15924719507781396,0.14477017734346725,0.0,0.018096272167933407,4
2764.0,9097,10957,10,17,1860,440,400,44,0,6,0.00361794500723589,0.006150506512301013,0.15918958031837915,0.1447178002894356,0.0,0.01808972503617945,4
2765.0,9100,10957,10,17,1857,440,400,44,0,6,0.003616636528028933,0.006148282097649186,0.15913200723327306,0.14466546112115733,0.0,0.018083182640144666,4
2766.0,9103,10957,10,17,1854,440,400,44,0,6,0.0036153289949385392,0.006146059291395517,0.15907447577729572,0.14461315979754158,0.0,0.018076644974692697,4
2767.0,9106,10957,10,17,1851,441,400,44,0,6,0.003614022406938923,0.006143838091796169,0.1593783881460065,0.14456089627755692,0.0,0.018070112034694615,4
2768.0,9109,10965,10,17,1856,442,400,44,0,6,0.0036127167630057803,0.006141618497109827,0.1596820809248555,0.14450867052023122,0.0,0.018063583815028903,4
2769.0,9112,10973,10,17,1861,442,400,44,0,6,0.0036114120621162874,0.0061394005055976884,0.1596244131455399,0.1444564824846515,0.0,0.01805706031058144,4
2770.0,9115,10973,10,17,1858,442,401,44,0,6,0.0036101083032490976,0.006137184115523465,0.1595667870036101,0.1447653429602888,0.0,0.018050541516245487,4
2771.0,9118,10976,10,17,1858,442,401,44,0,6,0.003608805485384338,0.006134969325153374,0.15950920245398773,0.14471309996391193,0.0,0.01804402742692169,4
2772.0,9121,10976,10,17,1855,443,401,44,0,6,0.0036075036075036075,0.006132756132756133,0.15981240981240982,0.14466089466089466,0.0,0.018037518037518036,4
2773.0,9124,10984,10,17,1860,443,401,44,0,6,0.003606202668589975,0.006130544536602957,0.15975477821853587,0.144608727010458,0.0,0.018031013342949875,4
2774.0,9127,10984,10,17,1857,443,401,44,0,6,0.003604902667627974,0.0061283345349675555,0.15969718817591924,0.14455659697188175,0.0,0.01802451333813987,4
2775.0,9130,10984,10,17,1854,443,401,44,0,6,0.0036036036036036037,0.006126126126126126,0.15963963963963965,0.1445045045045045,0.0,0.018018018018018018,4
2776.0,9133,10984,10,17,1851,443,401,44,0,6,0.0036023054755043226,0.006123919308357349,0.1595821325648415,0.14445244956772335,0.0,0.018011527377521614,4
2777.0,9136,10984,10,17,1848,443,401,44,0,6,0.0036010082823190494,0.006121714079942384,0.1595246669067339,0.14440043212099388,0.0,0.018005041411595247,4
2778.0,9139,10984,10,17,1845,443,401,44,0,6,0.003599712023038157,0.006119510439164867,0.15946724262059037,0.1443484521238301,0.0,0.017998560115190784,4
2779.0,9140,10984,10,18,1844,443,401,44,0,6,0.0035984166966534724,0.006477150053976251,0.15940985966174884,0.14429650953580425,0.0,0.017992083483267363,4
2780.0,9185,11278,10,18,2093,443,401,44,0,6,0.0035971223021582736,0.006474820143884892,0.1593525179856115,0.14424460431654676,0.0,0.017985611510791366,4
2781.0,9188,11278,10,18,2090,443,402,44,0,6,0.003595828838547285,0.006472491909385114,0.15929521754764472,0.14455231930960086,0.0,0.017979144192736426,4
2782.0,9191,11281,10,18,2090,443,403,44,0,6,0.0035945363048166786,0.006470165348670022,0.15923795830337886,0.14485981308411214,0.0,0.017972681524083392,4
2783.0,9194,11284,10,18,2090,443,403,44,0,6,0.0035932446999640674,0.0064678404599353215,0.1591807402084082,0.14480776140855192,0.0,0.017966223499820338,4
2784.0,9197,11284,10,18,2087,443,403,44,0,6,0.0035919540229885057,0.00646551724137931,0.1591235632183908,0.14475574712643677,0.0,0.017959770114942528,4
2785.0,9200,11284,10,18,2084,443,403,44,0,6,0.003590664272890485,0.006463195691202872,0.15906642728904846,0.14470377019748654,0.0,0.017953321364452424,4
2786.0,9203,11284,10,18,2081,443,403,44,0,6,0.003589375448671931,0.006460875807609476,0.15900933237616655,0.14465183058147882,0.0,0.017946877243359655,4
2787.0,9206,11284,10,18,2078,443,404,44,0,6,0.003588087549336204,0.006458557588805167,0.15895227843559384,0.14495873699318262,0.0,0.01794043774668102,4
2788.0,9209,11287,10,18,2078,444,404,44,0,6,0.003586800573888092,0.006456241032998565,0.15925394548063126,0.1449067431850789,0.0,0.017934002869440458,4
2789.0,9212,11295,10,18,2083,444,405,44,0,6,0.0035855145213338113,0.006453926138400861,0.15919684474722123,0.14521333811401937,0.0,0.017927572606669058,4
2790.0,9215,11298,10,18,2083,444,405,44,0,6,0.0035842293906810036,0.0064516129032258064,0.15913978494623657,0.14516129032258066,0.0,0.017921146953405017,4
2791.0,9218,11298,10,18,2080,444,406,44,0,6,0.0035829451809387316,0.006449301325689717,0.15908276603367968,0.14546757434611252,0.0,0.01791472590469366,4
2792.0,9221,11301,10,18,2080,444,407,44,0,6,0.0035816618911174787,0.0064469914040114614,0.15902578796561603,0.14577363896848136,0.0,0.01790830945558739,4
2793.0,9224,11304,10,18,2080,445,407,44,0,6,0.0035803795202291443,0.00644468313641246,0.15932688865019692,0.14572144647332616,0.0,0.01790189760114572,4
2794.0,9227,11312,10,18,2085,445,407,44,0,6,0.0035790980672870437,0.006442376521116679,0.15926986399427345,0.14566929133858267,0.0,0.01789549033643522,4
2795.0,9230,11312,10,18,2082,446,407,44,0,6,0.0035778175313059034,0.0064400715563506265,0.1595706618962433,0.14561717352415027,0.0,0.017889087656529516,4
2796.0,9233,11320,10,18,2087,446,407,44,0,6,0.00357653791130186,0.006437768240343348,0.15951359084406294,0.14556509298998568,0.0,0.0178826895565093,4
2797.0,9236,11320,10,18,2084,446,407,44,0,6,0.003575259206292456,0.006435466571326421,0.15945656060064356,0.14551304969610296,0.0,0.01787629603146228,4
2798.0,9239,11320,10,18,2081,446,408,44,0,6,0.0035739814152966403,0.006433166547533953,0.15939957112223016,0.14581844174410294,0.0,0.017869907076483203,4
2799.0,9242,11323,10,18,2081,446,409,44,0,6,0.0035727045373347625,0.006430868167202572,0.15934262236513042,0.14612361557699177,0.0,0.01786352268667381,4
2800.0,9245,11326,10,18,2081,446,409,44,0,6,0.0035714285714285713,0.0064285714285714285,0.15928571428571428,0.14607142857142857,0.0,0.017857142857142856,4
2801.0,9248,11326,10,18,2078,446,410,44,0,6,0.003570153516601214,0.006426276329882185,0.15922884684041413,0.14637629418064976,0.0,0.01785076758300607,4
2802.0,9251,11329,10,18,2078,446,410,44,0,6,0.0035688793718772305,0.006423982869379015,0.15917201998572447,0.14632405424696646,0.0,0.017844396859386154,4
2803.0,9254,11329,10,18,2075,446,410,44,0,6,0.0035676061362825543,0.006421691045308598,0.15911523367820193,0.14627185158758474,0.0,0.01783803068141277,4
2804.0,9257,11329,10,18,2072,446,410,44,0,6,0.003566333808844508,0.006419400855920114,0.15905848787446505,0.14621968616262482,0.0,0.01783166904422254,4
2805.0,9260,11329,10,18,2069,446,410,44,0,6,0.0035650623885918,0.006417112299465241,0.1590017825311943,0.14616755793226383,0.0,0.017825311942959002,4
2806.0,9263,11329,10,18,2066,446,410,44,0,6,0.003563791874554526,0.006414825374198147,0.15894511760513186,0.14611546685673557,0.0,0.01781895937277263,4
2807.0,9266,11329,10,18,2063,446,411,44,0,6,0.003562522265764161,0.00641254007837549,0.1588884930530816,0.14641966512290702,0.0,0.017812611328820806,4
2808.0,9269,11332,10,18,2063,446,412,44,0,6,0.0035612535612535613,0.00641025641025641,0.15883190883190884,0.1467236467236467,0.0,0.017806267806267807,4
2809.0,9272,11335,10,18,2063,446,412,44,0,6,0.00355998576005696,0.006407974368102528,0.1587753648985404,0.14667141331434674,0.0,0.0177999288002848,4
2810.0,9275,11335,10,18,2060,446,413,44,0,6,0.0035587188612099642,0.006405693950177936,0.15871886120996442,0.14697508896797154,0.0,0.017793594306049824,4
2811.0,9278,11338,10,18,2060,447,413,44,0,6,0.0035574528637495554,0.0064034151547491995,0.15901814300960512,0.14692280327285664,0.0,0.017787264318747775,4
2812.0,9281,11346,10,18,2065,447,413,44,0,6,0.0035561877667140826,0.006401137980085348,0.1589615931721195,0.1468705547652916,0.0,0.017780938833570414,4
2813.0,9284,11346,10,18,2062,447,413,44,0,6,0.0035549235691432635,0.006398862424457874,0.15890508354070387,0.14681834340561678,0.0,0.017774617845716316,4
2814.0,9287,11346,10,18,2059,448,413,44,0,6,0.0035536602700781805,0.006396588486140725,0.15920398009950248,0.14676616915422885,0.0,0.017768301350390904,4
2815.0,9290,11354,10,18,2064,448,413,44,0,6,0.003552397868561279,0.006394316163410302,0.1591474245115453,0.1467140319715808,0.0,0.017761989342806393,4
2816.0,9293,11354,10,18,2061,448,413,44,0,6,0.0035511363636363635,0.006392045454545455,0.1590909090909091,0.14666193181818182,0.0,0.01775568181818182,4
2817.0,9296,11354,10,18,2058,448,413,44,0,6,0.003549875754348598,0.006389776357827476,0.1590344337948172,0.14660986865459708,0.0,0.01774937877174299,4
2818.0,9299,11354,10,18,2055,449,413,44,0,6,0.0035486160397444995,0.0063875088715401,0.15933286018452802,0.14655784244144784,0.0,0.017743080198722498,4
2819.0,9302,11362,10,18,2060,449,413,44,0,6,0.0035473572188719402,0.006385242993969493,0.15927633912735012,0.14650585313941114,0.0,0.0177367860943597,4
2820.0,9305,11362,10,18,2057,449,413,44,0,6,0.0035460992907801418,0.006382978723404255,0.15921985815602838,0.14645390070921985,0.0,0.01773049645390071,4
2821.0,9308,11362,10,18,2054,449,413,44,0,6,0.003544842254519674,0.006380716058135413,0.15916341722793337,0.14640198511166252,0.0,0.01772421127259837,4
2822.0,9311,11362,10,18,2051,449,413,44,0,6,0.003543586109142452,0.0063784549964564135,0.1591070163004961,0.14635010630758327,0.0,0.01771793054571226,4
2823.0,9314,11362,10,18,2048,450,413,44,0,6,0.003542330853701736,0.006376195536663124,0.1594048884165781,0.1462982642578817,0.0,0.017711654268508677,4
2824.0,9317,11370,10,18,2053,450,413,44,0,6,0.0035410764872521247,0.006373937677053824,0.15934844192634562,0.14624645892351273,0.0,0.017705382436260624,4
2825.0,9320,11370,10,18,2050,450,413,44,0,6,0.0035398230088495575,0.006371681415929204,0.1592920353982301,0.14619469026548673,0.0,0.017699115044247787,4
2826.0,9323,11370,10,18,2047,450,413,44,0,6,0.003538570417551309,0.006369426751592357,0.1592356687898089,0.1461429582448691,0.0,0.017692852087756547,4
2827.0,9326,11370,10,18,2044,450,414,44,0,6,0.003537318712415989,0.006367173682348779,0.1591793420587195,0.14644499469402192,0.0,0.017686593562079942,4
2828.0,9329,11373,10,18,2044,450,414,44,0,6,0.003536067892503536,0.006364922206506365,0.15912305516265912,0.1463932107496464,0.0,0.01768033946251768,4
2829.0,9332,11373,10,18,2041,450,414,44,0,6,0.003534817956875221,0.006362672322375398,0.15906680805938495,0.14634146341463414,0.0,0.017674089784376106,4
2830.0,9335,11373,10,18,2038,450,414,44,0,6,0.0035335689045936395,0.0063604240282685515,0.15901060070671377,0.14628975265017669,0.0,0.0176678445229682,4
2831.0,9338,11373,10,18,2035,450,414,44,0,6,0.0035323207347227126,0.006358177322500883,0.15895443306252208,0.14623807841752032,0.0,0.017661603673613566,4
2832.0,9341,11373,10,18,2032,450,414,44,0,6,0.0035310734463276836,0.006355932203389831,0.15889830508474576,0.1461864406779661,0.0,0.01765536723163842,4
2833.0,9344,11373,10,18,2029,450,414,44,0,6,0.0035298270384751147,0.0063536886692552065,0.15884221673138016,0.14613483939286975,0.0,0.017649135192375574,4
2834.0,9347,11373,10,18,2026,450,414,44,0,6,0.0035285815102328866,0.006351446718419196,0.1587861679604799,0.1460832745236415,0.0,0.017642907551164433,4
2835.0,9350,11373,10,18,2023,450,414,44,0,6,0.003527336860670194,0.006349206349206349,0.15873015873015872,0.14603174603174604,0.0,0.01763668430335097,4
2836.0,9353,11373,10,18,2020,450,414,44,0,6,0.003526093088857546,0.006346967559943582,0.15867418899858957,0.1459802538787024,0.0,0.01763046544428773,4
2837.0,9356,11373,10,18,2017,450,414,44,0,6,0.0035248501938667607,0.00634473034896017,0.15861825872400423,0.14592879802608388,0.0,0.017624250969333802,4
2838.0,9359,11373,10,18,2014,450,414,44,0,6,0.0035236081747709656,0.006342494714587738,0.15856236786469344,0.14587737843551796,0.0,0.017618040873854827,4
2839.0,9362,11373,10,18,2011,451,414,44,0,6,0.003522367030644593,0.0063402606551602675,0.15885875308207115,0.14582599506868615,0.0,0.017611835153222965,4
2840.0,9365,11381,10,18,2016,451,415,44,0,6,0.0035211267605633804,0.006338028169014085,0.15880281690140846,0.14612676056338028,0.0,0.017605633802816902,4
2841.0,9368,11384,10,18,2016,451,416,44,0,6,0.0035198873636043647,0.006335797254487857,0.15874692009855684,0.14642731432594158,0.0,0.017599436818021823,4
2842.0,9371,11387,10,18,2016,451,416,44,0,6,0.003518648838845883,0.0063335679099225895,0.15869106263194932,0.14637579169598874,0.0,0.017593244194229415,4
2843.0,9374,11387,10,18,2013,451,416,44,0,6,0.0035174111853675696,0.006331340133661625,0.15863524446007737,0.1463243053112909,0.0,0.017587055926837847,4
2844.0,9377,11387,10,18,2010,451,417,44,0,6,0.0035161744022503515,0.006329113924050633,0.15857946554149085,0.14662447257383968,0.0,0.017580872011251757,4
2845.0,9380,11390,10,18,2010,451,417,44,0,6,0.0035149384885764497,0.00632688927943761,0.1585237258347979,0.14657293497363796,0.0,0.01757469244288225,4
2846.0,9383,11390,10,18,2007,451,417,44,0,6,0.0035137034434293743,0.006324666198172874,0.1584680252986648,0.14652143359100492,0.0,0.017568517217146872,4
2847.0,9386,11390,10,18,2004,451,418,44,0,6,0.0035124692658939235,0.006322444678609062,0.15841236389181595,0.146821215314366,0.0,0.017562346329469618,4
2848.0,9389,11393,10,18,2004,451,419,44,0,6,0.0035112359550561797,0.006320224719101123,0.1583567415730337,0.14712078651685392,0.0,0.0175561797752809,4
2849.0,9392,11396,10,18,2004,451,419,44,0,6,0.00351000351000351,0.006318006318006318,0.1583011583011583,0.14706914706914706,0.0,0.01755001755001755,4
2850.0,9395,11396,10,18,2001,451,419,44,0,6,0.0035087719298245615,0.00631578947368421,0.15824561403508772,0.14701754385964913,0.0,0.017543859649122806,4
2851.0,9398,11396,10,18,1998,451,419,44,0,6,0.00350754121360926,0.006313574184496668,0.15819010873377762,0.146965976850228,0.0,0.017537706068046298,4
2852.0,9401,11396,10,18,1995,451,419,44,0,6,0.0035063113604488078,0.006311360448807854,0.15813464235624122,0.14691444600280504,0.0,0.01753155680224404,4
2853.0,9404,11396,10,18,1992,451,419,44,0,7,0.0035050823694356818,0.006309148264984227,0.15807921486154924,0.14686295127935506,0.0,0.017875920084121977,4
2854.0,9405,11397,10,18,1992,451,419,44,0,8,0.00350385423966363,0.006306937631394534,0.1580238262088297,0.1468114926419061,0.0,0.018220042046250877,4
2855.0,9406,11398,10,18,1992,451,419,44,0,8,0.0035026269702276708,0.006304728546409807,0.15796847635726796,0.1467600700525394,0.0,0.018213660245183887,4
2856.0,9407,11398,11,18,1991,451,419,44,0,8,0.003851540616246499,0.0063025210084033615,0.15791316526610644,0.14670868347338936,0.0,0.018207282913165267,4
2857.0,9426,11510,11,18,2084,451,419,44,0,8,0.0038501925096254812,0.006300315015750788,0.15785789289464472,0.14665733286664334,0.0,0.018200910045502276,4
2858.0,9429,11510,11,18,2081,451,419,44,0,8,0.003848845346396081,0.006298110566829951,0.15780265920223932,0.14660601819454164,0.0,0.01819454163750875,4
2859.0,9432,11510,11,18,2078,451,419,44,0,8,0.0038474991255683807,0.0062959076600209865,0.1577474641483036,0.1465547394193774,0.0,0.01818817768450507,4
2860.0,9435,11510,11,18,2075,451,420,44,0,8,0.0038461538461538464,0.006293706293706294,0.1576923076923077,0.14685314685314685,0.0,0.01818181818181818,4
2861.0,9438,11513,11,18,2075,451,420,44,0,8,0.003844809507165327,0.006291506466270535,0.1576371897937784,0.14680181754631247,0.0,0.018175463124781546,4
2862.0,9441,11513,11,18,2072,451,420,44,0,8,0.003843466107617051,0.006289308176100629,0.15758211041229908,0.14675052410901468,0.0,0.01816911250873515,4
2863.0,9444,11513,11,18,2069,451,420,44,0,8,0.0038421236465246244,0.0062871114215857496,0.1575270695075096,0.1466992665036675,0.0,0.018162766329025498,4
2864.0,9447,11513,11,18,2066,451,420,44,0,8,0.003840782122905028,0.006284916201117319,0.15747206703910616,0.14664804469273743,0.0,0.018156424581005588,4
2865.0,9450,11513,11,18,2063,451,420,44,0,8,0.0038394415357766143,0.0062827225130890054,0.1574171029668412,0.14659685863874344,0.0,0.018150087260034906,4
2866.0,9453,11513,11,18,2060,451,420,44,0,8,0.0038381018841591066,0.00628053035589672,0.15736217725052337,0.1465457083042568,0.0,0.018143754361479414,4
2867.0,9456,11513,11,18,2057,451,420,44,0,8,0.0038367631670735963,0.006278339727938612,0.15730728985001743,0.14649459365190093,0.0,0.018137425880711544,4
2868.0,9459,11513,11,18,2054,451,420,44,0,8,0.0038354253835425384,0.006276150627615063,0.15725244072524408,0.14644351464435146,0.0,0.01813110181311018,4
2869.0,9462,11513,11,18,2051,451,420,44,0,8,0.0038340885325897525,0.006273963053328686,0.15719762983617985,0.146392471244336,0.0,0.01812478215406065,4
2870.0,9465,11513,11,18,2048,451,421,44,0,8,0.003832752613240418,0.0062717770034843206,0.15714285714285714,0.14668989547038327,0.0,0.018118466898954706,4
2871.0,9468,11516,11,18,2048,451,421,44,0,8,0.0038314176245210726,0.006269592476489028,0.15708812260536398,0.1466388018112156,0.0,0.018112156043190525,4
2872.0,9471,11516,11,18,2045,451,421,44,0,8,0.00383008356545961,0.006267409470752089,0.157033426183844,0.14658774373259054,0.0,0.018105849582172703,4
2873.0,9474,11516,11,18,2042,451,422,44,0,8,0.0038287504350852765,0.006265227984684998,0.15697876783849635,0.14688478941872607,0.0,0.01809954751131222,4
2874.0,9477,11519,11,18,2042,451,422,44,0,8,0.003827418232428671,0.006263048016701462,0.1569241475295755,0.14683368128044538,0.0,0.018093249826026444,4
2875.0,9480,11519,11,18,2039,452,422,44,0,8,0.0038260869565217392,0.006260869565217392,0.15721739130434784,0.14678260869565218,0.0,0.01808695652173913,4
2876.0,9483,11527,11,18,2044,453,422,44,0,8,0.0038247566063977748,0.006258692628650904,0.1575104311543811,0.14673157162726008,0.0,0.01808066759388039,4
2877.0,9486,11535,11,18,2049,453,422,44,0,8,0.0038234271810914148,0.006256517205422315,0.15745568300312826,0.14668057003823426,0.0,0.018074383037886686,4
2878.0,9489,11535,11,18,2046,453,422,44,0,8,0.003822098679638638,0.006254343293954135,0.15740097289784571,0.14662960389159138,0.0,0.018068102849200834,4
2879.0,9492,11535,11,18,2043,453,422,44,0,8,0.0038207711010767626,0.006252170892671066,0.1573463007988885,0.14657867315039944,0.0,0.01806182702327197,4
2880.0,9495,11535,11,18,2040,454,422,44,0,8,0.0038194444444444443,0.00625,0.15763888888888888,0.14652777777777778,0.0,0.018055555555555554,4
2881.0,9498,11543,11,18,2045,455,422,44,0,8,0.0038181187087816732,0.006247830614370011,0.15793127386324193,0.14647691773689692,0.0,0.018049288441513364,4
2882.0,9501,11551,11,18,2050,455,422,44,0,8,0.003816793893129771,0.006245662734212352,0.1578764746703678,0.14642609299097847,0.0,0.018043025676613464,4
2883.0,9504,11551,11,18,2047,455,423,44,0,8,0.003815469996531391,0.006243496357960458,0.15782171349288934,0.14672216441207075,0.0,0.018036767256330213,4
2884.0,9507,11554,11,18,2047,455,423,44,0,8,0.0038141470180305132,0.0062413314840499305,0.15776699029126215,0.14667128987517336,0.0,0.018030513176144243,4
2885.0,9510,11554,11,18,2044,455,423,44,0,8,0.0038128249566724438,0.006239168110918544,0.15771230502599654,0.1466204506065858,0.0,0.01802426343154246,4
2886.0,9513,11554,11,18,2041,455,423,44,0,8,0.0038115038115038116,0.006237006237006237,0.15765765765765766,0.14656964656964658,0.0,0.018018018018018018,4
2887.0,9516,11554,11,18,2038,456,423,44,0,8,0.0038101835815725666,0.006234845860755109,0.15794942847246277,0.14651887772774505,0.0,0.018011776931070315,4
2888.0,9519,11562,11,18,2043,457,423,44,0,8,0.003808864265927978,0.006232686980609419,0.15824099722991689,0.14646814404432132,0.0,0.018005540166204988,4
2889.0,9522,11570,11,18,2048,458,423,44,0,8,0.00380754586362063,0.006230529595015576,0.1585323641398408,0.14641744548286603,0.0,0.017999307718933887,4
2890.0,9525,11578,11,18,2053,458,423,44,0,8,0.0038062283737024223,0.006228373702422145,0.15847750865051904,0.1463667820069204,0.0,0.017993079584775088,4
2891.0,9528,11578,11,18,2050,458,423,44,0,8,0.0038049117952265654,0.006226219301279834,0.15842269111034243,0.1463161535800761,0.0,0.017986855759252855,4
2892.0,9531,11578,11,18,2047,458,423,45,0,8,0.0038035961272475795,0.006224066390041493,0.15836791147994467,0.1462655601659751,0.0,0.018326417704011066,4
2893.0,9534,11580,11,18,2046,458,423,45,0,8,0.0038022813688212928,0.006221914967162115,0.15831316972001383,0.1462150017283097,0.0,0.018320082958866227,4
2894.0,9537,11580,11,18,2043,458,423,45,0,8,0.0038009675190048375,0.006219765031098825,0.15825846579129232,0.1461644782308224,0.0,0.018313752591568762,4
2895.0,9540,11580,11,18,2040,458,423,45,0,8,0.0037996545768566492,0.0062176165803108805,0.15820379965457684,0.1461139896373057,0.0,0.018307426597582038,4
2896.0,9543,11580,11,18,2037,458,423,45,0,8,0.003798342541436464,0.006215469613259668,0.15814917127071823,0.1460635359116022,0.0,0.01830110497237569,4
2897.0,9546,11580,11,18,2034,458,423,45,0,8,0.0037970314118053157,0.006213324128408699,0.15809458060062134,0.14601311701760442,0.0,0.018294787711425613,4
2898.0,9549,11580,11,18,2031,458,423,45,0,8,0.003795721187025535,0.006211180124223602,0.158040027605245,0.14596273291925466,0.0,0.01828847481021394,4
2899.0,9552,11580,11,18,2028,458,423,45,0,8,0.0037944118661607453,0.006209037599172128,0.15798551224560192,0.145912383580545,0.0,0.018282166264229044,4
2900.0,9555,11580,11,18,2025,458,424,45,0,8,0.003793103448275862,0.006206896551724138,0.1579310344827586,0.14620689655172414,0.0,0.018275862068965518,4
2901.0,9558,11583,11,18,2025,458,424,45,0,8,0.003791795932437091,0.0062047569803516025,0.15787659427783524,0.14615649775939332,0.0,0.018269562219924165,4
2902.0,9561,11583,11,18,2022,459,424,45,0,8,0.003790489317711923,0.006202618883528601,0.15816678152997932,0.14610613370089592,0.0,0.01826326671261199,4
2903.0,9564,11591,11,18,2027,460,424,45,0,8,0.0037891836031691355,0.006200482259731312,0.1584567688598002,0.14605580434033757,0.0,0.018256975542542197,4
2904.0,9567,11599,11,18,2032,461,424,45,0,8,0.003787878787878788,0.006198347107438017,0.1587465564738292,0.14600550964187328,0.0,0.01825068870523416,4
2905.0,9570,11607,11,18,2037,461,424,45,0,8,0.0037865748709122204,0.006196213425129088,0.15869191049913942,0.1459552495697074,0.0,0.018244406196213425,4
2906.0,9573,11607,11,18,2034,461,424,45,0,8,0.003785271851342051,0.006194081211286993,0.15863730213351687,0.1459050240880936,0.0,0.0182381280110117,4
2907.0,9576,11607,11,18,2031,461,424,45,0,8,0.003783969728242174,0.006191950464396285,0.1585827313381493,0.1458548331613347,0.0,0.01823185414516684,4
2908.0,9579,11607,11,18,2028,461,424,45,0,8,0.003782668500687758,0.006189821182943604,0.15852819807427784,0.14580467675378267,0.0,0.018225584594222834,4
2909.0,9582,11607,11,18,2025,461,424,45,0,8,0.0037813681677552422,0.006187693365417669,0.15847370230319696,0.14575455482983843,0.0,0.018219319353729804,4
2910.0,9585,11607,11,18,2022,461,424,45,0,8,0.003780068728522337,0.006185567010309278,0.1584192439862543,0.1457044673539519,0.0,0.018213058419243987,4
2911.0,9588,11607,11,18,2019,462,424,45,0,8,0.0037787701820680177,0.006183442116111302,0.15870834764685676,0.1456544142906218,0.0,0.018206801786327723,4
2912.0,9591,11615,11,18,2024,462,424,45,0,8,0.0037774725274725275,0.006181318681318681,0.15865384615384615,0.14560439560439561,0.0,0.018200549450549452,4
2913.0,9594,11615,11,18,2021,462,424,45,0,8,0.0037761757638173706,0.006179196704428424,0.15859938208032956,0.14555441125986954,0.0,0.018194301407483692,4
2914.0,9597,11615,11,18,2018,463,424,45,0,8,0.0037748798901853123,0.0061770761839396015,0.15888812628689086,0.1455044612216884,0.0,0.01818805765271105,4
2915.0,9600,11623,11,18,2023,463,424,45,0,8,0.0037735849056603774,0.0061749571183533445,0.1588336192109777,0.14545454545454545,0.0,0.01818181818181818,4
2916.0,9603,11623,11,18,2020,463,424,45,0,8,0.0037722908093278463,0.006172839506172839,0.15877914951989025,0.14540466392318244,0.0,0.018175582990397805,4
2917.0,9606,11623,11,18,2017,464,424,45,0,8,0.0037709976002742542,0.0061707233459033254,0.15906753513884128,0.14535481659238944,0.0,0.01816935207404868,4
2918.0,9609,11631,11,18,2022,464,424,45,0,8,0.0037697052775873888,0.00616860863605209,0.15901302261823166,0.1453050034270048,0.0,0.0181631254283756,4
2919.0,9612,11631,11,18,2019,464,424,45,0,8,0.0037684138403562863,0.006166495375128468,0.1589585474477561,0.14525522439191504,0.0,0.01815690304898938,4
2920.0,9615,11631,11,18,2016,464,424,45,0,8,0.003767123287671233,0.0061643835616438354,0.1589041095890411,0.14520547945205478,0.0,0.018150684931506848,4
2921.0,9618,11631,11,18,2013,464,424,45,0,8,0.003765833618623759,0.0061622731941116055,0.15884970900376583,0.14515576857240672,0.0,0.01814447107155084,4
2922.0,9621,11631,11,18,2010,464,424,45,0,8,0.0037645448323066393,0.006160164271047228,0.15879534565366188,0.14510609171800137,0.0,0.01813826146475017,4
2923.0,9624,11631,11,18,2007,464,424,46,0,8,0.00376325692781389,0.006158056790968184,0.15874101950051317,0.14505644885391722,0.0,0.01847417037290455,4
2924.0,9627,11633,11,18,2006,464,424,46,0,8,0.003761969904240766,0.006155950752393981,0.15868673050615595,0.14500683994528044,0.0,0.018467852257181942,4
2925.0,9630,11633,11,18,2003,464,425,46,0,8,0.0037606837606837607,0.006153846153846154,0.15863247863247865,0.1452991452991453,0.0,0.018461538461538463,4
2926.0,9633,11636,11,18,2003,464,425,46,0,8,0.0037593984962406013,0.006151742993848257,0.15857826384142173,0.14524948735475052,0.0,0.01845522898154477,4
2927.0,9636,11636,11,18,2000,464,425,46,0,8,0.0037581141100102495,0.0061496412709258624,0.15852408609497778,0.14519986334130508,0.0,0.018448923812777587,4
2928.0,9639,11636,11,18,1997,464,425,46,0,8,0.003756830601092896,0.006147540983606557,0.15846994535519127,0.14515027322404372,0.0,0.018442622950819672,4
2929.0,9642,11636,11,18,1994,465,425,46,0,8,0.0037555479685899623,0.006145442130419939,0.15875725503584842,0.14510071696824856,0.0,0.018436326391259816,4
2930.0,9645,11644,11,18,1999,465,425,46,0,8,0.0037542662116040954,0.0061433447098976105,0.15870307167235495,0.14505119453924914,0.0,0.018430034129692834,4
2931.0,9648,11644,11,18,1996,465,426,46,0,8,0.0037529853292391675,0.006141248720573183,0.1586489252814739,0.14534288638689866,0.0,0.01842374616171955,4
2932.0,9651,11647,11,18,1996,465,426,46,0,8,0.003751705320600273,0.006139154160982265,0.15859481582537516,0.14529331514324692,0.0,0.018417462482946793,4
2933.0,9654,11647,11,18,1993,465,426,46,0,8,0.0037504261847937266,0.006137061029662462,0.15854074326628026,0.1452437777020116,0.0,0.018411183088987385,4
2934.0,9657,11647,11,18,1990,465,426,46,0,8,0.003749147920927062,0.006134969325153374,0.15848670756646216,0.14519427402862986,0.0,0.018404907975460124,4
2935.0,9660,11647,11,18,1987,465,426,46,0,8,0.003747870528109029,0.006132879045996593,0.15843270868824533,0.14514480408858604,0.0,0.018398637137989778,4
2936.0,9663,11647,11,18,1984,466,426,46,0,8,0.003746594005449591,0.006130790190735695,0.15871934604904633,0.14509536784741145,0.0,0.018392370572207085,4
2937.0,9666,11655,11,18,1989,466,426,46,0,8,0.003745318352059925,0.006128702757916241,0.15866530473272047,0.14504596527068436,0.0,0.018386108273748723,4
2938.0,9669,11655,11,18,1986,466,426,46,0,8,0.0037440435670524166,0.006126616746085773,0.15861130020422057,0.14499659632402995,0.0,0.018379850238257316,4
2939.0,9672,11655,11,18,1983,467,426,46,0,8,0.00374276964954066,0.006124532153793808,0.15889758421231712,0.1449472609731201,0.0,0.01837359646138142,4
2940.0,9675,11663,11,18,1988,467,426,46,0,8,0.0037414965986394557,0.006122448979591836,0.15884353741496599,0.14489795918367346,0.0,0.018367346938775512,4
2941.0,9678,11663,11,18,1985,467,426,46,0,8,0.003740224413464808,0.006120367222033322,0.1587895273716423,0.14484869092145528,0.0,0.018361101666099965,4
2942.0,9681,11663,11,18,1982,467,426,46,0,8,0.0037389530931339226,0.006118286879673691,0.15873555404486744,0.14479945615227735,0.0,0.018354860639021073,4
2943.0,9684,11663,11,18,1979,467,426,46,0,8,0.0037376826367652057,0.0061162079510703364,0.15868161739721373,0.14475025484199797,0.0,0.01834862385321101,4
2944.0,9687,11663,11,18,1976,467,426,46,0,8,0.003736413043478261,0.006114130434782609,0.15862771739130435,0.14470108695652173,0.0,0.018342391304347828,4
2945.0,9690,11663,11,18,1973,467,427,46,0,8,0.003735144312393888,0.006112054329371817,0.15857385398981325,0.14499151103565366,0.0,0.01833616298811545,4
2946.0,9693,11666,11,18,1973,468,427,46,0,8,0.00373387644263408,0.006109979633401222,0.15885947046843177,0.14494229463679564,0.0,0.018329938900203666,4
2947.0,9696,11674,11,18,1978,468,427,46,0,8,0.0037326094333220224,0.006107906345436036,0.15880556498133697,0.14489311163895488,0.0,0.01832371903630811,4
2948.0,9699,11674,11,18,1975,469,427,46,0,8,0.0037313432835820895,0.006105834464043419,0.1590909090909091,0.14484396200814112,0.0,0.018317503392130258,4
2949.0,9702,11682,11,18,1980,469,427,46,0,8,0.003730077992539844,0.006103763987792472,0.15903696168192608,0.14479484571041032,0.0,0.018311291963377416,4
2950.0,9705,11682,11,18,1977,469,427,46,0,8,0.003728813559322034,0.006101694915254237,0.15898305084745762,0.1447457627118644,0.0,0.01830508474576271,4
2951.0,9708,11682,11,18,1974,470,427,46,0,8,0.003727549983056591,0.006099627245001694,0.1592680447305998,0.1446967129786513,0.0,0.018298881735005084,4
2952.0,9711,11690,11,18,1979,471,427,46,0,8,0.0037262872628726286,0.006097560975609756,0.15955284552845528,0.14464769647696477,0.0,0.018292682926829267,4
2953.0,9714,11698,11,18,1984,471,427,46,0,8,0.0037250253979004403,0.0060954961056552655,0.1594988147646461,0.14459871317304437,0.0,0.018286488316965797,4
2954.0,9717,11698,11,18,1981,471,428,46,0,8,0.003723764387271496,0.006093432633716994,0.15944482058226134,0.14488828706838186,0.0,0.01828029790115098,4
2955.0,9720,11701,11,18,1981,471,428,46,0,8,0.003722504230118443,0.006091370558375634,0.15939086294416244,0.14483925549915397,0.0,0.018274111675126905,4
2956.0,9723,11701,11,18,1978,471,428,46,0,8,0.0037212449255751017,0.006089309878213802,0.15933694181326116,0.14479025710419485,0.0,0.018267929634641408,4
2957.0,9726,11701,11,18,1975,471,428,46,0,8,0.0037199864727764627,0.00608725059181603,0.15928305715251945,0.14474129184984783,0.0,0.01826175177544809,4
2958.0,9729,11701,11,18,1972,471,428,46,0,8,0.0037187288708586883,0.006085192697768763,0.1592292089249493,0.1446923597025017,0.0,0.018255578093306288,4
2959.0,9732,11701,11,18,1969,471,428,46,0,8,0.0037174721189591076,0.006083136194660358,0.1591753970936127,0.14464346062859074,0.0,0.018249408583981074,4
2960.0,9735,11701,11,18,1966,471,428,46,0,8,0.0037162162162162164,0.006081081081081081,0.15912162162162163,0.1445945945945946,0.0,0.018243243243243244,4
2961.0,9738,11701,11,18,1963,471,428,46,0,8,0.0037149611617696724,0.0060790273556231,0.1590678824721378,0.14454576156703816,0.0,0.0182370820668693,4
2962.0,9741,11701,11,18,1960,471,429,46,0,8,0.003713706954760297,0.006076975016880486,0.15901417960837272,0.14483457123565158,0.0,0.01823092505064146,4
2963.0,9744,11704,11,18,1960,472,429,46,0,8,0.003712453594330071,0.006074924063449207,0.1592980087748903,0.14478569017887277,0.0,0.01822477219034762,4
2964.0,9747,11712,11,18,1965,472,429,46,0,8,0.003711201079622132,0.006072874493927126,0.1592442645074224,0.14473684210526316,0.0,0.018218623481781375,4
2965.0,9750,11712,11,18,1962,472,429,47,0,8,0.003709949409780776,0.0060708263069139965,0.15919055649241146,0.14468802698145025,0.0,0.01854974704890388,4
2966.0,9753,11714,11,18,1961,472,430,47,0,8,0.0037086985839514496,0.006068779501011463,0.15913688469318948,0.1449763991908294,0.0,0.018543492919757248,4
2967.0,9756,11717,11,18,1961,472,430,47,0,8,0.003707448601280755,0.006066734074823054,0.15908324907313784,0.14492753623188406,0.0,0.018537243006403775,4
2968.0,9759,11717,11,18,1958,472,430,47,0,8,0.003706199460916442,0.006064690026954178,0.15902964959568733,0.14487870619946092,0.0,0.01853099730458221,4
2969.0,9762,11717,11,18,1955,472,430,48,0,8,0.00370495116200741,0.006062647356012125,0.15897608622431794,0.14482990906028967,0.0,0.018861569552037723,4
2970.0,9765,11719,11,18,1954,472,430,48,0,8,0.003703703703703704,0.006060606060606061,0.1589225589225589,0.1447811447811448,0.0,0.018855218855218854,4
2971.0,9768,11719,11,18,1951,472,431,48,0,8,0.003702457085156513,0.006058566139347021,0.15886906765398856,0.145069000336587,0.0,0.018848872433524066,4
2972.0,9771,11722,11,18,1951,472,431,48,0,8,0.0037012113055181696,0.006056527590847914,0.15881561238223418,0.14502018842530282,0.0,0.018842530282637954,4
2973.0,9774,11722,11,18,1948,472,431,48,0,8,0.003699966363942146,0.006054490413723511,0.15876219307097209,0.1449714093508241,0.0,0.018836192398250923,4
2974.0,9777,11722,11,18,1945,472,432,48,0,8,0.003698722259583053,0.00605245460659045,0.15870880968392737,0.1452589105581708,0.0,0.01882985877605918,4
2975.0,9780,11725,11,18,1945,473,432,48,0,8,0.0036974789915966387,0.006050420168067227,0.15899159663865547,0.14521008403361343,0.0,0.018823529411764704,4
2976.0,9783,11733,11,18,1950,474,432,48,0,8,0.003696236559139785,0.006048387096774193,0.1592741935483871,0.14516129032258066,0.0,0.01881720430107527,4
2977.0,9786,11741,11,18,1955,474,432,48,0,8,0.003694994961370507,0.006046355391333557,0.15922069197178368,0.14511252939200536,0.0,0.018810883439704402,4
2978.0,9789,11741,11,18,1952,474,432,48,0,8,0.0036937541974479517,0.006044325050369375,0.15916722632639355,0.145063801208865,0.0,0.01880456682337139,4
2979.0,9792,11741,11,18,1949,474,432,48,0,8,0.0036925142665323934,0.006042296072507553,0.15911379657603222,0.14501510574018128,0.0,0.018798254447801276,4
2980.0,9795,11741,11,18,1946,474,433,48,0,8,0.003691275167785235,0.006040268456375839,0.15906040268456376,0.1453020134228188,0.0,0.01879194630872483,4
2981.0,9798,11744,11,18,1946,474,433,48,0,8,0.0036900369003690036,0.0060382422006038244,0.1590070446159007,0.14525327071452532,0.0,0.018785642401878563,4
2982.0,9801,11744,11,18,1943,474,433,48,0,8,0.003688799463447351,0.006036217303822937,0.158953722334004,0.14520456069751844,0.0,0.018779342723004695,4
2983.0,9804,11744,11,18,1940,474,433,48,0,8,0.0036875628561850488,0.006034193764666443,0.15890043580288302,0.14515588333892054,0.0,0.018773047267851155,4
2984.0,9807,11744,11,18,1937,475,433,48,0,8,0.003686327077747989,0.006032171581769437,0.1591823056300268,0.14510723860589814,0.0,0.01876675603217158,4
2985.0,9810,11752,11,18,1942,476,433,48,0,8,0.0036850921273031824,0.006030150753768844,0.159463986599665,0.14505862646566164,0.0,0.018760469011725293,4
2986.0,9813,11760,11,18,1947,477,433,48,0,8,0.003683858004018754,0.006028131279303416,0.15974547890154053,0.1450100468854655,0.0,0.018754186202277295,4
2987.0,9816,11768,11,18,1952,477,434,48,0,8,0.0036826247070639436,0.006026113157013726,0.15969199866086375,0.1452962838968865,0.0,0.018747907599598258,4
2988.0,9819,11771,11,18,1952,477,434,48,0,8,0.003681392235609103,0.006024096385542169,0.15963855421686746,0.14524765729585007,0.0,0.018741633199464525,4
2989.0,9822,11771,11,18,1949,477,434,48,0,8,0.0036801605888256944,0.006022080963532954,0.1595851455336233,0.1451990632318501,0.0,0.01873536299765808,4
2990.0,9825,11771,11,18,1946,477,434,48,0,8,0.0036789297658862876,0.006020066889632107,0.15953177257525084,0.1451505016722408,0.0,0.018729096989966554,4
2991.0,9828,11771,11,18,1943,477,434,48,0,8,0.0036776997659645604,0.006018054162487462,0.15947843530591777,0.14510197258441992,0.0,0.018722835172183216,4
2992.0,9831,11771,11,18,1940,477,434,48,0,8,0.003676470588235294,0.006016042780748663,0.15942513368983957,0.14505347593582887,0.0,0.01871657754010695,4
2993.0,9834,11771,11,18,1937,477,434,48,0,8,0.0036752422318743734,0.006014032743067156,0.15937186769127965,0.14500501169395255,0.0,0.018710324089542266,4
2994.0,9837,11771,11,18,1934,477,434,48,0,8,0.003674014696058784,0.006012024048096192,0.1593186372745491,0.1449565798263193,0.0,0.018704074816299265,4
2995.0,9840,11771,11,18,1931,477,435,48,0,8,0.003672787979966611,0.006010016694490818,0.15926544240400667,0.14524207011686144,0.0,0.018697829716193656,4
2996.0,9843,11774,11,18,1931,477,435,48,0,8,0.003671562082777036,0.006008010680907877,0.15921228304405874,0.1451935914552737,0.0,0.018691588785046728,4
2997.0,9846,11774,11,18,1928,477,435,48,0,8,0.003670337003670337,0.006006006006006006,0.15915915915915915,0.14514514514514515,0.0,0.01868535201868535,4
2998.0,9849,11774,11,18,1925,477,435,48,0,8,0.003669112741827885,0.00600400266844563,0.1591060707138092,0.14509673115410274,0.0,0.018679119412941963,4
2999.0,9852,11774,11,18,1922,477,435,48,0,8,0.003667889296432144,0.006002000666888963,0.15905301767255753,0.1450483494498166,0.0,0.018672890963654553,4
3000.0,9855,11774,11,18,1919,477,435,48,0,8,0.0036666666666666666,0.006,0.159,0.145,0.0,0.018666666666666668,4
3001.0,9858,11774,11,18,1916,477,435,48,0,8,0.0036654448517160947,0.005998000666444518,0.15894701766077973,0.1449516827724092,0.0,0.01866044651782739,4
3002.0,9861,11774,11,18,1913,478,435,48,0,8,0.0036642238507661557,0.005996002664890073,0.15922718187874751,0.14490339773484343,0.0,0.018654230512991338,4
3003.0,9864,11782,11,18,1918,478,435,48,0,8,0.003663003663003663,0.005994005994005994,0.15917415917415917,0.14485514485514486,0.0,0.018648018648018648,4
3004.0,9867,11782,11,18,1915,478,435,48,0,8,0.0036617842876165113,0.005992010652463382,0.15912117177097204,0.14480692410119841,0.0,0.018641810918774968,4
3005.0,9870,11782,11,18,1912,478,435,48,0,8,0.003660565723793677,0.005990016638935108,0.15906821963394344,0.1447587354409318,0.0,0.018635607321131446,4
3006.0,9873,11782,11,18,1909,478,435,48,0,8,0.003659347970725216,0.005988023952095809,0.1590153027278776,0.14471057884231536,0.0,0.018629407850964737,4
3007.0,9876,11782,11,18,1906,478,435,48,0,8,0.0036581310276022614,0.005986032590621883,0.15896242101762553,0.14466245427336216,0.0,0.018623212504156966,4
3008.0,9879,11782,11,18,1903,478,436,48,0,8,0.0036569148936170214,0.005984042553191489,0.1589095744680851,0.1449468085106383,0.0,0.018617021276595744,4
3009.0,9882,11785,11,18,1903,478,436,48,0,8,0.0036556995679627785,0.005982053838484547,0.15885676304420074,0.14489863742107012,0.0,0.018610834164174143,4
3010.0,9885,11785,11,18,1900,478,436,48,0,8,0.003654485049833887,0.005980066445182724,0.15880398671096346,0.14485049833887043,0.0,0.018604651162790697,4
3011.0,9888,11785,11,18,1897,478,436,48,0,8,0.0036532713384257723,0.005978080371969445,0.15875124543341082,0.14480239123214877,0.0,0.018598472268349386,4
3012.0,9891,11785,11,18,1894,478,436,49,0,8,0.0036520584329349268,0.00597609561752988,0.15869853917662682,0.14475431606905712,0.0,0.018924302788844622,4
3013.0,9894,11787,11,18,1893,478,436,49,0,8,0.0036508463325589115,0.005974112180550946,0.15864586790574178,0.14470627281778958,0.0,0.018918021905077995,4
3014.0,9897,11787,11,18,1890,478,436,49,0,8,0.0036496350364963502,0.005972130059721301,0.1585932315859323,0.14465826144658261,0.0,0.01891174518911745,4
3015.0,9900,11787,11,18,1887,478,436,49,0,8,0.003648424543946932,0.005970149253731343,0.15854063018242123,0.14461028192371475,0.0,0.01890547263681592,4
3016.0,9903,11787,11,18,1884,478,436,49,0,8,0.003647214854111406,0.005968169761273209,0.15848806366047746,0.14456233421750664,0.0,0.01889920424403183,4
3017.0,9906,11787,11,18,1881,478,436,49,0,8,0.003646005966191581,0.005966191581040769,0.158435531985416,0.14451441829632086,0.0,0.0188929400066291,4
3018.0,9909,11787,11,18,1878,478,436,49,0,8,0.003644797879390325,0.005964214711729622,0.15838303512259774,0.14446653412856197,0.0,0.018886679920477135,4
3019.0,9912,11787,11,18,1875,478,436,49,0,8,0.00364359059291156,0.0059622391520370984,0.15833057303742962,0.14441868168267638,0.0,0.01888042398145081,4
3020.0,9915,11787,11,18,1872,478,436,49,0,8,0.003642384105960265,0.005960264900662252,0.15827814569536425,0.14437086092715232,0.0,0.018874172185430464,4
3021.0,9918,11787,11,18,1869,478,437,49,0,8,0.003641178417742469,0.005958291956305859,0.15822575306190004,0.14465408805031446,0.0,0.018867924528301886,4
3022.0,9921,11790,11,18,1869,478,437,49,0,8,0.003639973527465255,0.005956320317670417,0.15817339510258108,0.14460622104566512,0.0,0.01886168100595632,4
3023.0,9924,11790,11,18,1866,478,437,49,0,8,0.0036387694343367515,0.005954349983460139,0.15812107178299703,0.14455838570956003,0.0,0.01885544161429044,4
3024.0,9927,11790,11,18,1863,478,438,49,0,8,0.0036375661375661374,0.005952380952380952,0.15806878306878308,0.14484126984126985,0.0,0.018849206349206348,4
3025.0,9930,11793,11,18,1863,478,439,49,0,8,0.0036363636363636364,0.0059504132231404955,0.15801652892561985,0.14512396694214877,0.0,0.01884297520661157,4
3026.0,9933,11796,11,18,1863,479,439,49,0,8,0.0036351619299405157,0.005948446794448116,0.15829477858559154,0.14507600793126238,0.0,0.018836748182419035,4
3027.0,9936,11804,11,18,1868,479,439,49,0,8,0.003633961017509085,0.005946481665014866,0.15824248430789561,0.14502808060786257,0.0,0.018830525272547076,4
3028.0,9939,11804,11,18,1865,479,439,49,0,8,0.003632760898282695,0.0059445178335535,0.15819022457067372,0.1449801849405548,0.0,0.018824306472919418,4
3029.0,9942,11804,11,18,1862,479,439,49,0,8,0.0036315615714757345,0.005942555298778475,0.1581379993397161,0.14493232089798613,0.0,0.01881809177946517,4
3030.0,9945,11804,11,18,1859,479,440,49,0,8,0.0036303630363036304,0.005940594059405941,0.15808580858085808,0.14521452145214522,0.0,0.01881188118811881,4
3031.0,9948,11807,11,18,1859,479,440,49,0,8,0.003629165291982844,0.0059386341141537445,0.1580336522599802,0.14516661167931375,0.0,0.018805674694820192,4
3032.0,9951,11807,11,18,1856,479,440,49,0,8,0.0036279683377308707,0.005936675461741424,0.1579815303430079,0.14511873350923482,0.0,0.018799472295514513,4
3033.0,9954,11807,11,18,1853,479,440,49,0,8,0.003626772172766238,0.005934718100890208,0.15792944279591165,0.1450708869106495,0.0,0.018793273986152326,4
3034.0,9957,11807,11,18,1850,479,440,49,0,8,0.0036255767963085037,0.005932762030323006,0.15787738958470665,0.14502307185234015,0.0,0.018787079762689517,4
3035.0,9960,11807,11,18,1847,479,440,49,0,8,0.003624382207578254,0.005930807248764415,0.15782537067545305,0.14497528830313014,0.0,0.018780889621087316,4
3036.0,9963,11807,11,18,1844,479,440,49,0,8,0.0036231884057971015,0.005928853754940711,0.15777338603425559,0.14492753623188406,0.0,0.018774703557312252,4
3037.0,9966,11807,11,18,1841,479,440,49,0,8,0.0036219953901876854,0.005926901547579849,0.15772143562726373,0.1448798156075074,0.0,0.018768521567336188,4
3038.0,9969,11807,11,18,1838,479,441,49,0,8,0.003620803159973667,0.005924950625411455,0.1576695194206715,0.14516129032258066,0.0,0.018762343647136272,4
3039.0,9972,11810,11,18,1838,479,442,49,0,8,0.0036196117143797303,0.005923000987166831,0.15761763738071735,0.14544257979598552,0.0,0.018756169792694965,4
3040.0,9975,11813,11,18,1838,479,442,49,0,8,0.003618421052631579,0.0059210526315789476,0.15756578947368421,0.14539473684210527,0.0,0.01875,4
3041.0,9978,11813,11,18,1835,479,442,49,0,8,0.0036172311739559354,0.00591910555738244,0.15751397566589936,0.14534692535350213,0.0,0.018743834265044394,4
3042.0,9981,11813,11,18,1832,479,443,49,0,8,0.003616042077580539,0.005917159763313609,0.1574621959237344,0.14562787639710717,0.0,0.01873767258382643,4
3043.0,9984,11816,11,18,1832,479,443,49,0,8,0.003614853762734144,0.005915215248110417,0.157410450213605,0.14558001971738416,0.0,0.018731514952349655,4
3044.0,9987,11816,11,18,1829,479,443,49,0,8,0.0036136662286465177,0.005913272010512484,0.1573587385019711,0.14553219448094612,0.0,0.018725361366622863,4
3045.0,9990,11816,11,18,1826,479,443,49,0,8,0.00361247947454844,0.005911330049261084,0.15730706075533663,0.14548440065681445,0.0,0.0187192118226601,4
3046.0,9993,11816,11,18,1823,480,443,49,0,8,0.0036112934996717005,0.005909389363099146,0.15758371634931057,0.14543663821405123,0.0,0.01871306631648063,4
3047.0,9996,11824,11,18,1828,480,443,49,0,8,0.0036101083032490976,0.00590744995077125,0.15753199868723333,0.14538890712175911,0.0,0.01870692484410896,4
3048.0,9999,11824,11,18,1825,480,444,49,0,8,0.0036089238845144356,0.005905511811023622,0.15748031496062992,0.14566929133858267,0.0,0.018700787401574805,4
3049.0,10002,11827,11,18,1825,480,444,49,0,8,0.0036077402427025255,0.005903574942604133,0.1574286651361102,0.14562151525090195,0.0,0.018694653984913087,4
3050.0,10005,11827,11,18,1822,480,444,49,0,8,0.0036065573770491803,0.005901639344262295,0.15737704918032788,0.14557377049180328,0.0,0.018688524590163933,4
3051.0,10008,11827,11,18,1819,480,444,49,0,8,0.003605375286791216,0.0058997050147492625,0.15732546705998032,0.1455260570304818,0.0,0.018682399213372666,4
3052.0,10011,11827,11,18,1816,480,444,49,0,8,0.0036041939711664484,0.005897771952817824,0.15727391874180865,0.145478374836173,0.0,0.018676277850589777,4
3053.0,10014,11827,11,18,1813,480,444,49,0,8,0.0036030134294136916,0.005895840157222404,0.15722240419259745,0.14543072387815265,0.0,0.018670160497870947,4
3054.0,10017,11827,11,18,1810,480,444,49,0,8,0.003601833660772757,0.005893909626719057,0.15717092337917485,0.14538310412573674,0.0,0.018664047151277015,4
3055.0,10020,11827,11,18,1807,480,444,49,0,8,0.003600654664484452,0.005891980360065467,0.15711947626841244,0.1453355155482815,0.0,0.018657937806873977,4
3056.0,10023,11827,11,18,1804,480,444,49,0,8,0.003599476439790576,0.0058900523560209425,0.15706806282722513,0.14528795811518325,0.0,0.018651832460732983,4
3057.0,10026,11827,11,18,1801,480,444,49,0,8,0.003598298985933922,0.005888125613346418,0.15701668302257116,0.1452404317958783,0.0,0.018645731108930325,4
3058.0,10029,11827,11,18,1798,480,444,49,0,8,0.0035971223021582736,0.005886200130804447,0.15696533682145192,0.14519293655984303,0.0,0.018639633747547416,4
3059.0,10032,11827,11,18,1795,480,444,49,0,8,0.0035959463877084014,0.005884275907159202,0.15691402419091205,0.14514547237659367,0.0,0.018633540372670808,4
3060.0,10035,11827,11,18,1792,480,444,49,0,8,0.003594771241830065,0.0058823529411764705,0.1568627450980392,0.1450980392156863,0.0,0.018627450980392157,4
3061.0,10038,11827,11,18,1789,480,444,49,0,8,0.0035935968637700096,0.005880431231623653,0.15681149950996406,0.14505063704671675,0.0,0.018621365566808233,4
3062.0,10041,11827,11,18,1786,480,444,49,0,8,0.0035924232527759633,0.005878510777269758,0.15676028739386022,0.14500326583932072,0.0,0.018615284128020902,4
3063.0,10044,11827,11,18,1783,480,444,49,0,8,0.0035912504080966375,0.005876591576885406,0.15670910871694418,0.14495592556317335,0.0,0.01860920666013712,4
3064.0,10047,11827,11,18,1780,480,444,49,0,8,0.0035900783289817234,0.00587467362924282,0.1566579634464752,0.14490861618798956,0.0,0.01860313315926893,4
3065.0,10050,11827,11,18,1777,480,444,49,0,8,0.0035889070146818925,0.005872756933115824,0.1566068515497553,0.14486133768352366,0.0,0.018597063621533443,4
3066.0,10053,11827,11,18,1774,480,444,49,0,8,0.003587736464448793,0.005870841487279843,0.15655577299412915,0.14481409001956946,0.0,0.018590998043052837,4
3067.0,10056,11827,11,18,1771,480,444,49,0,8,0.0035865666775350504,0.0058689272905119005,0.156504727746984,0.1447668731659602,0.0,0.018584936419954352,4
3068.0,10059,11827,11,18,1768,480,444,49,0,8,0.003585397653194263,0.005867014341590613,0.15645371577574968,0.14471968709256844,0.0,0.018578878748370272,4
3069.0,10062,11827,11,18,1765,480,444,49,0,8,0.0035842293906810036,0.005865102639296188,0.15640273704789834,0.14467253176930597,0.0,0.01857282502443793,4
3070.0,10065,11827,11,18,1762,480,444,49,0,8,0.0035830618892508143,0.005863192182410423,0.1563517915309446,0.14462540716612377,0.0,0.018566775244299675,4
3071.0,10068,11827,11,18,1759,480,444,49,0,8,0.0035818951481602084,0.005861282969716704,0.15630087919244545,0.14457831325301204,0.0,0.0185607294041029,4
3072.0,10071,11827,11,18,1756,481,444,49,0,8,0.0035807291666666665,0.005859375,0.15657552083333334,0.14453125,0.0,0.0185546875,4
3073.0,10074,11835,11,18,1761,481,444,49,0,8,0.0035795639440286365,0.00585746827204686,0.1565245688252522,0.14448421737715586,0.0,0.01854864952814839,4
3074.0,10077,11835,11,18,1758,482,444,49,0,8,0.0035783994795055302,0.005855562784645413,0.1567989590110605,0.14443721535458687,0.0,0.018542615484710475,4
3075.0,10080,11843,11,18,1763,482,444,49,0,8,0.0035772357723577236,0.005853658536585366,0.1567479674796748,0.144390243902439,0.0,0.018536585365853658,4
3076.0,10083,11843,11,18,1760,482,444,49,0,8,0.003576072821846554,0.005851755526657998,0.15669700910273082,0.14434330299089726,0.0,0.018530559167750326,4
3077.0,10086,11843,11,18,1757,482,444,49,0,8,0.0035749106272343193,0.005849853753656159,0.1566460838479038,0.14429639259018526,0.0,0.018524536886577837,4
3078.0,10089,11843,11,18,1754,482,445,49,0,8,0.0035737491877842753,0.005847953216374269,0.15659519168291097,0.14457439896036386,0.0,0.018518518518518517,4
3079.0,10092,11846,11,18,1754,482,445,49,0,8,0.0035725885027606367,0.005846053913608314,0.15654433257551154,0.14452744397531667,0.0,0.01851250405975966,4
3080.0,10095,11846,11,18,1751,482,445,49,0,8,0.0035714285714285713,0.005844155844155844,0.1564935064935065,0.1444805194805195,0.0,0.018506493506493506,4
3081.0,10098,11846,11,18,1748,482,445,49,0,8,0.0035702693930542034,0.005842259006815969,0.15644271340473873,0.1444336254462837,0.0,0.018500486854917234,4
3082.0,10101,11846,11,18,1745,483,445,49,0,8,0.0035691109669046075,0.005840363400389357,0.15671641791044777,0.14438676184295912,0.0,0.018494484101232965,4
3083.0,10104,11854,11,18,1750,484,445,49,0,8,0.0035679532922478106,0.005838469023678235,0.15698994485890366,0.14433992864093415,0.0,0.018488485241647746,4
3084.0,10107,11862,11,18,1755,484,446,49,0,8,0.0035667963683527885,0.005836575875486381,0.1569390402075227,0.14461738002594035,0.0,0.01848249027237354,4
3085.0,10110,11865,11,18,1755,484,447,49,0,8,0.003565640194489465,0.005834683954619124,0.15688816855753646,0.14489465153970826,0.0,0.018476499189627228,4
3086.0,10113,11868,11,18,1755,484,447,49,0,8,0.0035644847699287103,0.005832793259883344,0.15683732987686325,0.14484769928710303,0.0,0.01847051198963059,4
3087.0,10116,11868,11,18,1752,484,447,49,0,8,0.0035633300939423387,0.0058309037900874635,0.15678652413346292,0.14480077745383868,0.0,0.0184645286686103,4
3088.0,10119,11868,11,18,1749,484,447,49,0,8,0.003562176165803109,0.005829015544041451,0.1567357512953368,0.14475388601036268,0.0,0.018458549222797927,4
3089.0,10122,11868,11,18,1746,484,447,49,0,8,0.00356102298478472,0.005827128520556815,0.15668501133052767,0.1447070249271609,0.0,0.018452573648429914,4
3090.0,10125,11868,11,18,1743,484,447,49,0,8,0.0035598705501618125,0.005825242718446602,0.15663430420711974,0.14466019417475728,0.0,0.018446601941747572,4
3091.0,10128,11868,11,18,1740,484,447,49,0,8,0.0035587188612099642,0.005823358136525397,0.15658362989323843,0.144613393723714,0.0,0.01844063409899709,4
3092.0,10131,11868,11,18,1737,484,448,49,0,8,0.0035575679172056922,0.005821474773609315,0.15653298835705046,0.1448900388098318,0.0,0.018434670116429495,4
3093.0,10134,11871,11,18,1737,484,448,49,0,8,0.003556417717426447,0.005819592628516004,0.15648237956676367,0.14484319430973167,0.0,0.01842870999030068,4
3094.0,10137,11871,11,18,1734,484,448,49,0,8,0.003555268261150614,0.005817711700064641,0.15643180349062702,0.14479638009049775,0.0,0.018422753716871364,4
3095.0,10140,11871,11,18,1731,484,449,49,0,8,0.003554119547657512,0.005815831987075929,0.15638126009693054,0.14507269789983845,0.0,0.01841680129240711,4
3096.0,10143,11874,11,18,1731,484,450,49,0,8,0.0035529715762273903,0.005813953488372093,0.15633074935400518,0.14534883720930233,0.0,0.018410852713178296,4
3097.0,10146,11877,11,18,1731,484,451,49,0,8,0.003551824346141427,0.005812076202776881,0.15628027123022278,0.14562479819179852,0.0,0.018404907975460124,4
3098.0,10149,11880,11,18,1731,484,451,49,0,8,0.0035506778566817302,0.005810200129115558,0.15622982569399613,0.14557779212395094,0.0,0.018398967075532603,4
3099.0,10152,11880,11,18,1728,485,451,49,0,8,0.0035495321071313327,0.005808325266214908,0.15650209745079058,0.14553081639238463,0.0,0.018393030009680542,4
3100.0,10155,11888,11,18,1733,486,451,49,0,8,0.0035483870967741938,0.005806451612903226,0.1567741935483871,0.14548387096774193,0.0,0.018387096774193548,4
3101.0,10158,11896,11,18,1738,487,451,49,0,8,0.003547242824895195,0.005804579168010319,0.15704611415672365,0.145436955820703,0.0,0.018381167365366012,4
3102.0,10161,11904,11,18,1743,487,451,49,0,8,0.0035460992907801418,0.005802707930367505,0.15699548678272082,0.1453900709219858,0.0,0.0183752417794971,4
3103.0,10164,11904,11,18,1740,487,451,49,0,8,0.003544956493715759,0.005800837898807605,0.15694489203996131,0.1453432162423461,0.0,0.018369320012890752,4
3104.0,10167,11904,11,18,1737,488,451,49,0,8,0.0035438144329896907,0.005798969072164949,0.15721649484536082,0.14529639175257733,0.0,0.01836340206185567,4
3105.0,10170,11912,11,18,1742,488,451,49,0,8,0.003542673107890499,0.005797101449275362,0.1571658615136876,0.14524959742351046,0.0,0.018357487922705314,4
3106.0,10173,11912,11,18,1739,489,451,49,0,8,0.0035415325177076628,0.005795235028976175,0.1574372182871861,0.14520283322601416,0.0,0.018351577591757887,4
3107.0,10176,11920,11,18,1744,489,452,49,0,8,0.003540392661731574,0.005793369810106212,0.15738654650788542,0.14547795300933375,0.0,0.018345671065336338,4
3108.0,10179,11923,11,18,1744,489,452,49,0,8,0.0035392535392535394,0.005791505791505791,0.15733590733590733,0.14543114543114544,0.0,0.01833976833976834,4
3109.0,10182,11923,11,18,1741,489,452,49,0,8,0.003538115149565777,0.005789642972016726,0.15728530073978772,0.14538436796397555,0.0,0.0183338694113863,4
3110.0,10185,11923,11,18,1738,489,452,49,0,8,0.003536977491961415,0.005787781350482315,0.1572347266881029,0.14533762057877814,0.0,0.018327974276527333,4
3111.0,10188,11923,11,18,1735,489,453,49,0,8,0.0035358405657344907,0.0057859209257473485,0.15718418514946964,0.14561234329797493,0.0,0.01832208293153327,4
3112.0,10191,11926,11,18,1735,489,454,49,0,8,0.0035347043701799484,0.005784061696658098,0.157133676092545,0.14588688946015424,0.0,0.018316195372750643,4
3113.0,10194,11929,11,18,1735,489,455,49,0,8,0.0035335689045936395,0.0057822036620623195,0.15708319948602634,0.1461612592354642,0.0,0.01831031159653068,4
3114.0,10197,11932,11,18,1735,489,455,49,0,8,0.0035324341682723185,0.005780346820809248,0.15703275529865124,0.14611432241490044,0.0,0.018304431599229287,4
3115.0,10200,11932,11,18,1732,489,455,49,0,8,0.003531300160513644,0.005778491171749599,0.15698234349919743,0.14606741573033707,0.0,0.018298555377207062,4
3116.0,10203,11932,11,18,1729,489,455,49,0,8,0.0035301668806161745,0.005776636713735558,0.15693196405648266,0.14602053915275995,0.0,0.018292682926829267,4
3117.0,10206,11932,11,18,1726,489,455,49,0,8,0.003529034327879371,0.005774783445620789,0.15688161693936478,0.14597369265319218,0.0,0.01828681424446583,4
3118.0,10209,11932,11,18,1723,489,455,49,0,8,0.003527902501603592,0.005772931366260423,0.1568313021167415,0.14592687620269404,0.0,0.018280949326491342,4
3119.0,10212,11932,11,18,1720,489,455,49,0,8,0.003526771401090093,0.005771080474511061,0.1567810195575505,0.14588008977236294,0.0,0.01827508816928503,4
3120.0,10215,11932,11,18,1717,489,455,49,0,8,0.0035256410256410257,0.0057692307692307696,0.15673076923076923,0.14583333333333334,0.0,0.01826923076923077,4
3121.0,10218,11932,11,18,1714,489,455,49,0,8,0.003524511374559436,0.005767382249279077,0.15668055110541493,0.14578660685677666,0.0,0.018263377122717077,4
3122.0,10221,11932,11,18,1711,489,456,49,0,8,0.003523382447149263,0.005765534913516977,0.15663036515054451,0.14606021780909673,0.0,0.01825752722613709,4
3123.0,10224,11935,11,18,1711,489,456,49,0,8,0.0035222542427153377,0.005763688760806916,0.15658021133525457,0.14601344860710855,0.0,0.01825168107588857,4
3124.0,10227,11935,11,18,1708,489,456,49,0,8,0.0035211267605633804,0.005761843790012804,0.15653008962868117,0.14596670934699105,0.0,0.01824583866837388,4
3125.0,10230,11935,11,18,1705,489,456,49,0,8,0.00352,0.00576,0.15648,0.14592,0.0,0.01824,4
3126.0,10233,11935,11,18,1702,489,456,49,0,8,0.0035188739603326936,0.005758157389635317,0.15642994241842612,0.14587332053742802,0.0,0.018234165067178502,4
3127.0,10236,11935,11,18,1699,489,456,49,0,8,0.003517748640869843,0.005756315957787016,0.15637991685321395,0.14582667093060442,0.0,0.018228333866325552,4
3128.0,10239,11935,11,18,1696,489,456,49,0,8,0.003516624040920716,0.005754475703324808,0.1563299232736573,0.14578005115089515,0.0,0.018222506393861894,4
3129.0,10242,11935,11,18,1693,489,457,49,0,8,0.003515500159795462,0.005752636625119847,0.15627996164908917,0.14605305209332056,0.0,0.01821668264621285,4
3130.0,10245,11938,11,18,1693,489,457,49,0,8,0.003514376996805112,0.005750798722044728,0.1562300319488818,0.14600638977635783,0.0,0.018210862619808307,4
3131.0,10248,11938,11,18,1690,489,457,49,0,8,0.0035132545512615776,0.005748961992973491,0.1561801341424465,0.14595975726604918,0.0,0.01820504631108272,4
3132.0,10251,11938,11,18,1687,489,457,49,0,8,0.00351213282247765,0.005747126436781609,0.15613026819923373,0.14591315453384418,0.0,0.018199233716475097,4
3133.0,10254,11938,11,18,1684,489,457,49,0,8,0.0035110118097669966,0.005745292052345995,0.15608043408873284,0.14586658155122886,0.0,0.018193424832428983,4
3134.0,10257,11938,11,18,1681,489,457,49,0,8,0.0035098915124441607,0.00574345883854499,0.15603063178047225,0.1458200382897256,0.0,0.018187619655392468,4
3135.0,10260,11938,11,18,1678,489,457,49,0,8,0.0035087719298245615,0.005741626794258373,0.15598086124401914,0.14577352472089314,0.0,0.01818181818181818,4
3136.0,10263,11938,11,18,1675,490,457,49,0,8,0.00350765306122449,0.005739795918367347,0.15625,0.14572704081632654,0.0,0.018176020408163265,4
3137.0,10266,11946,11,18,1680,491,457,49,0,8,0.0035065349059611095,0.0057379662097545425,0.15651896716608224,0.145680586547657,0.0,0.018170226330889386,4
3138.0,10269,11954,11,18,1685,491,457,49,0,8,0.003505417463352454,0.0057361376673040155,0.15646908859145953,0.14563416188655195,0.0,0.018164435946462717,4
3139.0,10272,11954,11,18,1682,491,457,49,0,8,0.003504300732717426,0.005734310289901242,0.15641924179675057,0.14558776680471489,0.0,0.018158649251353933,4
3140.0,10275,11954,11,18,1679,491,457,49,0,8,0.0035031847133757963,0.005732484076433121,0.15636942675159235,0.14554140127388535,0.0,0.018152866242038216,4
3141.0,10278,11954,11,18,1676,491,457,49,0,8,0.0035020694046482012,0.0057306590257879654,0.15631964342566063,0.1454950652658389,0.0,0.018147086914995225,4
3142.0,10281,11954,11,18,1673,491,457,49,0,8,0.003500954805856143,0.005728835136855506,0.15626989178866962,0.14544875875238703,0.0,0.018141311266709103,4
3143.0,10284,11954,11,18,1670,491,457,49,0,8,0.0034998409163219855,0.005727012408526885,0.15622017181037226,0.14540248170537703,0.0,0.01813553929366847,4
3144.0,10287,11954,11,18,1667,491,457,49,0,8,0.003498727735368957,0.0057251908396946565,0.15617048346055978,0.1453562340966921,0.0,0.01812977099236641,4
3145.0,10290,11954,11,18,1664,491,457,49,0,8,0.0034976152623211448,0.005723370429252782,0.156120826709062,0.14531001589825118,0.0,0.018124006359300476,4
3146.0,10293,11954,11,18,1661,491,457,49,0,8,0.0034965034965034965,0.00572155117609663,0.15607120152574697,0.1452638270820089,0.0,0.018118245390972662,4
3147.0,10296,11954,11,18,1658,491,458,49,0,8,0.0034953924372418178,0.005719733079122974,0.15602160788052113,0.14553543056879567,0.0,0.01811248808388942,4
3148.0,10299,11957,11,18,1658,491,458,49,0,8,0.00349428208386277,0.005717916137229987,0.1559720457433291,0.1454891994917408,0.0,0.018106734434561626,4
3149.0,10302,11957,11,18,1655,491,458,49,0,8,0.003493172435693871,0.0057161003493172435,0.1559225150841537,0.1454429977770721,0.0,0.018100984439504603,4
3150.0,10305,11957,11,18,1652,491,459,49,0,8,0.003492063492063492,0.005714285714285714,0.15587301587301589,0.1457142857142857,0.0,0.018095238095238095,4
3151.0,10308,11960,11,18,1652,491,460,49,0,8,0.003490955252300857,0.005712472231037766,0.15582354807997462,0.145985401459854,0.0,0.01808949539828626,4
3152.0,10311,11963,11,18,1652,491,461,49,0,8,0.0034898477157360407,0.005710659898477157,0.1557741116751269,0.14625634517766498,0.0,0.018083756345177664,4
3153.0,10314,11966,11,18,1652,491,461,49,0,8,0.0034887408816999684,0.005708848715509039,0.15572470662860768,0.14620995876942594,0.0,0.01807802093244529,4
3154.0,10317,11966,11,18,1649,491,461,49,0,8,0.0034876347495244133,0.0057070386810399495,0.15567533291058971,0.14616360177552315,0.0,0.018072289156626505,4
3155.0,10320,11966,11,18,1646,491,462,49,0,8,0.003486529318541997,0.005705229793977813,0.15562599049128367,0.14643423137876388,0.0,0.018066561014263075,4
3156.0,10323,11969,11,18,1646,491,463,49,0,8,0.003485424588086185,0.005703422053231939,0.15557667934093788,0.14670468948035487,0.0,0.01806083650190114,4
3157.0,10326,11972,11,18,1646,491,463,49,0,8,0.003484320557491289,0.005701615457713019,0.15552739942983845,0.14665821982895152,0.0,0.018055115616091227,4
3158.0,10329,11972,11,18,1643,491,463,49,0,8,0.0034832172260924636,0.005699810006333122,0.15547815072830906,0.14661177960734642,0.0,0.01804939835338822,4
3159.0,10332,11972,11,18,1640,491,463,50,0,8,0.0034821145932257044,0.005698005698005698,0.15542893320671097,0.14656536878759102,0.0,0.018360240582462804,4
3160.0,10335,11974,11,18,1639,491,463,50,0,8,0.003481012658227848,0.00569620253164557,0.15537974683544303,0.14651898734177216,0.0,0.018354430379746836,4
3161.0,10338,11974,11,18,1636,491,463,50,0,8,0.0034799114204365706,0.005694400506168934,0.15533059158494147,0.146472635242012,0.0,0.01834862385321101,4
3162.0,10341,11974,11,18,1633,491,463,50,0,8,0.003478810879190386,0.0056925996204933585,0.15528146742567994,0.14642631246046806,0.0,0.018342820999367487,4
3163.0,10344,11974,11,18,1630,491,463,50,0,8,0.0034777110338286435,0.00569079987353778,0.15523237432816947,0.14638001896933292,0.0,0.01833702181473285,4
3164.0,10347,11974,11,18,1627,491,463,50,0,8,0.00347661188369153,0.005689001264222503,0.15518331226295828,0.14633375474083438,0.0,0.018331226295828066,4
3165.0,10350,11974,11,18,1624,491,463,50,0,8,0.0034755134281200632,0.005687203791469194,0.1551342812006319,0.1462875197472354,0.0,0.018325434439178515,4
3166.0,10353,11974,11,18,1621,491,463,50,0,8,0.003474415666456096,0.005685407454200884,0.15508528111181302,0.14624131396083387,0.0,0.01831964624131396,4
3167.0,10356,11974,11,18,1618,492,463,50,0,8,0.0034733185980423114,0.005683612251341964,0.15535206820334702,0.14619513735396275,0.0,0.01831386169876855,4
3168.0,10359,11982,11,18,1623,492,464,50,0,8,0.003472222222222222,0.005681818181818182,0.1553030303030303,0.14646464646464646,0.0,0.018308080808080808,4
3169.0,10362,11985,11,18,1623,492,464,50,0,8,0.0034711265383401703,0.005680025244556642,0.15525402335121488,0.146418428526349,0.0,0.018302303565793626,4
3170.0,10365,11985,11,18,1620,492,464,50,0,8,0.003470031545741325,0.0056782334384858045,0.15520504731861198,0.14637223974763408,0.0,0.01829652996845426,4
3171.0,10368,11985,11,18,1617,492,464,50,0,8,0.003468937243771681,0.005676442762535478,0.15515610217596973,0.14632608010091455,0.0,0.01829076001261432,4
3172.0,10371,11985,11,18,1614,493,464,50,0,8,0.0034678436317780582,0.005674653215636823,0.15542244640605296,0.14627994955863807,0.0,0.01828499369482976,4
3173.0,10374,11993,11,18,1619,493,464,50,0,8,0.0034667507091080997,0.005672864796722345,0.15537346359911755,0.1462338480932871,0.0,0.018279231011660887,4
3174.0,10377,11993,11,18,1616,493,464,50,0,8,0.003465658475110271,0.005671077504725898,0.15532451165721486,0.1461877756773787,0.0,0.018273471959672338,4
3175.0,10380,11993,11,18,1613,493,464,50,0,8,0.0034645669291338585,0.005669291338582677,0.1552755905511811,0.14614173228346455,0.0,0.01826771653543307,4
3176.0,10383,11993,11,18,1610,494,464,50,0,8,0.0034634760705289673,0.005667506297229219,0.15554156171284636,0.14609571788413098,0.0,0.018261964735516372,4
3177.0,10386,12001,11,18,1615,494,464,50,0,8,0.003462385898646522,0.0056657223796034,0.15549260308467108,0.14604973245199873,0.0,0.01825621655649984,4
3178.0,10389,12001,11,18,1612,494,464,50,0,8,0.003461296412838263,0.005663939584644431,0.1554436752674638,0.1460037759597231,0.0,0.01825047199496539,4
3179.0,10392,12001,11,18,1609,494,464,50,0,8,0.0034602076124567475,0.005662157911292859,0.15539477823214848,0.1459578483799937,0.0,0.018244731047499213,4
3180.0,10395,12001,11,18,1606,494,464,50,0,8,0.003459119496855346,0.005660377358490566,0.15534591194968553,0.1459119496855346,0.0,0.018238993710691823,4
3181.0,10398,12001,11,18,1603,494,464,50,0,8,0.0034580320653882428,0.005658597925180761,0.155297076391072,0.14586607984910405,0.0,0.018233259981138006,4
3182.0,10401,12001,11,18,1600,494,464,50,0,8,0.0034569453174104338,0.0056568196103079825,0.1552482715273413,0.14582023884349465,0.0,0.018227529855436832,4
3183.0,10404,12001,11,18,1597,494,464,50,0,8,0.0034558592522777255,0.005655042412818096,0.1551994973295633,0.14577442664153314,0.0,0.018221803330191643,4
3184.0,10407,12001,11,18,1594,494,464,50,0,8,0.003454773869346734,0.005653266331658292,0.1551507537688442,0.1457286432160804,0.0,0.01821608040201005,4
3185.0,10410,12001,11,18,1591,494,464,50,0,8,0.003453689167974882,0.00565149136577708,0.15510204081632653,0.1456828885400314,0.0,0.018210361067503924,4
3186.0,10413,12001,11,18,1588,494,464,50,0,8,0.003452605147520402,0.005649717514124294,0.15505335844318896,0.14563716258631512,0.0,0.01820464532328939,4
3187.0,10416,12001,11,18,1585,494,464,50,0,8,0.0034515218073423283,0.005647944775651083,0.1550047066206464,0.14559146532789458,0.0,0.018198933165986822,4
3188.0,10419,12001,11,18,1582,494,464,50,0,8,0.003450439146800502,0.0056461731493099125,0.1549560853199498,0.14554579673776663,0.0,0.01819322459222083,4
3189.0,10422,12001,11,18,1579,494,464,50,0,8,0.003449357165255566,0.005644402634054563,0.15490749451238633,0.14550015678896205,0.0,0.018187519598620257,4
3190.0,10425,12001,11,18,1576,495,464,50,0,8,0.0034482758620689655,0.005642633228840125,0.15517241379310345,0.14545454545454545,0.0,0.01818181818181818,4
3191.0,10428,12009,11,18,1581,496,464,50,0,8,0.0034471952366029457,0.005640864932623002,0.15543716703227828,0.14540896270761516,0.0,0.018176120338451895,4
3192.0,10431,12017,11,18,1586,496,464,50,0,8,0.003446115288220551,0.005639097744360902,0.15538847117794485,0.14536340852130325,0.0,0.018170426065162906,4
3193.0,10434,12017,11,18,1583,496,464,50,0,8,0.0034450360162856246,0.005637331663012841,0.1553398058252427,0.14531788286877545,0.0,0.01816473535859693,4
3194.0,10437,12017,11,18,1580,496,464,50,0,8,0.0034439574201628053,0.005635566687539136,0.15529117094552286,0.14527238572323106,0.0,0.018159048215403883,4
3195.0,10440,12017,11,18,1577,496,464,50,0,8,0.0034428794992175274,0.005633802816901409,0.15524256651017215,0.14522691705790297,0.0,0.01815336463223787,4
3196.0,10443,12017,11,18,1574,496,464,50,0,8,0.00344180225281602,0.005632040050062578,0.15519399249061328,0.14518147684605756,0.0,0.018147684605757195,4
3197.0,10446,12017,11,18,1571,496,464,50,0,8,0.003440725680325305,0.005630278385986863,0.15514544885830467,0.1451360650609947,0.0,0.018142008132624336,4
3198.0,10449,12017,11,18,1568,496,464,50,0,8,0.0034396497811131957,0.005628517823639775,0.15509693558474047,0.14509068167604752,0.0,0.01813633520950594,4
3199.0,10452,12017,11,18,1565,496,464,50,0,8,0.0034385745545482964,0.005626758361988122,0.15504845264145045,0.14504532666458267,0.0,0.018130665833072834,4
3200.0,10455,12017,11,18,1562,496,465,50,0,8,0.0034375,0.005625,0.155,0.1453125,0.0,0.018125,4
3201.0,10458,12020,11,18,1562,496,466,50,0,8,0.003436426116838488,0.005623242736644799,0.15495157763199,0.14557950640424866,0.0,0.01811933770696657,4
3202.0,10461,12023,11,18,1562,496,466,50,0,8,0.003435352904434728,0.005621486570893191,0.15490318550905685,0.14553404122423486,0.0,0.01811367895065584,4
3203.0,10464,12023,11,18,1559,496,467,50,0,8,0.0034342803621604744,0.00561973150171714,0.1548548236028723,0.1458008117389947,0.0,0.01810802372775523,4
3204.0,10467,12026,11,18,1559,496,467,51,0,8,0.003433208489388265,0.0056179775280898875,0.15480649188514356,0.1457553058676654,0.0,0.018414481897627965,4
3205.0,10470,12028,11,18,1558,496,467,51,0,8,0.0034321372854914196,0.005616224648985959,0.1547581903276131,0.14570982839313573,0.0,0.018408736349453978,4
3206.0,10473,12028,11,18,1555,496,468,51,0,8,0.0034310667498440423,0.0056144728633811605,0.15470991890205865,0.14597629444791016,0.0,0.018402994385527137,4
3207.0,10476,12031,11,18,1555,496,468,51,0,8,0.0034299968818210166,0.005612722170252572,0.15466167758029312,0.14593077642656688,0.0,0.018397256002494543,4
3208.0,10479,12031,11,18,1552,496,468,51,0,8,0.003428927680798005,0.005610972568578554,0.1546134663341646,0.14588528678304238,0.0,0.01839152119700748,4
3209.0,10482,12031,11,18,1549,496,468,51,0,8,0.003427859146151449,0.005609224057338735,0.15456528513555626,0.1458398254908071,0.0,0.01838578996572141,4
3210.0,10485,12031,11,18,1546,496,468,51,0,8,0.003426791277258567,0.005607476635514018,0.1545171339563863,0.14579439252336449,0.0,0.01838006230529595,4
3211.0,10488,12031,11,18,1543,496,468,51,0,8,0.003425724073497353,0.005605730302086578,0.15446901276860792,0.145748987854251,0.0,0.018374338212394894,4
3212.0,10491,12031,11,18,1540,496,468,51,0,8,0.003424657534246575,0.00560398505603985,0.15442092154420922,0.14570361145703611,0.0,0.018368617683686177,4
3213.0,10494,12031,11,18,1537,496,468,51,0,8,0.0034235916588857764,0.0056022408963585435,0.15437286025521318,0.14565826330532214,0.0,0.01836290071584189,4
3214.0,10497,12031,11,18,1534,496,468,51,0,8,0.003422526446795271,0.005600497822028625,0.15432482887367766,0.14561294337274425,0.0,0.01835718730553827,4
3215.0,10500,12031,11,18,1531,496,469,51,0,8,0.003421461897356143,0.005598755832037325,0.15427682737169518,0.1458786936236392,0.0,0.018351477449455676,4
3216.0,10503,12034,11,18,1531,496,469,51,0,8,0.003420398009950249,0.005597014925373134,0.15422885572139303,0.14583333333333334,0.0,0.018345771144278607,4
3217.0,10506,12034,11,18,1528,496,469,51,0,8,0.0034193347839602114,0.005595275101025801,0.15418091389493316,0.14578800124339447,0.0,0.01834006838669568,4
3218.0,10509,12034,11,18,1525,496,469,51,0,8,0.003418272218769422,0.005593536357986327,0.15413300186451212,0.14574269732753262,0.0,0.018334369173399628,4
3219.0,10512,12034,11,18,1522,496,470,51,0,8,0.003417210313762038,0.005591798695246971,0.154085119602361,0.1460080770425598,0.0,0.018328673501087293,4
3220.0,10515,12037,11,18,1522,496,470,51,0,8,0.0034161490683229812,0.0055900621118012426,0.15403726708074533,0.14596273291925466,0.0,0.01832298136645963,4
3221.0,10518,12037,11,18,1519,497,470,51,0,8,0.0034150884818379386,0.005588326606643899,0.15429990686122322,0.14591741695125737,0.0,0.018317292766221672,4
3222.0,10521,12045,11,18,1524,497,470,51,0,8,0.003414028553693358,0.00558659217877095,0.154252017380509,0.1458721291123526,0.0,0.01831160769708256,4
3223.0,10524,12045,11,18,1521,497,470,51,0,8,0.0034129692832764505,0.005584858827179647,0.1542041576171269,0.14582686937635744,0.0,0.018305926155755506,4
3224.0,10527,12045,11,18,1518,498,470,51,0,8,0.003411910669975186,0.005583126550868486,0.15446650124069478,0.14578163771712158,0.0,0.018300248138957816,4
3225.0,10530,12053,11,18,1523,498,470,51,0,8,0.0034108527131782944,0.005581395348837209,0.15441860465116278,0.14573643410852713,0.0,0.018294573643410854,4
3226.0,10533,12053,11,18,1520,499,470,51,0,8,0.0034097954122752636,0.005579665220086794,0.15468071915685058,0.14569125852448853,0.0,0.01828890266584005,4
3227.0,10536,12061,11,18,1525,499,470,51,0,8,0.003408738766656337,0.005577936163619461,0.15463278586922838,0.14564611093895258,0.0,0.0182832352029749,4
3228.0,10539,12061,11,18,1522,500,470,51,0,8,0.0034076827757125155,0.0055762081784386614,0.15489467162329615,0.14560099132589838,0.0,0.018277571251548948,4
3229.0,10542,12069,11,18,1527,501,470,51,0,8,0.0034066274388355527,0.005574481263549086,0.1551563951687829,0.14555589965933727,0.0,0.018271910808299784,4
3230.0,10545,12077,11,18,1532,501,470,51,0,8,0.003405572755417957,0.005572755417956657,0.15510835913312693,0.14551083591331268,0.0,0.01826625386996904,4
3231.0,10548,12077,11,18,1529,501,470,51,0,8,0.0034045187248529867,0.005571030640668524,0.15506035283194058,0.14546580006190035,0.0,0.018260600433302382,4
3232.0,10551,12077,11,18,1526,501,470,51,0,8,0.0034034653465346535,0.005569306930693069,0.15501237623762376,0.1454207920792079,0.0,0.018254950495049504,4
3233.0,10554,12077,11,18,1523,501,470,51,0,8,0.0034024126198577173,0.005567584287039901,0.1549644293226106,0.14537581193937518,0.0,0.01824930405196412,4
3234.0,10557,12077,11,18,1520,501,471,51,0,8,0.003401360544217687,0.0055658627087198514,0.1549165120593692,0.1456400742115028,0.0,0.018243661100803957,4
3235.0,10560,12080,11,18,1520,502,471,51,0,8,0.0034003091190108192,0.0055641421947449764,0.155177743431221,0.1455950540958269,0.0,0.018238021638330756,4
3236.0,10563,12088,11,18,1525,502,471,51,0,8,0.003399258343634116,0.005562422744128554,0.15512978986402967,0.14555006180469715,0.0,0.01823238566131026,4
3237.0,10566,12088,11,18,1522,502,472,51,0,8,0.003398208217485326,0.005560704355885079,0.15508186592523943,0.1458140253320976,0.0,0.0182267531665122,4
3238.0,10569,12091,11,18,1522,502,472,51,0,8,0.0033971587399629403,0.005558987029030266,0.15503397158739962,0.1457689932056825,0.0,0.018221124150710314,4
3239.0,10572,12091,11,18,1519,502,473,51,0,8,0.0033961099104661933,0.005557270762581044,0.15498610682309355,0.1460327261500463,0.0,0.01821549861068231,4
3240.0,10575,12094,11,18,1519,502,473,51,0,8,0.0033950617283950617,0.005555555555555556,0.15493827160493828,0.14598765432098765,0.0,0.018209876543209876,4
3241.0,10578,12094,11,18,1516,502,473,51,0,8,0.003394014193150262,0.005553841406973156,0.1548904659055847,0.14594261030546127,0.0,0.01820425794507868,4
3242.0,10581,12094,11,18,1513,502,473,51,0,8,0.003392967304133251,0.005552128315854411,0.15484268969771744,0.1458975940777298,0.0,0.018198642813078345,4
3243.0,10584,12094,11,18,1510,503,473,51,0,8,0.0033919210607462227,0.005550416281221091,0.15510329941412274,0.14585260561208757,0.0,0.018193031144002468,4
3244.0,10587,12102,11,18,1515,503,473,51,0,8,0.0033908754623921083,0.005548705302096177,0.15505548705302097,0.14580764488286066,0.0,0.018187422934648582,4
3245.0,10590,12102,11,18,1512,503,474,51,0,8,0.003389830508474576,0.005546995377503852,0.15500770416024653,0.1460708782742681,0.0,0.01818181818181818,4
3246.0,10593,12105,11,18,1512,503,474,51,0,8,0.0033887861983980284,0.005545286506469501,0.1549599507085644,0.14602587800369685,0.0,0.018176216882316697,4
3247.0,10596,12105,11,18,1509,504,474,51,0,8,0.0033877425315676007,0.00554357868801971,0.15522020326455188,0.14598090545118572,0.0,0.018170619032953497,4
3248.0,10599,12113,11,18,1514,504,475,51,0,8,0.0033866995073891628,0.005541871921182266,0.15517241379310345,0.14624384236453203,0.0,0.01816502463054187,4
3249.0,10602,12116,11,18,1514,504,475,51,0,8,0.003385657125269314,0.00554016620498615,0.15512465373961218,0.14619883040935672,0.0,0.018159433671899046,4
3250.0,10605,12116,11,18,1511,504,475,51,0,8,0.003384615384615385,0.005538461538461538,0.15507692307692308,0.14615384615384616,0.0,0.018153846153846152,4
3251.0,10608,12116,11,18,1508,504,476,51,0,8,0.003383574284835435,0.005536757920639803,0.15502922177791448,0.14641648723469702,0.0,0.018148262073208243,4
3252.0,10611,12119,11,18,1508,504,476,51,0,8,0.0033825338253382535,0.005535055350553505,0.15498154981549817,0.14637146371463713,0.0,0.01814268142681427,4
3253.0,10614,12119,11,18,1505,504,476,51,0,8,0.003381494005533354,0.005533353827236397,0.15493390716261912,0.14632646787580694,0.0,0.018137104211497078,4
3254.0,10617,12119,11,18,1502,504,476,51,0,8,0.003380454824830977,0.005531653349723417,0.15488629379225569,0.14628149969268592,0.0,0.018131530424093423,4
3255.0,10620,12119,11,18,1499,504,476,51,0,8,0.003379416282642089,0.005529953917050691,0.15483870967741936,0.14623655913978495,0.0,0.018125960061443933,4
3256.0,10623,12119,11,18,1496,504,476,51,0,8,0.0033783783783783786,0.005528255528255528,0.1547911547911548,0.14619164619164618,0.0,0.01812039312039312,4
3257.0,10626,12119,11,18,1493,504,476,51,0,8,0.0033773411114522566,0.00552655818237642,0.15474362910653977,0.1461467608228431,0.0,0.018114829597789376,4
3258.0,10629,12119,11,18,1490,504,476,51,0,8,0.003376304481276857,0.0055248618784530384,0.15469613259668508,0.14610190300798034,0.0,0.01810926949048496,4
3259.0,10632,12119,11,18,1487,504,476,51,0,8,0.0033752684872660325,0.005523166615526235,0.15464866523473458,0.14605707272169377,0.0,0.018103712795335992,4
3260.0,10635,12119,11,18,1484,504,476,51,0,8,0.003374233128834356,0.005521472392638037,0.15460122699386503,0.1460122699386503,0.0,0.018098159509202454,4
3261.0,10638,12119,11,18,1481,504,476,52,0,8,0.0033731984053971173,0.005519779208831647,0.1545538178472861,0.145967494633548,0.0,0.01839926402943882,4
3262.0,10641,12121,11,18,1480,504,476,52,0,8,0.003372164316370325,0.005518087063151441,0.15450643776824036,0.1459227467811159,0.0,0.018393623543838136,4
3263.0,10644,12121,11,18,1477,504,476,52,0,8,0.003371130861170702,0.0055163959546429666,0.15445908673000305,0.145878026356114,0.0,0.018387986515476556,4
3264.0,10647,12121,11,18,1474,505,476,52,0,8,0.0033700980392156864,0.0055147058823529415,0.15471813725490197,0.14583333333333334,0.0,0.01838235294117647,4
3265.0,10650,12129,11,18,1479,506,476,52,0,8,0.0033690658499234303,0.005513016845329249,0.1549770290964778,0.1457886676875957,0.0,0.018376722817764167,4
3266.0,10653,12137,11,18,1484,506,476,52,0,8,0.0033680342927127987,0.005511328842620943,0.15492957746478872,0.14574402939375383,0.0,0.01837109614206981,4
3267.0,10656,12137,11,18,1481,506,476,52,0,8,0.003367003367003367,0.005509641873278237,0.15488215488215487,0.14569941842669115,0.0,0.018365472910927456,4
3268.0,10659,12137,11,18,1478,507,476,52,0,8,0.0033659730722154224,0.0055079559363525096,0.155140758873929,0.1456548347613219,0.0,0.01835985312117503,4
3269.0,10662,12145,11,18,1483,507,476,52,0,8,0.00336494340776996,0.005506271030896299,0.15509330070357907,0.145610278372591,0.0,0.01835423676965433,4
3270.0,10665,12145,11,18,1480,507,476,53,0,8,0.003363914373088685,0.005504587155963303,0.15504587155963304,0.145565749235474,0.0,0.018654434250764525,4
3271.0,10668,12147,11,18,1479,507,476,53,0,8,0.003362885967594008,0.005502904310608377,0.15499847141546927,0.14552124732497707,0.0,0.0186487312748395,4
3272.0,10671,12147,11,18,1476,508,476,53,0,8,0.0033618581907090463,0.005501222493887531,0.1552567237163814,0.14547677261613692,0.0,0.018643031784841075,4
3273.0,10674,12155,11,18,1481,508,476,53,0,8,0.003360831041857623,0.005499541704857928,0.15520928811487933,0.14543232508402076,0.0,0.01863733577757409,4
3274.0,10677,12155,11,18,1478,508,476,53,0,8,0.003359804520464264,0.005497861942577886,0.15516188149053145,0.14538790470372634,0.0,0.01863164324984728,4
3275.0,10680,12155,11,18,1475,508,476,53,0,8,0.0033587786259541984,0.00549618320610687,0.1551145038167939,0.14534351145038168,0.0,0.018625954198473283,4
3276.0,10683,12155,11,18,1472,508,476,53,0,8,0.003357753357753358,0.005494505494505495,0.15506715506715507,0.1452991452991453,0.0,0.01862026862026862,4
3277.0,10686,12155,11,18,1469,508,477,53,0,8,0.0033567287152883735,0.00549282880683552,0.1550198352151358,0.1455599633811413,0.0,0.018614586512053707,4
3278.0,10689,12158,11,18,1469,508,477,53,0,8,0.003355704697986577,0.005491153142159854,0.1549725442342892,0.1455155582672361,0.0,0.018608907870652835,4
3279.0,10692,12158,11,18,1466,508,477,53,0,8,0.003354681305275999,0.0054894784995425435,0.15492528209820067,0.1454711802378774,0.0,0.018603232692894173,4
3280.0,10695,12158,11,18,1463,508,477,53,0,8,0.003353658536585366,0.00548780487804878,0.1548780487804878,0.14542682926829267,0.0,0.018597560975609755,4
3281.0,10698,12158,11,18,1460,508,478,53,0,8,0.0033526363913441025,0.005486132276744895,0.15483084425480037,0.14568729046022555,0.0,0.018591892715635477,4
3282.0,10701,12161,11,18,1460,509,478,53,0,8,0.0033516148689823277,0.005484460694698354,0.1550883607556368,0.14564290067032298,0.0,0.01858622790981109,4
3283.0,10704,12169,11,18,1465,509,478,53,0,8,0.003350593968930856,0.005482790130977765,0.15504112092598232,0.14559853792263175,0.0,0.0185805665549802,4
3284.0,10707,12169,11,18,1462,510,478,53,0,8,0.0033495736906211937,0.0054811205846528625,0.15529841656516444,0.14555420219244825,0.0,0.018574908647990256,4
3285.0,10710,12177,11,18,1467,510,478,53,0,8,0.0033485540334855404,0.005479452054794521,0.1552511415525114,0.14550989345509893,0.0,0.01856925418569254,4
3286.0,10713,12177,11,18,1464,511,478,53,0,8,0.0033475349969567863,0.005477784540474742,0.15550821667681072,0.14546561168594035,0.0,0.01856360316494218,4
3287.0,10716,12185,11,18,1469,511,479,53,0,8,0.003346516580468512,0.005476118040766657,0.15546090660176454,0.14572558564040158,0.0,0.018557955582598113,4
3288.0,10719,12188,11,18,1469,511,479,53,0,8,0.0033454987834549877,0.005474452554744526,0.15541362530413624,0.14568126520681265,0.0,0.018552311435523116,4
3289.0,10722,12188,11,18,1466,512,479,53,0,8,0.0033444816053511705,0.005472788081483734,0.15567041653998176,0.14563697172392825,0.0,0.018546670720583764,4
3290.0,10725,12196,11,18,1471,512,480,53,0,8,0.0033434650455927053,0.00547112462006079,0.15562310030395138,0.1458966565349544,0.0,0.018541033434650456,4
3291.0,10728,12199,11,18,1471,513,480,53,0,8,0.003342449103615922,0.0054694621695533276,0.15587967183226983,0.14585232452142205,0.0,0.018535399574597388,4
3292.0,10731,12207,11,18,1476,513,480,53,0,8,0.003341433778857837,0.0054678007290400975,0.15583232077764278,0.14580801944106925,0.0,0.018529769137302553,4
3293.0,10734,12207,11,18,1473,514,480,53,0,8,0.0033404190707561495,0.005466140297600972,0.15608867294260553,0.14576374126935926,0.0,0.018524142119647737,4
3294.0,10737,12215,11,18,1478,514,480,53,0,8,0.003339404978749241,0.00546448087431694,0.15604128718882818,0.14571948998178508,0.0,0.018518518518518517,4
3295.0,10740,12215,11,18,1475,514,480,53,0,8,0.003338391502276176,0.005462822458270106,0.1559939301972686,0.1456752655538695,0.0,0.01851289833080425,4
3296.0,10743,12215,11,18,1472,515,480,53,0,8,0.003337378640776699,0.0054611650485436895,0.15625,0.14563106796116504,0.0,0.018507281553398057,4
3297.0,10746,12223,11,18,1477,515,480,53,0,8,0.0033363663936912345,0.00545950864422202,0.1562026084319078,0.14558689717925385,0.0,0.018501668183196845,4
3298.0,10749,12223,11,18,1474,515,480,53,0,8,0.0033353547604608852,0.005457853244390539,0.156155245603396,0.14554275318374774,0.0,0.018496058217101274,4
3299.0,10752,12223,11,18,1471,515,480,53,0,8,0.0033343437405274324,0.005456198848135798,0.1561079114883298,0.14549863595028797,0.0,0.018490451652015762,4
3300.0,10755,12223,11,18,1468,515,480,53,0,8,0.0033333333333333335,0.005454545454545455,0.15606060606060607,0.14545454545454545,0.0,0.018484848484848486,4
3301.0,10758,12223,11,18,1465,515,480,53,0,8,0.003332323538321721,0.00545289306270827,0.1560133292941533,0.14541048167222054,0.0,0.01847924871251136,4
3302.0,10761,12223,11,18,1462,515,480,53,0,8,0.003331314354936402,0.005451241671714113,0.15596608116293156,0.145366444579043,0.0,0.018473652331920047,4
3303.0,10764,12223,11,18,1459,515,480,53,0,8,0.003330305782621859,0.005449591280653951,0.1559188616409325,0.14532243415077203,0.0,0.018468059339993945,4
3304.0,10767,12223,11,18,1456,515,480,53,0,8,0.0033292978208232446,0.005447941888619854,0.15587167070217917,0.14527845036319612,0.0,0.018462469733656173,4
3305.0,10770,12223,11,18,1453,515,480,53,0,8,0.0033282904689863843,0.005446293494704993,0.15582450832072617,0.14523449319213314,0.0,0.018456883509833585,4
3306.0,10773,12223,11,18,1450,516,480,53,0,8,0.003327283726557774,0.0054446460980036296,0.1560798548094374,0.14519056261343014,0.0,0.018451300665456746,4
3307.0,10776,12231,11,18,1455,516,480,53,0,8,0.003326277592984578,0.005442999697611128,0.15603265799818566,0.1451466586029634,0.0,0.018445721197459932,4
3308.0,10779,12231,11,18,1452,516,480,53,0,8,0.003325272067714631,0.005441354292623942,0.15598548972188633,0.14510278113663846,0.0,0.018440145102781136,4
3309.0,10782,12231,11,18,1449,516,480,53,0,8,0.003324267150196434,0.005439709882139619,0.1559383499546691,0.14505893019038985,0.0,0.018434572378362043,4
3310.0,10785,12231,11,18,1446,516,480,53,0,8,0.003323262839879154,0.005438066465256798,0.15589123867069488,0.14501510574018128,0.0,0.018429003021148038,4
3311.0,10788,12231,11,18,1443,516,480,53,0,8,0.0033222591362126247,0.005436424041075204,0.15584415584415584,0.14497130776200542,0.0,0.018423437028088192,4
3312.0,10791,12231,11,18,1440,516,480,53,0,8,0.003321256038647343,0.005434782608695652,0.15579710144927536,0.14492753623188406,0.0,0.018417874396135264,4
3313.0,10794,12231,11,18,1437,516,480,53,0,8,0.0033202535466344703,0.005433142167220043,0.1557500754603079,0.1448837911258678,0.0,0.018412315122245698,4
3314.0,10797,12231,11,18,1434,516,480,53,0,8,0.0033192516596258297,0.005431502715751358,0.15570307785153892,0.14484007242003621,0.0,0.018406759203379603,4
3315.0,10800,12231,11,18,1431,516,480,53,0,8,0.0033182503770739064,0.005429864253393665,0.15565610859728507,0.14479638009049775,0.0,0.018401206636500755,4
3316.0,10803,12231,11,18,1428,517,480,53,0,8,0.0033172496984318458,0.005428226779252111,0.15591073582629675,0.14475271411338964,0.0,0.0183956574185766,4
3317.0,10806,12239,11,18,1433,517,480,53,0,8,0.003316249623153452,0.005426590292432921,0.15586373228821224,0.1447090744648779,0.0,0.018390111546578235,4
3318.0,10809,12239,11,18,1430,517,480,53,0,8,0.003315250150693189,0.0054249547920434,0.15581675708257986,0.14466546112115733,0.0,0.01838456901748041,4
3319.0,10812,12239,11,18,1427,517,480,53,0,8,0.0033142512805061767,0.005423320277191925,0.1557698101837903,0.14462187405845134,0.0,0.018379029828261523,4
3320.0,10815,12239,11,18,1424,517,480,53,0,8,0.0033132530120481927,0.005421686746987952,0.15572289156626506,0.14457831325301204,0.0,0.018373493975903616,4
3321.0,10818,12239,11,18,1421,517,480,53,0,8,0.00331225534477567,0.005420054200542005,0.1556760012044565,0.14453477868112014,0.0,0.018367961457392352,4
3322.0,10821,12239,11,18,1418,518,480,53,0,8,0.0033112582781456954,0.005418422636965683,0.1559301625526791,0.1444912703190849,0.0,0.01836243226971704,4
3323.0,10824,12247,11,18,1423,518,480,53,0,8,0.0033102618116160097,0.005416792055371652,0.15588323803791754,0.14444778814324405,0.0,0.0183569064098706,4
3324.0,10827,12247,11,18,1420,518,480,53,0,8,0.003309265944645006,0.005415162454873646,0.15583634175691938,0.1444043321299639,0.0,0.018351383874849577,4
3325.0,10830,12247,11,18,1417,518,480,53,0,8,0.0033082706766917294,0.005413533834586466,0.15578947368421053,0.1443609022556391,0.0,0.018345864661654134,4
3326.0,10833,12247,11,18,1414,518,480,53,0,8,0.003307276007215875,0.005411906193625977,0.15574263379434755,0.14431749849669273,0.0,0.018340348767288035,4
3327.0,10836,12247,11,18,1411,518,480,54,0,8,0.0033062819356777877,0.005410279531109108,0.15569582206191765,0.1442741208295762,0.0,0.018635407273820258,4
3328.0,10839,12249,11,18,1410,518,480,54,0,8,0.0033052884615384615,0.005408653846153846,0.15564903846153846,0.14423076923076922,0.0,0.018629807692307692,4
3329.0,10842,12249,11,18,1407,518,481,54,0,8,0.0033042955842595375,0.0054070291378792434,0.15560228296785822,0.14448783418443978,0.0,0.018624211474917392,4
3330.0,10845,12252,11,18,1407,518,481,55,0,8,0.003303303303303303,0.005405405405405406,0.15555555555555556,0.14444444444444443,0.0,0.01891891891891892,4
3331.0,10848,12254,11,18,1406,518,482,55,0,8,0.003302311618132693,0.005403782647853498,0.15550885619933955,0.14470129090363254,0.0,0.018913239267487243,4
3332.0,10851,12257,11,18,1406,518,482,55,0,8,0.0033013205282112846,0.005402160864345739,0.15546218487394958,0.1446578631452581,0.0,0.018907563025210083,4
3333.0,10854,12257,11,18,1403,519,482,55,0,8,0.0033003300330033004,0.0054005400540054005,0.1557155715571557,0.14461446144614462,0.0,0.018901890189018902,4
3334.0,10857,12265,11,18,1408,519,482,55,0,8,0.0032993401319736052,0.005398920215956809,0.15566886622675466,0.14457108578284344,0.0,0.01889622075584883,4
3335.0,10860,12265,11,18,1405,519,482,55,0,8,0.003298350824587706,0.005397301349325337,0.15562218890554722,0.14452773613193404,0.0,0.018890554722638682,4
3336.0,10863,12265,11,18,1402,519,482,55,0,8,0.0032973621103117505,0.00539568345323741,0.15557553956834533,0.14448441247002397,0.0,0.018884892086330936,4
3337.0,10866,12265,11,18,1399,519,482,55,0,8,0.003296373988612526,0.005394066526820497,0.155528918189991,0.14444111477374888,0.0,0.018879232843871743,4
3338.0,10869,12265,11,18,1396,519,483,55,0,8,0.0032953864589574597,0.005392450569203115,0.1554823247453565,0.14469742360695026,0.0,0.018873576992210903,4
3339.0,10872,12268,11,18,1396,520,483,55,0,8,0.0032943995208146153,0.005390835579514825,0.1557352500748727,0.14465408805031446,0.0,0.018867924528301886,4
3340.0,10875,12276,11,18,1401,520,484,55,0,8,0.0032934131736526945,0.005389221556886228,0.15568862275449102,0.14491017964071856,0.0,0.018862275449101795,4
3341.0,10878,12279,11,18,1401,520,484,55,0,8,0.0032924274169410356,0.005387608500448967,0.1556420233463035,0.14486680634540558,0.0,0.018856629751571385,4
3342.0,10881,12279,11,18,1398,520,484,55,0,8,0.003291442250149611,0.005385996409335727,0.15559545182525433,0.1448234590065829,0.0,0.018850987432675045,4
3343.0,10884,12279,11,18,1395,520,484,55,0,8,0.003290457672749028,0.0053843852826802275,0.15554890816631767,0.14478013760095723,0.0,0.018845348489380794,4
3344.0,10887,12279,11,18,1392,520,484,55,0,8,0.003289473684210526,0.005382775119617225,0.15550239234449761,0.14473684210526316,0.0,0.018839712918660288,4
3345.0,10890,12279,11,18,1389,520,485,55,0,8,0.003288490284005979,0.0053811659192825115,0.1554559043348281,0.14499252615844543,0.0,0.01883408071748879,4
3346.0,10893,12282,11,18,1389,520,485,55,0,8,0.00328750747160789,0.005379557680812911,0.15540944411237298,0.14494919306634788,0.0,0.01882845188284519,4
3347.0,10896,12282,11,18,1386,521,485,55,0,8,0.0032865252464893933,0.00537795040334628,0.155661786674634,0.14490588586794145,0.0,0.01882282641171198,4
3348.0,10899,12290,11,18,1391,522,485,55,0,8,0.0032855436081242534,0.005376344086021506,0.15591397849462366,0.1448626045400239,0.0,0.01881720430107527,4
3349.0,10902,12298,11,18,1396,522,485,55,0,8,0.0032845625559868616,0.005374738727978501,0.15586742311137652,0.14481934905942073,0.0,0.018811585547924753,4
3350.0,10905,12298,11,18,1393,522,486,55,0,8,0.0032835820895522386,0.005373134328358209,0.15582089552238806,0.14507462686567163,0.0,0.018805970149253733,4
3351.0,10908,12301,11,18,1393,522,487,55,0,8,0.003282602208296031,0.005371530886302597,0.1557743957027753,0.14532975231274248,0.0,0.018800358102059087,4
3352.0,10911,12304,11,18,1393,523,487,55,0,8,0.0032816229116945108,0.0053699284009546535,0.15602625298329356,0.14528639618138425,0.0,0.01879474940334129,4
3353.0,10914,12312,11,18,1398,523,487,55,0,8,0.003280644199224575,0.0053683268714583956,0.15597971965404114,0.14524306591112437,0.0,0.018789144050104383,4
3354.0,10917,12312,11,18,1395,523,488,55,0,8,0.003279666070363745,0.005366726296958855,0.15593321407274896,0.1454979129397734,0.0,0.018783542039355994,4
3355.0,10920,12315,11,18,1395,523,488,55,0,8,0.003278688524590164,0.005365126676602086,0.15588673621460505,0.14545454545454545,0.0,0.018777943368107303,4
3356.0,10923,12315,11,18,1392,523,488,55,0,8,0.0032777115613825984,0.005363528009535161,0.15584028605482717,0.14541120381406436,0.0,0.018772348033373062,4
3357.0,10926,12315,11,18,1389,523,488,55,0,8,0.0032767351802204347,0.005361930294906166,0.15579386356866248,0.14536788799523384,0.0,0.01876675603217158,4
3358.0,10929,12315,11,18,1386,523,488,55,0,8,0.003275759380583681,0.005360333531864205,0.15574746873138773,0.14532459797498512,0.0,0.01876116736152472,4
3359.0,10932,12315,11,18,1383,524,488,55,0,8,0.003274784161952962,0.005358737719559393,0.15599880916939565,0.14528133373027688,0.0,0.018755582018457874,4
3360.0,10935,12323,11,18,1388,524,488,55,0,8,0.003273809523809524,0.005357142857142857,0.15595238095238095,0.14523809523809525,0.0,0.01875,4
3361.0,10938,12323,11,18,1385,524,489,55,0,8,0.0032728354656352274,0.005355548943766736,0.1559059803629872,0.14549241297232968,0.0,0.018744421303183576,4
3362.0,10941,12326,11,18,1385,524,489,55,0,8,0.003271861986912552,0.005353955978584176,0.15585960737656157,0.14544913741820345,0.0,0.018738845925044618,4
3363.0,10944,12326,11,18,1382,524,489,55,0,8,0.0032708890871245913,0.0053523639607493305,0.15581326196848053,0.14540588760035683,0.0,0.01873327386262266,4
3364.0,10947,12326,11,18,1379,524,490,55,0,8,0.0032699167657550534,0.00535077288941736,0.15576694411414982,0.1456599286563615,0.0,0.01872770511296076,4
3365.0,10950,12329,11,18,1379,524,490,55,0,8,0.0032689450222882616,0.005349182763744428,0.15572065378900446,0.14561664190193166,0.0,0.018722139673105497,4
3366.0,10953,12329,11,18,1376,524,491,55,0,8,0.0032679738562091504,0.0053475935828877,0.1556743909685086,0.14587046939988116,0.0,0.01871657754010695,4
3367.0,10956,12332,11,18,1376,524,491,55,0,8,0.003267003267003267,0.005346005346005346,0.15562815562815563,0.14582714582714582,0.0,0.018711018711018712,4
3368.0,10959,12332,11,18,1373,524,491,55,0,8,0.0032660332541567696,0.005344418052256532,0.15558194774346792,0.14578384798099764,0.0,0.018705463182897862,4
3369.0,10962,12332,11,18,1370,524,492,55,0,8,0.003265063817156426,0.005342831700801425,0.15553576728999705,0.1460373998219056,0.0,0.018699910952804988,4
3370.0,10965,12335,11,18,1370,524,493,55,0,8,0.0032640949554896144,0.005341246290801187,0.15548961424332344,0.14629080118694363,0.0,0.018694362017804153,4
3371.0,10968,12338,11,18,1370,524,493,55,0,8,0.003263126668644319,0.005339661821417977,0.15544348857905665,0.14624740433105904,0.0,0.01868881637496292,4
3372.0,10971,12338,11,18,1367,524,494,55,0,8,0.003262158956109134,0.005338078291814947,0.1553973902728351,0.1465005931198102,0.0,0.018683274021352312,4
3373.0,10974,12341,11,18,1367,524,495,55,0,8,0.003261191817373258,0.005336495701156241,0.1553513193003261,0.14675363178179662,0.0,0.018677734954046843,4
3374.0,10977,12344,11,18,1367,525,495,55,0,8,0.003260225251926497,0.005334914048606995,0.15560165975103735,0.14671013633669236,0.0,0.01867219917012448,4
3375.0,10980,12352,11,18,1372,525,495,55,0,8,0.003259259259259259,0.005333333333333333,0.15555555555555556,0.14666666666666667,0.0,0.018666666666666668,4
3376.0,10983,12352,11,18,1369,525,496,55,0,8,0.003258293838862559,0.00533175355450237,0.15550947867298578,0.14691943127962084,0.0,0.018661137440758292,4
3377.0,10986,12355,11,18,1369,526,496,55,0,8,0.003257328990228013,0.005330174711282203,0.1557595498963577,0.14687592537755403,0.0,0.01865561148948771,4
3378.0,10989,12363,11,18,1374,526,497,55,0,8,0.003256364712847839,0.0053285968028419185,0.1557134399052694,0.14712847838957963,0.0,0.018650088809946713,4
3379.0,10992,12366,11,18,1374,526,497,55,0,8,0.0032554010062148565,0.005327019828351583,0.15566735720627403,0.1470849363717076,0.0,0.01864456939923054,4
3380.0,10995,12366,11,18,1371,527,497,55,0,8,0.003254437869822485,0.0053254437869822485,0.1559171597633136,0.1470414201183432,0.0,0.01863905325443787,4
3381.0,10998,12374,11,18,1376,527,498,55,0,8,0.003253475303164744,0.005323868677905945,0.15587104406980185,0.14729370008873113,0.0,0.018633540372670808,4
3382.0,11001,12377,11,18,1376,527,498,55,0,8,0.003252513305736251,0.005322294500295683,0.15582495564754584,0.14725014784151388,0.0,0.01862803075103489,4
3383.0,11004,12377,11,18,1373,527,498,55,0,8,0.00325155187703222,0.0053207212533254505,0.15577889447236182,0.14720662134200413,0.0,0.018622524386639076,4
3384.0,11007,12377,11,18,1370,527,498,55,0,8,0.0032505910165484633,0.005319148936170213,0.15573286052009455,0.14716312056737588,0.0,0.018617021276595744,4
3385.0,11010,12377,11,18,1367,527,498,55,0,8,0.0032496307237813884,0.005317577548005908,0.15568685376661742,0.14711964549483014,0.0,0.01861152141802068,4
3386.0,11013,12377,11,18,1364,527,498,55,0,8,0.0032486709982279976,0.005316007088009451,0.15564087418783226,0.1470761961015948,0.0,0.018606024808033077,4
3387.0,11016,12377,11,18,1361,527,499,55,0,8,0.003247711839385887,0.005314437555358724,0.15559492175966932,0.14732801889577798,0.0,0.018600531443755536,4
3388.0,11019,12380,11,18,1361,527,499,55,0,8,0.003246753246753247,0.005312868949232586,0.15554899645808737,0.14728453364817,0.0,0.01859504132231405,4
3389.0,11022,12380,11,18,1358,527,500,55,0,8,0.003245795219828858,0.005311301268810859,0.15550309825907346,0.14753614635585718,0.0,0.018589554440838006,4
3390.0,11025,12383,11,18,1358,527,500,55,0,8,0.0032448377581120944,0.005309734513274336,0.15545722713864307,0.14749262536873156,0.0,0.018584070796460177,4
3391.0,11028,12383,11,18,1355,527,500,55,0,8,0.0032438808611029196,0.005308168681804777,0.15541138307283986,0.14744913005013272,0.0,0.01857859038631672,4
3392.0,11031,12383,11,18,1352,527,500,55,0,8,0.003242924528301887,0.005306603773584905,0.15536556603773585,0.1474056603773585,0.0,0.01857311320754717,4
3393.0,11034,12383,11,18,1349,527,500,55,0,8,0.0032419687592101384,0.005305039787798408,0.15531977600943117,0.14736221632773358,0.0,0.01856763925729443,4
3394.0,11037,12383,11,18,1346,527,500,55,0,8,0.003241013553329405,0.005303476723629935,0.15527401296405421,0.1473187978786093,0.0,0.018562168532704773,4
3395.0,11040,12383,11,18,1343,527,500,55,0,8,0.003240058910162003,0.005301914580265096,0.15522827687776142,0.14727540500736377,0.0,0.018556701030927835,4
3396.0,11043,12383,11,18,1340,528,500,55,0,8,0.0032391048292108363,0.00530035335689046,0.15547703180212014,0.14723203769140164,0.0,0.018551236749116608,4
3397.0,11046,12391,11,18,1345,529,500,55,0,8,0.0032381513099793936,0.005298793052693553,0.1557256402708272,0.14718869590815425,0.0,0.018545775684427435,4
3398.0,11049,12399,11,18,1350,529,500,55,0,8,0.003237198351971748,0.00529723366686286,0.15567981165391406,0.14714537963507945,0.0,0.018540317834020013,4
3399.0,11052,12399,11,18,1347,530,500,55,0,8,0.003236245954692557,0.00529567519858782,0.15592821418064137,0.14710208884966167,0.0,0.018534863195057368,4
3400.0,11055,12407,11,18,1352,530,500,55,0,8,0.003235294117647059,0.005294117647058823,0.15588235294117647,0.14705882352941177,0.0,0.01852941176470588,4
3401.0,11058,12407,11,18,1349,530,501,55,0,8,0.003234342840341076,0.0052925610114672155,0.1558365186709791,0.14730961481917082,0.0,0.018523963540135253,4
3402.0,11061,12410,11,18,1349,530,502,55,0,8,0.003233392122281011,0.005291005291005291,0.1557907113462669,0.1475602586713698,0.0,0.018518518518518517,4
3403.0,11064,12413,11,18,1349,530,502,55,0,8,0.0032324419629738465,0.005289450484866294,0.15574493094328534,0.14751689685571553,0.0,0.01851307669703203,4
3404.0,11067,12413,11,18,1346,530,502,55,0,8,0.0032314923619271444,0.005287896592244419,0.15569917743830788,0.14747356051703878,0.0,0.018507638072855465,4
3405.0,11070,12413,11,18,1343,530,502,55,0,8,0.0032305433186490457,0.0052863436123348016,0.15565345080763582,0.1474302496328928,0.0,0.018502202643171806,4
3406.0,11073,12413,11,18,1340,530,502,55,0,8,0.0032295948326482677,0.005284791544333529,0.15560775102759836,0.1473869641808573,0.0,0.01849677040516735,4
3407.0,11076,12413,11,18,1337,531,502,55,0,8,0.003228646903434106,0.005283240387437629,0.15585559142941005,0.1473437041385383,0.0,0.0184913413560317,4
3408.0,11079,12421,11,18,1342,531,502,55,0,8,0.003227699530516432,0.00528169014084507,0.15580985915492956,0.14730046948356806,0.0,0.018485915492957746,4
3409.0,11082,12421,11,18,1339,531,502,55,0,8,0.0032267527134056907,0.005280140803754767,0.15576415371076563,0.14725726019360516,0.0,0.018480492813141684,4
3410.0,11085,12421,11,18,1336,531,503,55,0,8,0.0032258064516129032,0.005278592375366569,0.1557184750733138,0.14750733137829913,0.0,0.01847507331378299,4
3411.0,11088,12424,11,18,1336,531,503,55,0,8,0.0032248607446496626,0.005277044854881266,0.15567282321899736,0.14746408677807094,0.0,0.018469656992084433,4
3412.0,11091,12424,11,18,1333,531,503,55,0,8,0.003223915592028136,0.005275498241500586,0.15562719812426729,0.14742086752637748,0.0,0.01846424384525205,4
3413.0,11094,12424,11,18,1330,531,503,55,0,8,0.0032229709932610606,0.00527395253442719,0.1555815997656021,0.1473776736009376,0.0,0.018458833870495166,4
3414.0,11097,12424,11,18,1327,531,503,55,0,8,0.003222026947861746,0.005272407732864675,0.1555360281195079,0.14733450497949618,0.0,0.01845342706502636,4
3415.0,11100,12424,11,18,1324,531,503,55,0,8,0.00322108345534407,0.005270863836017569,0.1554904831625183,0.14729136163982431,0.0,0.018448023426061493,4
3416.0,11103,12424,11,18,1321,531,503,55,0,8,0.0032201405152224825,0.005269320843091335,0.15544496487119439,0.14724824355971897,0.0,0.018442622950819672,4
3417.0,11106,12424,11,18,1318,531,503,55,0,8,0.003219198127011999,0.0052677787532923615,0.15539947322212466,0.1472051507170032,0.0,0.018437225636523266,4
3418.0,11109,12424,11,18,1315,531,503,55,0,8,0.0032182562902282035,0.0052662375658279695,0.1553540081919251,0.14716208308952605,0.0,0.018431831480397894,4
3419.0,11112,12424,11,18,1312,532,503,55,0,8,0.0032173150043872476,0.005264697279906405,0.15560105293945597,0.14711904065516232,0.0,0.01842644047967242,4
3420.0,11115,12432,11,18,1317,532,504,55,0,8,0.003216374269005848,0.005263157894736842,0.15555555555555556,0.14736842105263157,0.0,0.018421052631578946,4
3421.0,11118,12435,11,18,1317,532,504,55,0,8,0.003215434083601286,0.005261619409529378,0.15551008477053493,0.14732534346682258,0.0,0.018415667933352822,4
3422.0,11121,12435,11,18,1314,532,504,55,0,8,0.0032144944476914087,0.005260081823495032,0.1554646405610754,0.1472822910578609,0.0,0.01841028638223261,4
3423.0,11124,12435,11,18,1311,532,504,55,0,8,0.0032135553607946245,0.0052585451358457495,0.1554192229038855,0.147239263803681,0.0,0.018404907975460124,4
3424.0,11127,12435,11,18,1308,533,504,55,0,8,0.0032126168224299065,0.005257009345794392,0.15566588785046728,0.14719626168224298,0.0,0.018399532710280372,4
3425.0,11130,12443,11,18,1313,533,505,55,0,8,0.003211678832116788,0.005255474452554744,0.15562043795620437,0.14744525547445256,0.0,0.018394160583941607,4
3426.0,11133,12446,11,18,1313,534,505,55,0,8,0.003210741389375365,0.005253940455341506,0.15586690017513136,0.14740221833041448,0.0,0.01838879159369527,4
3427.0,11136,12454,11,18,1318,534,505,55,0,8,0.0032098044937262913,0.005252407353370295,0.1558214181499854,0.14735920630288882,0.0,0.018383425736796032,4
3428.0,11139,12454,11,18,1315,534,505,55,0,8,0.0032088681446907816,0.005250875145857643,0.1557759626604434,0.14731621936989497,0.0,0.01837806301050175,4
3429.0,11142,12454,11,18,1312,534,505,55,0,8,0.0032079323417906094,0.005249343832020997,0.1557305336832896,0.14727325750947798,0.0,0.01837270341207349,4
3430.0,11145,12454,11,18,1309,534,505,55,0,8,0.003206997084548105,0.0052478134110787176,0.15568513119533528,0.14723032069970846,0.0,0.018367346938775512,4
3431.0,11148,12454,11,18,1306,534,505,55,0,8,0.0032060623724861556,0.0052462838822500725,0.15563975517341883,0.1471874089186826,0.0,0.018361993587875255,4
3432.0,11151,12454,11,18,1303,534,505,55,0,8,0.003205128205128205,0.005244755244755245,0.1555944055944056,0.14714452214452214,0.0,0.018356643356643356,4
3433.0,11154,12454,11,18,1300,534,505,55,0,8,0.003204194581998252,0.0052432274978153216,0.1555490824351879,0.1471016603553743,0.0,0.018351296242353626,4
3434.0,11157,12454,11,18,1297,534,505,55,0,8,0.00320326150262085,0.0052417006406523005,0.1555037856726849,0.14705882352941177,0.0,0.018345952242283053,4
3435.0,11160,12454,11,18,1294,534,505,55,0,8,0.003202328966521106,0.005240174672489083,0.1554585152838428,0.1470160116448326,0.0,0.01834061135371179,4
3436.0,11163,12454,11,18,1291,534,505,55,0,8,0.0032013969732246797,0.005238649592549476,0.15541327124563445,0.1469732246798603,0.0,0.018335273573923165,4
3437.0,11166,12454,11,18,1288,534,505,55,0,8,0.003200465522257783,0.00523712540005819,0.15536805353505964,0.14693046261274367,0.0,0.018329938900203666,4
3438.0,11169,12454,11,18,1285,534,505,55,0,8,0.0031995346131471784,0.005235602094240838,0.15532286212914484,0.14688772542175685,0.0,0.01832460732984293,4
3439.0,11172,12454,11,18,1282,534,505,55,0,8,0.00319860424542018,0.005234079674323932,0.1552776970049433,0.14684501308519918,0.0,0.01831927886013376,4
3440.0,11175,12454,11,18,1279,534,506,55,0,8,0.003197674418604651,0.005232558139534884,0.15523255813953488,0.14709302325581394,0.0,0.018313953488372094,4
3441.0,11178,12457,11,18,1279,535,506,55,0,8,0.0031967451322290033,0.0052310374891020054,0.15547805870386516,0.14705027608253415,0.0,0.018308631211857017,4
3442.0,11181,12465,11,18,1284,536,506,55,0,8,0.0031958163858221964,0.005229517722254503,0.1557234166182452,0.14700755374782104,0.0,0.01830331202789076,4
3443.0,11184,12473,11,18,1289,536,506,55,0,8,0.003194888178913738,0.00522799883822248,0.15567818762706942,0.14696485623003194,0.0,0.01829799593377868,4
3444.0,11187,12473,11,18,1286,536,506,55,0,8,0.003193960511033682,0.005226480836236934,0.15563298490127758,0.14692218350754935,0.0,0.018292682926829267,4
3445.0,11190,12473,11,18,1283,536,506,55,0,8,0.003193033381712627,0.0052249637155297535,0.1555878084179971,0.14687953555878083,0.0,0.018287373004354138,4
3446.0,11193,12473,11,18,1280,536,506,55,0,8,0.003192106790481718,0.00522344747533372,0.1555426581543819,0.146836912362159,0.0,0.01828206616366802,4
3447.0,11196,12473,11,18,1277,536,506,55,0,8,0.003191180736872643,0.005221932114882507,0.1554975340876124,0.14679431389614156,0.0,0.018276762402088774,4
3448.0,11199,12473,11,18,1274,536,507,55,0,8,0.0031902552204176333,0.005220417633410673,0.1554524361948956,0.14704176334106728,0.0,0.018271461716937356,4
3449.0,11202,12476,11,18,1274,536,507,55,0,8,0.0031893302406494637,0.005218904030153668,0.15540736445346479,0.14699913018266164,0.0,0.018266164105537837,4
3450.0,11205,12476,11,18,1271,536,507,55,0,8,0.003188405797101449,0.0052173913043478265,0.15536231884057972,0.14695652173913043,0.0,0.018260869565217393,4
3451.0,11208,12476,11,18,1268,537,507,55,0,8,0.003187481889307447,0.005215879455230368,0.15560707041437263,0.1469139379889887,0.0,0.018255578093306288,4
3452.0,11211,12484,11,18,1273,537,507,55,0,8,0.003186558516801854,0.005214368482039398,0.1555619930475087,0.14687137891077637,0.0,0.01825028968713789,4
3453.0,11214,12484,11,18,1270,537,507,55,0,8,0.003185635679119606,0.005212858384013901,0.15551694178974804,0.14682884448305822,0.0,0.018245004344048653,4
3454.0,11217,12484,11,18,1267,537,507,55,0,8,0.0031847133757961785,0.0052113491603937466,0.15547191661841345,0.14678633468442387,0.0,0.01823972206137811,4
3455.0,11220,12484,11,18,1264,538,507,55,0,8,0.0031837916063675834,0.005209840810419681,0.1557163531114327,0.1467438494934877,0.0,0.018234442836468887,4
3456.0,11223,12492,11,18,1269,538,507,55,0,8,0.00318287037037037,0.005208333333333333,0.1556712962962963,0.1467013888888889,0.0,0.018229166666666668,4
3457.0,11226,12492,11,18,1266,538,507,55,0,8,0.003181949667341626,0.005206826728377205,0.15562626554816314,0.14665895284929129,0.0,0.01822389354932022,4
3458.0,11229,12492,11,18,1263,538,508,55,0,8,0.0031810294968189707,0.005205320994794679,0.15558126084441873,0.14690572585309428,0.0,0.018218623481781375,4
3459.0,11232,12495,11,18,1263,538,508,55,0,8,0.003180109858340561,0.005203816131830009,0.1555362821624747,0.14686325527609134,0.0,0.01821335646140503,4
3460.0,11235,12495,11,18,1260,538,508,55,0,8,0.003179190751445087,0.005202312138728324,0.1554913294797688,0.14682080924855492,0.0,0.018208092485549134,4
3461.0,11238,12495,11,18,1257,538,509,55,0,8,0.003178272175671771,0.005200809014735626,0.1554464027737648,0.14706732158335742,0.0,0.018202831551574688,4
3462.0,11241,12498,11,18,1257,538,509,55,0,8,0.0031773541305603697,0.005199306759098787,0.15540150202195263,0.14702484113229347,0.0,0.018197573656845753,4
3463.0,11244,12498,11,18,1254,538,509,55,0,8,0.0031764366156511693,0.0051978053710655505,0.15535662720184812,0.14698238521513138,0.0,0.018192318798729425,4
3464.0,11247,12498,11,18,1251,538,510,55,0,8,0.0031755196304849883,0.005196304849884526,0.15531177829099307,0.14722863741339492,0.0,0.018187066974595843,4
3465.0,11250,12501,11,18,1251,538,510,55,0,8,0.0031746031746031746,0.005194805194805195,0.15526695526695528,0.1471861471861472,0.0,0.01818181818181818,4
3466.0,11253,12501,11,18,1248,538,510,55,0,8,0.0031736872475476054,0.0051933064050779,0.15522215810732834,0.14714368147720716,0.0,0.01817657241777265,4
3467.0,11256,12501,11,18,1245,539,510,55,0,8,0.0031727718488606866,0.005191808479953851,0.15546582059417363,0.1471012402653591,0.0,0.018171329679838477,4
3468.0,11259,12509,11,18,1250,539,510,55,0,8,0.0031718569780853517,0.005190311418685121,0.15542099192618225,0.14705882352941177,0.0,0.018166089965397925,4
3469.0,11262,12509,11,18,1247,539,510,55,0,8,0.003170942634765062,0.0051888152205246466,0.15537618910348805,0.14701643124819833,0.0,0.018160853271836263,4
3470.0,11265,12509,11,18,1244,540,510,55,0,8,0.003170028818443804,0.005187319884726225,0.15561959654178675,0.14697406340057637,0.0,0.018155619596541786,4
3471.0,11268,12517,11,18,1249,540,510,55,0,8,0.0031691155286660906,0.005185825410544511,0.15557476231633535,0.14693171996542784,0.0,0.018150388936905792,4
3472.0,11271,12517,11,18,1246,540,510,55,0,8,0.0031682027649769587,0.005184331797235023,0.15552995391705068,0.14688940092165897,0.0,0.018145161290322582,4
3473.0,11274,12517,11,18,1243,540,510,55,0,8,0.0031672905269219693,0.005182839044054132,0.15548517132162396,0.1468471062482004,0.0,0.018139936654189462,4
3474.0,11277,12517,11,18,1240,540,511,55,0,8,0.0031663788140472078,0.0051813471502590676,0.15544041450777202,0.14709268854346574,0.0,0.018134715025906734,4
3475.0,11280,12520,11,18,1240,540,511,55,0,8,0.0031654676258992807,0.005179856115107914,0.1553956834532374,0.1470503597122302,0.0,0.0181294964028777,4
3476.0,11283,12520,11,18,1237,540,511,55,0,8,0.0031645569620253164,0.005178365937859608,0.15535097813578827,0.14700805523590335,0.0,0.01812428078250863,4
3477.0,11286,12520,11,18,1234,540,511,55,0,8,0.0031636468219729654,0.005176876617773943,0.15530629853321828,0.1469657750934714,0.0,0.0181190681622088,4
3478.0,11289,12520,11,18,1231,540,511,55,0,8,0.0031627372052903968,0.005175388154111558,0.15526164462334674,0.14692351926394479,0.0,0.018113858539390456,4
3479.0,11292,12520,11,18,1228,540,512,55,0,8,0.0031618281115263006,0.005173900546133947,0.15521701638401839,0.1471687266455878,0.0,0.018108651911468814,4
3480.0,11295,12523,11,18,1228,540,512,55,0,8,0.003160919540229885,0.005172413793103448,0.15517241379310345,0.1471264367816092,0.0,0.01810344827586207,4
3481.0,11298,12523,11,18,1225,541,512,55,0,8,0.003160011490950876,0.005170927894283252,0.1554151106004022,0.14708417121516806,0.0,0.018098247629991383,4
3482.0,11301,12531,11,18,1230,542,512,55,0,8,0.0031591039632395176,0.005169442848937392,0.1556576680068926,0.14704192992533027,0.0,0.01809304997128087,4
3483.0,11304,12539,11,18,1235,542,512,55,0,8,0.003158196956646569,0.00516795865633075,0.15561297731840368,0.14699971289118577,0.0,0.01808785529715762,4
3484.0,11307,12539,11,18,1232,542,512,55,0,8,0.0031572904707233064,0.005166475315729047,0.1555683122847302,0.14695752009184845,0.0,0.018082663605051664,4
3485.0,11310,12539,11,18,1229,542,512,55,0,8,0.0031563845050215206,0.005164992826398852,0.15552367288378766,0.14691535150645624,0.0,0.018077474892395983,4
3486.0,11313,12539,11,18,1226,543,512,55,0,8,0.003155479059093517,0.0051635111876075735,0.15576592082616178,0.14687320711417096,0.0,0.018072289156626505,4
3487.0,11316,12547,11,18,1231,543,512,55,0,8,0.0031545741324921135,0.005162030398623459,0.15572125035847434,0.14683108689417837,0.0,0.018067106395182105,4
3488.0,11319,12547,11,18,1228,543,512,55,0,8,0.0031536697247706424,0.005160550458715597,0.15567660550458715,0.14678899082568808,0.0,0.018061926605504586,4
3489.0,11322,12547,11,18,1225,544,512,55,0,8,0.0031527658354829464,0.005159071367153913,0.15591860131842936,0.1467469188879335,0.0,0.018056749785038694,4
3490.0,11325,12555,11,18,1230,544,512,55,0,8,0.003151862464183381,0.005157593123209169,0.15587392550143267,0.1467048710601719,0.0,0.01805157593123209,4
3491.0,11328,12555,11,18,1227,544,512,55,0,8,0.003150959610426812,0.005156115726152965,0.1558292752792896,0.14666284732168433,0.0,0.018046405041535377,4
3492.0,11331,12555,11,18,1224,544,512,55,0,8,0.003150057273768614,0.005154639175257732,0.15578465063001146,0.1466208476517755,0.0,0.01804123711340206,4
3493.0,11334,12555,11,18,1221,544,512,55,0,8,0.0031491554537646724,0.005153163469796736,0.1557400515316347,0.14657887202977382,0.0,0.018036072144288578,4
3494.0,11337,12555,11,18,1218,544,512,55,0,8,0.0031482541499713796,0.005151688609044075,0.15569547796222094,0.14653692043503147,0.0,0.018030910131654265,4
3495.0,11340,12555,11,18,1215,544,512,55,0,8,0.0031473533619456365,0.005150214592274678,0.15565092989985693,0.1464949928469242,0.0,0.018025751072961373,4
3496.0,11343,12555,11,18,1212,544,512,55,0,8,0.003146453089244851,0.005148741418764302,0.15560640732265446,0.14645308924485126,0.0,0.018020594965675058,4
3497.0,11346,12555,11,18,1209,544,512,55,0,8,0.0031455533314269373,0.005147269087789534,0.15556191020875035,0.14641120960823564,0.0,0.018015441807263367,4
3498.0,11349,12555,11,18,1206,544,513,55,0,8,0.0031446540880503146,0.005145797598627788,0.15551743853630645,0.14665523156089194,0.0,0.018010291595197257,4
3499.0,11352,12558,11,18,1206,544,513,55,0,8,0.003143755358673907,0.005144326950557302,0.15547299228350958,0.1466133180908831,0.0,0.018005144326950558,4
3500.0,11355,12558,11,18,1203,544,514,55,0,8,0.003142857142857143,0.005142857142857143,0.15542857142857142,0.14685714285714285,0.0,0.018,4
3501.0,11358,12561,11,18,1203,545,514,55,0,8,0.003141959440159954,0.005141388174807198,0.15566980862610683,0.14681519565838333,0.0,0.017994858611825194,4
3502.0,11361,12569,11,18,1208,545,514,55,0,8,0.0031410622501427754,0.005139920045688178,0.15562535693889207,0.14677327241576243,0.0,0.017989720159908625,4
3503.0,11364,12569,11,18,1205,545,514,55,0,8,0.003140165572366543,0.005138452754781616,0.15558093063088782,0.1467313731087639,0.0,0.017984584641735656,4
3504.0,11367,12569,11,18,1202,546,514,55,0,8,0.003139269406392694,0.005136986301369863,0.1558219178082192,0.146689497716895,0.0,0.01797945205479452,4
3505.0,11370,12577,11,18,1207,546,514,55,0,8,0.003138373751783167,0.005135520684736091,0.1557774607703281,0.14664764621968615,0.0,0.017974322396576318,4
3506.0,11373,12577,11,18,1204,546,514,55,0,8,0.0031374786081003994,0.00513405590416429,0.15573302909298345,0.1466058185966914,0.0,0.017969195664575013,4
3507.0,11376,12577,11,18,1201,546,514,55,0,8,0.003136583974907328,0.0051325919589392645,0.15568862275449102,0.14656401482748788,0.0,0.017964071856287425,4
3508.0,11379,12577,11,18,1198,547,514,55,0,8,0.003135689851767389,0.005131128848346636,0.15592930444697833,0.14652223489167618,0.0,0.01795895096921323,4
3509.0,11382,12585,11,18,1203,547,515,55,0,8,0.003134796238244514,0.005129666571672842,0.15588486748361358,0.14676546024508408,0.0,0.017953833000854943,4
3510.0,11385,12588,11,18,1203,547,515,55,0,8,0.0031339031339031338,0.005128205128205128,0.15584045584045583,0.1467236467236467,0.0,0.017948717948717947,4
3511.0,11388,12588,11,18,1200,547,515,55,0,8,0.0031330105383081744,0.005126744517231558,0.15579606949587013,0.14668185702079178,0.0,0.017943605810310452,4
3512.0,11391,12588,11,18,1197,547,516,55,0,8,0.003132118451025057,0.005125284738041002,0.155751708428246,0.1469248291571754,0.0,0.017938496583143507,4
3513.0,11394,12591,11,18,1197,547,516,55,0,8,0.0031312268716196983,0.005123825789923143,0.15570737261599774,0.14688300597779674,0.0,0.017933390264730998,4
3514.0,11397,12591,11,18,1194,547,517,55,0,8,0.003130335799658509,0.005122367672168469,0.15566306203756403,0.14712578258394993,0.0,0.017928286852589643,4
3515.0,11400,12594,11,18,1194,547,517,55,0,8,0.0031294452347083927,0.005120910384068279,0.15561877667140825,0.14708392603129444,0.0,0.017923186344238975,4
3516.0,11403,12594,11,18,1191,547,517,55,0,8,0.0031285551763367463,0.005119453924914676,0.1555745164960182,0.14704209328782708,0.0,0.017918088737201365,4
3517.0,11406,12594,12,18,1188,547,517,55,0,8,0.0034119988626670457,0.005117998294000569,0.15553028148990616,0.14700028433323856,0.0,0.01791299402900199,4
3518.0,11425,12714,12,18,1289,547,517,55,0,8,0.0034110289937464467,0.00511654349061967,0.15548607163160888,0.14695849914724274,0.0,0.017907902217168845,4
3519.0,11428,12714,12,18,1286,547,517,55,0,8,0.0034100596760443308,0.005115089514066497,0.1554418868996874,0.14691673770957658,0.0,0.017902813299232736,4
3520.0,11431,12714,12,18,1283,547,517,55,0,8,0.003409090909090909,0.005113636363636364,0.15539772727272727,0.146875,0.0,0.017897727272727273,4
3521.0,11434,12714,12,18,1280,547,517,55,0,8,0.003408122692416927,0.005112184038625391,0.15535359272933827,0.14683328599829593,0.0,0.017892644135188866,4
3522.0,11437,12714,12,18,1277,547,517,55,0,8,0.0034071550255536627,0.005110732538330494,0.15530948324815447,0.1467915956842703,0.0,0.01788756388415673,4
3523.0,11440,12714,12,18,1274,548,517,55,0,8,0.0034061879080329264,0.00510928186204939,0.15554924780017032,0.14674992903775191,0.0,0.017882486517172863,4
3524.0,11443,12722,12,18,1279,548,517,55,0,8,0.00340522133938706,0.00510783200908059,0.15550510783200908,0.1467082860385925,0.0,0.017877412031782065,4
3525.0,11446,12722,12,18,1276,548,518,55,0,8,0.003404255319148936,0.005106382978723404,0.1554609929078014,0.14695035460992908,0.0,0.017872340425531916,4
3526.0,11449,12725,12,18,1276,548,518,55,0,8,0.003403289846851957,0.005104934770277935,0.15541690300623937,0.14690867838910948,0.0,0.017867271695972773,4
3527.0,11452,12725,12,18,1273,548,518,55,0,8,0.003402324922030054,0.005103487383045081,0.15537283810603914,0.146867025800964,0.0,0.017862205840657782,4
3528.0,11455,12725,12,18,1270,548,518,55,0,8,0.003401360544217687,0.00510204081632653,0.15532879818594103,0.14682539682539683,0.0,0.017857142857142856,4
3529.0,11458,12725,12,18,1267,548,518,55,0,8,0.003400396712949844,0.005100595069424767,0.15528478322470954,0.14678379144233494,0.0,0.01785208274298668,4
3530.0,11461,12725,12,18,1264,548,518,55,0,8,0.0033994334277620396,0.0050991501416430595,0.15524079320113315,0.14674220963172804,0.0,0.017847025495750707,4
3531.0,11464,12725,12,18,1261,548,518,55,0,8,0.0033984706881903144,0.005097706032285472,0.15519682809402435,0.14670065137354857,0.0,0.01784197111299915,4
3532.0,11467,12725,12,18,1258,548,518,55,0,8,0.0033975084937712344,0.005096262740656852,0.1551528878822197,0.14665911664779163,0.0,0.01783691959229898,4
3533.0,11470,12725,12,18,1255,548,518,55,0,8,0.003396546844041891,0.005094820266062836,0.15510897254457967,0.14661760543447494,0.0,0.017831870931219927,4
3534.0,11473,12725,12,18,1252,548,518,55,0,8,0.003395585738539898,0.0050933786078098476,0.15506508205998867,0.14657611771363893,0.0,0.017826825127334467,4
3535.0,11476,12725,12,18,1249,548,518,55,0,8,0.0033946251768033945,0.005091937765205092,0.15502121640735503,0.14653465346534653,0.0,0.01782178217821782,4
3536.0,11479,12725,12,18,1246,548,518,55,0,8,0.003393665158371041,0.005090497737556561,0.15497737556561086,0.14649321266968326,0.0,0.017816742081447963,4
3537.0,11482,12725,12,18,1243,548,519,55,0,8,0.0033927056827820186,0.005089058524173028,0.15493355951371218,0.14673452078032231,0.0,0.017811704834605598,4
3538.0,11485,12728,12,18,1243,548,519,55,0,8,0.0033917467495760316,0.005087620124364048,0.15488976823063877,0.14669304691916338,0.0,0.017806670435274168,4
3539.0,11488,12728,12,18,1240,548,519,55,0,8,0.003390788358293303,0.005086182537439954,0.15484600169539417,0.14665159649618537,0.0,0.017801638881039843,4
3540.0,11491,12728,12,18,1237,549,519,55,0,8,0.003389830508474576,0.005084745762711864,0.15508474576271186,0.14661016949152542,0.0,0.017796610169491526,4
3541.0,11494,12736,12,18,1242,549,519,55,0,8,0.003388873199661113,0.005083309799491669,0.1550409488844959,0.14656876588534312,0.0,0.017791584298220843,4
3542.0,11497,12736,12,18,1239,549,519,55,0,8,0.0033879164313946925,0.005081874647092038,0.15499717673630717,0.14652738565782045,0.0,0.017786561264822136,4
3543.0,11500,12736,12,18,1236,549,519,55,0,8,0.003386960203217612,0.005080440304826418,0.15495342929720576,0.14648602878916173,0.0,0.017781541066892465,4
3544.0,11503,12736,12,18,1233,549,519,55,0,8,0.003386004514672686,0.005079006772009029,0.1549097065462754,0.14644469525959367,0.0,0.017776523702031602,4
3545.0,11506,12736,12,18,1230,550,519,55,0,8,0.003385049365303244,0.005077574047954866,0.15514809590973203,0.14640338504936531,0.0,0.01777150916784203,4
3546.0,11509,12744,12,18,1235,550,519,56,0,8,0.00338409475465313,0.005076142131979695,0.1551043429216018,0.1463620981387479,0.0,0.01804850535815003,4
3547.0,11512,12746,12,18,1234,550,519,56,0,8,0.0033831406822667043,0.005074711023400056,0.15506061460389062,0.14632083450803496,0.0,0.01804341697208909,4
3548.0,11515,12746,12,18,1231,550,519,56,0,8,0.0033821871476888386,0.005073280721533258,0.15501691093573844,0.14627959413754227,0.0,0.018038331454340473,4
3549.0,11518,12746,12,18,1228,551,519,56,0,8,0.0033812341504649195,0.00507185122569738,0.15525500140884757,0.14623837700760778,0.0,0.01803324880247957,4
3550.0,11521,12754,12,18,1233,552,519,56,0,8,0.0033802816901408453,0.0050704225352112674,0.15549295774647887,0.14619718309859156,0.0,0.018028169014084508,4
3551.0,11524,12762,12,18,1238,552,519,56,0,8,0.0033793297662630243,0.005068994649394537,0.15544916924809912,0.1461560123908758,0.0,0.01802309208673613,4
3552.0,11527,12762,12,18,1235,553,519,56,0,8,0.0033783783783783786,0.005067567567567568,0.15568693693693694,0.14611486486486486,0.0,0.018018018018018018,4
3553.0,11530,12770,12,18,1240,553,519,56,0,8,0.0033774275260343373,0.0050661412890515055,0.1556431184914157,0.1460737405009851,0.0,0.018012946805516464,4
3554.0,11533,12770,12,18,1237,553,520,56,0,8,0.0033764772087788407,0.005064715813168261,0.15559932470455826,0.14631401238041644,0.0,0.018007878446820485,4
3555.0,11536,12773,12,18,1237,554,520,56,0,8,0.0033755274261603376,0.005063291139240506,0.15583684950773558,0.14627285513361463,0.0,0.0180028129395218,4
3556.0,11539,12781,12,18,1242,555,520,56,0,8,0.003374578177727784,0.005061867266591676,0.15607424071991002,0.14623172103487064,0.0,0.01799775028121485,4
3557.0,11542,12789,12,18,1247,555,520,56,0,8,0.0033736294630306437,0.005060444194545966,0.1560303626651673,0.14619061006466122,0.0,0.017992690469496767,4
3558.0,11545,12789,12,18,1244,555,520,57,0,8,0.003372681281618887,0.00505902192242833,0.15598650927487354,0.1461495222034851,0.0,0.018268690275435637,4
3559.0,11548,12791,12,18,1243,555,520,57,0,8,0.0033717336330429896,0.005057600449564484,0.15594268052823826,0.14610845743186288,0.0,0.01826355717898286,4
3560.0,11551,12791,12,18,1240,555,520,57,0,8,0.0033707865168539327,0.0050561797752808986,0.15589887640449437,0.14606741573033707,0.0,0.018258426966292134,4
3561.0,11554,12791,12,18,1237,555,520,57,0,8,0.003369839932603201,0.005054759898904802,0.15585509688289806,0.14602639707947207,0.0,0.01825329963493401,4
3562.0,11557,12791,12,18,1234,555,520,58,0,8,0.003368893879842785,0.0050533408197641775,0.1558113419427288,0.145985401459854,0.0,0.018528916339135316,4
3563.0,11560,12793,12,18,1233,555,520,58,0,8,0.0033679483581251753,0.005051922537187763,0.15576761156328936,0.14594442885209094,0.0,0.018523715969688465,4
3564.0,11563,12793,12,18,1230,555,520,58,0,8,0.003367003367003367,0.005050505050505051,0.15572390572390574,0.14590347923681257,0.0,0.018518518518518517,4
3565.0,11566,12793,12,18,1227,555,520,58,0,8,0.0033660589060308557,0.005049088359046283,0.15568022440392706,0.1458625525946704,0.0,0.018513323983169707,4
3566.0,11569,12793,12,18,1224,555,520,58,0,8,0.0033651149747616375,0.005047672462142457,0.15563656758272573,0.14582164890633764,0.0,0.018508132361189006,4
3567.0,11572,12793,12,18,1221,555,520,58,0,8,0.00336417157275021,0.005046257359125316,0.15559293523969722,0.14578076815250912,0.0,0.018502943650126155,4
3568.0,11575,12793,12,18,1218,555,520,58,0,8,0.0033632286995515697,0.005044843049327354,0.15554932735426008,0.14573991031390135,0.0,0.018497757847533634,4
3569.0,11578,12793,12,18,1215,555,520,58,0,8,0.0033622863547212102,0.0050434295320818156,0.15550574390585598,0.14569907537125246,0.0,0.018492574950966657,4
3570.0,11581,12793,12,18,1212,556,520,58,0,8,0.0033613445378151263,0.005042016806722689,0.1557422969187675,0.14565826330532214,0.0,0.018487394957983194,4
3571.0,11584,12801,12,18,1217,556,520,58,0,8,0.0033604032483898066,0.00504060487258471,0.15569868384206104,0.14561747409689163,0.0,0.018482217866143937,4
3572.0,11587,12801,12,18,1214,557,520,58,0,8,0.0033594624860022394,0.005039193729003359,0.15593505039193728,0.1455767077267637,0.0,0.018477043673012318,4
3573.0,11590,12809,12,18,1219,557,520,58,0,8,0.0033585222502099076,0.005037783375314861,0.15589140778057656,0.14553596417576267,0.0,0.018471872376154493,4
3574.0,11593,12809,12,18,1216,557,520,58,0,8,0.003357582540570789,0.005036373810856184,0.15584778959149412,0.1454952434247342,0.0,0.01846670397313934,4
3575.0,11596,12809,12,18,1213,557,520,58,0,8,0.0033566433566433566,0.005034965034965035,0.1558041958041958,0.14545454545454545,0.0,0.018461538461538463,4
3576.0,11599,12809,12,18,1210,557,520,58,0,8,0.003355704697986577,0.0050335570469798654,0.15576062639821028,0.14541387024608501,0.0,0.018456375838926176,4
3577.0,11602,12809,12,18,1207,557,521,58,0,8,0.0033547665641599105,0.005032149846239866,0.15571708135308918,0.14565278166060944,0.0,0.018451216102879506,4
3578.0,11605,12812,12,18,1207,557,521,58,0,8,0.003353828954723309,0.005030743432084964,0.15567356064840693,0.14561207378423702,0.0,0.0184460592509782,4
3579.0,11608,12812,12,18,1204,558,521,58,0,8,0.003352891869237217,0.005029337803855826,0.15590947191953058,0.14557138865604918,0.0,0.018440905280804692,4
3580.0,11611,12820,12,18,1209,558,521,58,0,8,0.0033519553072625698,0.005027932960893855,0.1558659217877095,0.14553072625698324,0.0,0.018435754189944135,4
3581.0,11614,12820,12,18,1206,558,521,58,0,8,0.003351019268360793,0.00502652890254119,0.15582239597877687,0.14549008656799778,0.0,0.018430605975984362,4
3582.0,11617,12820,12,18,1203,558,521,58,0,8,0.0033500837520938024,0.005025125628140704,0.15577889447236182,0.1454494695700726,0.0,0.018425460636515914,4
3583.0,11620,12820,12,18,1200,558,522,58,0,8,0.0033491487580240022,0.005023723137036003,0.1557354172481161,0.1456879709740441,0.0,0.018420318169132012,4
3584.0,11623,12823,12,18,1200,558,522,58,0,8,0.0033482142857142855,0.005022321428571429,0.15569196428571427,0.14564732142857142,0.0,0.018415178571428572,4
3585.0,11626,12823,12,18,1197,558,522,58,0,8,0.0033472803347280333,0.00502092050209205,0.15564853556485356,0.14560669456066946,0.0,0.018410041841004185,4
3586.0,11629,12823,12,18,1194,558,522,58,0,8,0.0033463469046291134,0.0050195203569436695,0.15560513106525375,0.14556609035136642,0.0,0.018404907975460124,4
3587.0,11632,12823,12,18,1191,558,522,58,0,8,0.003345413994981879,0.005018120992472818,0.15556175076665738,0.14552550878171175,0.0,0.018399776972400333,4
3588.0,11635,12823,12,18,1188,558,522,58,0,8,0.0033444816053511705,0.005016722408026756,0.15551839464882944,0.1454849498327759,0.0,0.01839464882943144,4
3589.0,11638,12823,12,18,1185,558,523,58,0,8,0.0033435497353023124,0.005015324602953469,0.15547506269155753,0.14572304263025912,0.0,0.01838952354416272,4
3590.0,11641,12826,12,18,1185,558,523,58,0,8,0.003342618384401114,0.005013927576601671,0.1554317548746518,0.1456824512534819,0.0,0.01838440111420613,4
3591.0,11644,12826,12,18,1182,558,523,58,0,8,0.003341687552213868,0.005012531328320802,0.15538847117794485,0.14564188248398774,0.0,0.018379281537176273,4
3592.0,11647,12826,12,18,1179,558,523,58,0,8,0.0033407572383073497,0.005011135857461025,0.15534521158129175,0.14560133630289532,0.0,0.018374164810690423,4
3593.0,11650,12826,12,18,1176,558,523,58,0,8,0.003339827442248817,0.005009741163373225,0.15530197606457,0.14556081269134427,0.0,0.018369050932368493,4
3594.0,11653,12826,12,18,1173,558,524,58,0,8,0.00333889816360601,0.005008347245409015,0.15525876460767946,0.1457985531441291,0.0,0.018363939899833055,4
3595.0,11656,12829,12,18,1173,558,525,58,0,8,0.003337969401947149,0.005006954102920723,0.1552155771905424,0.14603616133518776,0.0,0.018358831710709317,4
3596.0,11659,12832,12,18,1173,559,525,58,0,8,0.0033370411568409346,0.005005561735261402,0.15545050055617352,0.14599555061179087,0.0,0.01835372636262514,4
3597.0,11662,12840,12,18,1178,560,525,58,0,8,0.003336113427856547,0.0050041701417848205,0.1556852932999722,0.14595496246872394,0.0,0.01834862385321101,4
3598.0,11665,12848,12,18,1183,560,525,58,0,8,0.0033351862145636463,0.005002779321845469,0.1556420233463035,0.14591439688715954,0.0,0.018343524180100056,4
3599.0,11668,12848,12,18,1180,560,526,58,0,8,0.0033342595165323703,0.005001389274798555,0.15559877743817727,0.1461517088080022,0.0,0.018338427340928037,4
3600.0,11671,12851,12,18,1180,561,526,58,0,8,0.0033333333333333335,0.005,0.15583333333333332,0.1461111111111111,0.0,0.018333333333333333,4
3601.0,11674,12859,12,18,1185,561,526,58,0,8,0.0033324076645376284,0.004998611496806442,0.15579005831713413,0.1460705359622327,0.0,0.018328242154956955,4
3602.0,11677,12859,12,18,1182,561,526,58,0,8,0.003331482509716824,0.004997223764575236,0.15574680732926152,0.14602998334258746,0.0,0.018323153803442533,4
3603.0,11680,12859,12,18,1179,561,526,58,0,8,0.0033305578684429643,0.004995836802664446,0.15570358034970858,0.1459894532334166,0.0,0.018318068276436304,4
3604.0,11683,12859,12,18,1176,561,526,58,0,8,0.003329633740288568,0.004994450610432853,0.15566037735849056,0.14594894561598223,0.0,0.018312985571587125,4
3605.0,11686,12859,12,18,1173,561,526,58,0,8,0.00332871012482663,0.0049930651872399446,0.15561719833564494,0.14590846047156728,0.0,0.018307905686546465,4
3606.0,11689,12859,12,18,1170,562,526,58,0,8,0.0033277870216306157,0.004991680532445923,0.15585135884636717,0.14586799778147533,0.0,0.018302828618968387,4
3607.0,11692,12867,12,18,1175,562,526,58,0,8,0.0033268644302744664,0.0049902966454117,0.15580815081785418,0.14582755752703078,0.0,0.018297754366509565,4
3608.0,11695,12867,12,18,1172,562,526,58,0,8,0.0033259423503325942,0.004988913525498891,0.1557649667405765,0.1457871396895787,0.0,0.018292682926829267,4
3609.0,11698,12867,12,18,1169,562,526,58,0,8,0.0033250207813798837,0.004987531172069825,0.15572180659462456,0.1457467442504849,0.0,0.01828761429758936,4
3610.0,11701,12867,12,18,1166,562,527,58,0,8,0.0033240997229916896,0.004986149584487534,0.1556786703601108,0.14598337950138504,0.0,0.018282548476454295,4
3611.0,11704,12870,12,18,1166,562,527,58,0,8,0.003323179174743838,0.004984768762115757,0.15563555801716977,0.14594295209083358,0.0,0.01827748546109111,4
3612.0,11707,12870,12,18,1163,562,527,58,0,8,0.0033222591362126247,0.0049833887043189366,0.15559246954595793,0.14590254706533776,0.0,0.018272425249169437,4
3613.0,11710,12870,12,18,1160,563,527,58,0,8,0.0033213396069748133,0.00498200941046222,0.155826183227235,0.14586216440631056,0.0,0.018267367838361474,4
3614.0,11713,12878,12,18,1165,564,527,58,0,8,0.003320420586607637,0.004980630879911455,0.15605976757055895,0.1458218040951854,0.0,0.018262313226342003,4
3615.0,11716,12886,12,18,1170,564,527,58,0,8,0.0033195020746887966,0.004979253112033195,0.15601659751037344,0.14578146611341633,0.0,0.018257261410788383,4
3616.0,11719,12886,12,18,1167,564,527,58,0,8,0.00331858407079646,0.00497787610619469,0.15597345132743362,0.14574115044247787,0.0,0.01825221238938053,4
3617.0,11722,12886,12,18,1164,564,527,58,0,8,0.0033176665745092617,0.0049764998617638926,0.1559303290019353,0.14570085706386507,0.0,0.01824716615980094,4
3618.0,11725,12886,12,18,1161,564,527,58,0,8,0.003316749585406302,0.004975124378109453,0.1558872305140962,0.14566058595909342,0.0,0.01824212271973466,4
3619.0,11728,12886,12,18,1158,564,528,58,0,8,0.0033158331030671458,0.004973749654600719,0.15584415584415584,0.1458966565349544,0.0,0.0182370820668693,4
3620.0,11731,12889,12,18,1158,565,528,58,0,8,0.0033149171270718232,0.004972375690607734,0.15607734806629833,0.14585635359116023,0.0,0.018232044198895028,4
3621.0,11734,12897,12,18,1163,565,528,58,0,8,0.0033140016570008283,0.004971002485501243,0.15603424468378901,0.14581607290803644,0.0,0.018227009113504555,4
3622.0,11737,12897,12,18,1160,565,528,58,0,8,0.0033130866924351186,0.004969630038652678,0.1559911651021535,0.14577581446714521,0.0,0.018221976808393152,4
3623.0,11740,12897,12,18,1157,566,528,58,0,8,0.0033121722329561135,0.0049682583494341705,0.15622412365443003,0.145735578250069,0.0,0.018216947281258625,4
3624.0,11743,12905,12,18,1162,566,529,58,0,8,0.0033112582781456954,0.004966887417218543,0.15618101545253862,0.14597130242825607,0.0,0.018211920529801324,4
3625.0,11746,12908,12,18,1162,566,530,58,0,8,0.003310344827586207,0.004965517241379311,0.15613793103448276,0.14620689655172414,0.0,0.01820689655172414,4
3626.0,11749,12911,12,18,1162,566,531,58,0,8,0.003309431880860452,0.004964147821290678,0.15609487038058467,0.146442360728075,0.0,0.01820187534473249,4
3627.0,11752,12914,12,18,1162,567,531,58,0,8,0.0033085194375516956,0.004962779156327543,0.15632754342431762,0.14640198511166252,0.0,0.018196856906534328,4
3628.0,11755,12922,12,18,1167,567,531,58,0,8,0.0033076074972436605,0.004961411245865491,0.15628445424476295,0.14636163175303196,0.0,0.018191841234840134,4
3629.0,11758,12922,12,18,1164,568,531,58,0,8,0.003306696059520529,0.004960044089280794,0.15651694681730505,0.1463213006337834,0.0,0.01818682832736291,4
3630.0,11761,12930,12,18,1169,568,531,58,0,8,0.003305785123966942,0.0049586776859504135,0.15647382920110192,0.14628099173553719,0.0,0.01818181818181818,4
3631.0,11764,12930,12,18,1166,568,531,58,0,8,0.0033048746901679976,0.004957312035251997,0.15643073533461857,0.14624070503993392,0.0,0.018176810795923988,4
3632.0,11767,12930,12,18,1163,568,531,58,0,8,0.003303964757709251,0.004955947136563877,0.15638766519823788,0.14620044052863437,0.0,0.01817180616740088,4
3633.0,11770,12930,12,18,1160,568,532,58,0,8,0.0033030553261767133,0.00495458298926507,0.15634461877236444,0.1464354527938343,0.0,0.018166804293971925,4
3634.0,11773,12933,12,18,1160,568,532,58,0,8,0.003302146395156852,0.0049532195927352776,0.15630159603742433,0.14639515685195378,0.0,0.018161805173362685,4
3635.0,11776,12933,12,18,1157,568,532,58,0,8,0.003301237964236589,0.0049518569463548835,0.1562585969738652,0.14635488308115543,0.0,0.018156808803301238,4
3636.0,11779,12933,12,18,1154,568,532,58,0,8,0.0033003300330033004,0.0049504950495049506,0.1562156215621562,0.14631463146314633,0.0,0.018151815181518153,4
3637.0,11782,12933,12,18,1151,568,532,58,0,8,0.003299422601044817,0.004949133901567226,0.15617266978278802,0.14627440197965355,0.0,0.018146824305746493,4
3638.0,11785,12933,12,18,1148,569,532,58,0,8,0.003298515667949423,0.004947773501924134,0.15640461792193514,0.1462341946124244,0.0,0.018141836173721827,4
3639.0,11788,12941,12,18,1153,570,532,58,0,8,0.0032976092333058533,0.00494641384995878,0.15663643858202803,0.14619400934322616,0.0,0.018136850783182192,4
3640.0,11791,12949,12,18,1158,570,532,58,0,8,0.0032967032967032967,0.004945054945054945,0.1565934065934066,0.14615384615384616,0.0,0.018131868131868133,4
3641.0,11794,12949,12,18,1155,570,532,58,0,8,0.0032957978577313925,0.004943696786597089,0.15655039824224115,0.14611370502609172,0.0,0.01812688821752266,4
3642.0,11797,12949,12,18,1152,570,532,58,0,8,0.0032948929159802307,0.004942339373970346,0.15650741350906094,0.14607358594179023,0.0,0.018121911037891267,4
3643.0,11800,12949,12,18,1149,570,532,58,0,8,0.0032939884710403516,0.004940982706560527,0.1564644523744167,0.14603348888278891,0.0,0.018116936590721933,4
3644.0,11803,12949,12,18,1146,570,532,58,0,8,0.003293084522502744,0.004939626783754116,0.15642151481888036,0.145993413830955,0.0,0.018111964873765093,4
3645.0,11806,12949,12,18,1143,570,532,58,0,8,0.0032921810699588477,0.0049382716049382715,0.15637860082304528,0.14595336076817558,0.0,0.01810699588477366,4
3646.0,11809,12949,12,18,1140,570,532,58,0,8,0.0032912781130005485,0.004936917169500823,0.15633571036752605,0.14591332967635764,0.0,0.018102029621503018,4
3647.0,11812,12949,12,18,1137,570,532,58,0,8,0.003290375651220181,0.004935563476830271,0.1562928434329586,0.14587332053742802,0.0,0.018097066081710994,4
3648.0,11815,12949,12,18,1134,570,532,59,0,8,0.003289473684210526,0.004934210526315789,0.15625,0.14583333333333334,0.0,0.01836622807017544,4
3649.0,11818,12951,12,18,1133,570,533,59,0,8,0.003288572211564812,0.004932858317347218,0.15620718004932857,0.14606741573033707,0.0,0.018361194847903536,4
3650.0,11821,12954,12,18,1133,571,533,59,0,8,0.0032876712328767125,0.004931506849315068,0.15643835616438356,0.14602739726027397,0.0,0.018356164383561645,4
3651.0,11824,12962,12,18,1138,571,533,59,0,8,0.003286770747740345,0.0049301561216105174,0.1563955080799781,0.14598740071213367,0.0,0.018351136674883594,4
3652.0,11827,12962,12,18,1135,571,533,59,0,8,0.0032858707557502738,0.004928806133625411,0.1563526834611172,0.145947426067908,0.0,0.018346111719605696,4
3653.0,11830,12962,12,18,1132,571,533,59,0,8,0.0032849712565015056,0.004927456884752259,0.15630988228853,0.14590747330960854,0.0,0.01834108951546674,4
3654.0,11833,12962,12,18,1129,571,533,59,0,8,0.003284072249589491,0.0049261083743842365,0.1562671045429666,0.14586754241926655,0.0,0.01833607006020799,4
3655.0,11836,12962,12,18,1126,571,534,59,0,8,0.003283173734610123,0.004924760601915185,0.15622435020519837,0.14610123119015048,0.0,0.018331053351573187,4
3656.0,11839,12965,12,18,1126,571,535,59,0,8,0.0032822757111597373,0.004923413566739606,0.1561816192560175,0.1463347921225383,0.0,0.018326039387308535,4
3657.0,11842,12968,12,18,1126,571,536,59,0,8,0.003281378178835111,0.004922067268252666,0.15613891167623736,0.14656822532130162,0.0,0.018321028165162703,4
3658.0,11845,12971,12,18,1126,571,536,59,0,8,0.0032804811372334607,0.004920721705850191,0.1560962274466922,0.14652815746309458,0.0,0.018316019682886823,4
3659.0,11848,12971,12,18,1123,572,536,59,0,8,0.003279584585952446,0.004919376878928669,0.15632686526373327,0.14648811150587593,0.0,0.01831101393823449,4
3660.0,11851,12979,12,18,1128,572,536,60,0,8,0.003278688524590164,0.004918032786885246,0.15628415300546447,0.146448087431694,0.0,0.018579234972677595,4
3661.0,11854,12981,12,18,1127,573,536,60,0,8,0.0032777929527451517,0.004916689429117728,0.15651461349358098,0.14640808522261678,0.0,0.01857416006555586,4
3662.0,11857,12989,12,18,1132,574,536,60,0,8,0.0032768978700163844,0.004915346805024577,0.1567449481157837,0.14636810486073185,0.0,0.018569087930092845,4
3663.0,11860,12997,12,18,1137,574,536,60,0,8,0.003276003276003276,0.004914004914004914,0.1567021567021567,0.14632814632814634,0.0,0.018564018564018563,4
3664.0,11863,12997,12,18,1134,574,536,60,0,8,0.0032751091703056767,0.0049126637554585155,0.1566593886462882,0.1462882096069869,0.0,0.018558951965065504,4
3665.0,11866,12997,12,18,1131,574,536,60,0,8,0.0032742155525238743,0.0049113233287858115,0.15661664392905866,0.14624829467939973,0.0,0.018553888130968622,4
3666.0,11869,12997,12,18,1128,574,536,60,0,8,0.0032733224222585926,0.004909983633387889,0.15657392253136934,0.14620840152755046,0.0,0.018548827059465357,4
3667.0,11872,12997,12,18,1125,574,536,60,0,8,0.00327242977911099,0.004908644668666485,0.15653122443414236,0.1461685301336242,0.0,0.018543768748295608,4
3668.0,11875,12997,12,18,1122,574,536,60,0,8,0.003271537622682661,0.004907306434023991,0.15648854961832062,0.14612868047982552,0.0,0.018538713195201745,4
3669.0,11878,12997,12,18,1119,574,536,60,0,8,0.003270645952575634,0.004905968928863451,0.1564458980648678,0.1460888525483783,0.0,0.01853366039792859,4
3670.0,11881,12997,12,18,1116,575,536,60,0,8,0.0032697547683923707,0.004904632152588556,0.1566757493188011,0.14604904632152588,0.0,0.018528610354223433,4
3671.0,11884,13005,12,18,1121,575,536,60,0,8,0.003268864069735767,0.00490329610460365,0.15663307000817217,0.14600926178153092,0.0,0.018523563061836012,4
3672.0,11887,13005,12,18,1118,576,536,60,0,8,0.0032679738562091504,0.004901960784313725,0.1568627450980392,0.14596949891067537,0.0,0.018518518518518517,4
3673.0,11890,13013,12,18,1123,577,536,60,0,8,0.003267084127416281,0.004900626191124422,0.1570922951265995,0.14592975769126054,0.0,0.018513476722025593,4
3674.0,11893,13021,12,18,1128,577,537,60,0,8,0.00326619488296135,0.004899292324442025,0.15704953728905824,0.1461622210125204,0.0,0.018508437670114317,4
3675.0,11896,13024,12,18,1128,577,537,60,0,8,0.0032653061224489797,0.004897959183673469,0.15700680272108844,0.14612244897959184,0.0,0.01850340136054422,4
3676.0,11899,13024,12,18,1125,577,537,60,0,8,0.003264417845484222,0.004896626768226333,0.15696409140369968,0.14608269858541895,0.0,0.018498367791077257,4
3677.0,11902,13024,12,18,1122,577,538,60,0,8,0.003263530051672559,0.004895295077508839,0.15692140331792223,0.1463149306499864,0.0,0.018493336959477837,4
3678.0,11905,13027,12,18,1122,577,538,60,0,8,0.0032626427406199023,0.004893964110929853,0.15687873844480696,0.14627514953779228,0.0,0.018488308863512777,4
3679.0,11908,13027,12,18,1119,577,538,60,0,8,0.0032617559119325905,0.004892633867898886,0.1568360967654254,0.14623539005164446,0.0,0.018483283500951346,4
3680.0,11911,13027,12,18,1116,577,539,60,0,8,0.003260869565217391,0.004891304347826087,0.15679347826086956,0.14646739130434783,0.0,0.01847826086956522,4
3681.0,11914,13030,12,18,1116,578,539,60,0,8,0.0032599837000814994,0.004889975550122249,0.15702254822059222,0.14642760119532736,0.0,0.018473240967128497,4
3682.0,11917,13038,12,18,1121,578,540,60,0,8,0.0032590983161325366,0.004888647474198805,0.15697990222705052,0.14665942422596415,0.0,0.018468223791417708,4
3683.0,11920,13041,12,18,1121,578,540,60,0,8,0.00325821341297855,0.004887320119467825,0.15693727939180016,0.14661960358403475,0.0,0.018463209340211784,4
3684.0,11923,13041,12,18,1118,578,541,60,0,8,0.003257328990228013,0.004885993485342019,0.15689467969598261,0.1468512486427796,0.0,0.018458197611292075,4
3685.0,11926,13044,12,18,1118,578,541,60,0,8,0.0032564450474898234,0.004884667571234735,0.15685210312075984,0.1468113975576662,0.0,0.018453188602442334,4
3686.0,11929,13044,12,18,1115,578,542,60,0,8,0.0032555615843733042,0.0048833423765599565,0.15680954964731417,0.14704286489419424,0.0,0.018448182311448725,4
3687.0,11932,13047,12,18,1115,578,542,60,0,8,0.0032546786004882017,0.004882017900732303,0.15676701925684838,0.1470029834553838,0.0,0.01844317873609981,4
3688.0,11935,13047,12,18,1112,578,542,60,0,8,0.0032537960954446853,0.004880694143167028,0.15672451193058567,0.14696312364425163,0.0,0.01843817787418655,4
3689.0,11938,13047,12,18,1109,578,542,60,0,8,0.003252914068853348,0.004879371103280022,0.15668202764976957,0.14692328544320954,0.0,0.018433179723502304,4
3690.0,11941,13047,12,18,1106,578,542,60,0,8,0.0032520325203252032,0.004878048780487805,0.15663956639566395,0.14688346883468834,0.0,0.01842818428184282,4
3691.0,11944,13047,12,18,1103,578,542,60,0,8,0.003251151449471688,0.004876727174207532,0.15659712814955296,0.14684367380113791,0.0,0.01842319154700623,4
3692.0,11947,13047,12,18,1100,578,542,60,0,8,0.0032502708559046588,0.004875406283856988,0.15655471289274106,0.14680390032502708,0.0,0.018418201516793065,4
3693.0,11950,13047,12,18,1097,578,542,60,0,8,0.003249390739236393,0.00487408610885459,0.15651232060655293,0.14676414838884375,0.0,0.018413214189006228,4
3694.0,11953,13047,12,18,1094,578,543,60,0,8,0.0032485110990795887,0.004872766648619383,0.1564699512723335,0.14699512723335137,0.0,0.018408229561451002,4
3695.0,11956,13050,12,18,1094,578,543,60,0,8,0.003247631935047361,0.004871447902571042,0.1564276048714479,0.1469553450608931,0.0,0.018403247631935047,4
3696.0,11959,13050,12,18,1091,578,543,60,0,8,0.003246753246753247,0.00487012987012987,0.15638528138528138,0.14691558441558442,0.0,0.0183982683982684,4
3697.0,11962,13050,12,18,1088,578,543,60,0,8,0.0032458750338111983,0.004868812550716798,0.1563429807952394,0.14687584527995673,0.0,0.018393291858263456,4
3698.0,11965,13050,12,18,1085,579,543,60,0,8,0.003244997295835587,0.0048674959437533805,0.15657111952406708,0.14683612763656032,0.0,0.01838831800973499,4
3699.0,11968,13058,12,18,1090,579,543,60,0,8,0.0032441200324412004,0.004866180048661801,0.15652879156528793,0.1467964314679643,0.0,0.018383346850500134,4
3700.0,11971,13058,12,18,1087,579,544,60,0,8,0.003243243243243243,0.004864864864864865,0.1564864864864865,0.14702702702702702,0.0,0.018378378378378378,4
3701.0,11974,13061,12,18,1087,579,544,60,0,8,0.0032423669278573357,0.004863550391786004,0.15644420426911645,0.14698730072953256,0.0,0.01837341259119157,4
3702.0,11977,13061,12,18,1084,579,544,60,0,8,0.0032414910858995136,0.004862236628849271,0.15640194489465153,0.1469475958941113,0.0,0.018368449486763912,4
3703.0,11980,13061,12,18,1081,579,544,60,0,8,0.0032406157169862274,0.004860923575479341,0.15635970834458546,0.14690791250337565,0.0,0.018363489062921956,4
3704.0,11983,13061,12,18,1078,579,544,60,0,8,0.0032397408207343412,0.004859611231101512,0.15631749460043196,0.1468682505399568,0.0,0.0183585313174946,4
3705.0,11986,13061,12,18,1075,580,544,60,0,8,0.0032388663967611335,0.004858299595141701,0.15654520917678813,0.1468286099865047,0.0,0.01835357624831309,4
3706.0,11989,13069,12,18,1080,580,544,60,0,8,0.0032379924446842958,0.004856988667026443,0.15650296815974096,0.14678899082568808,0.0,0.01834862385321101,4
3707.0,11992,13069,12,18,1077,580,544,60,0,8,0.0032371189641219314,0.0048556784461828975,0.15646074993256,0.14674939304019421,0.0,0.018343674130024277,4
3708.0,11995,13069,12,18,1074,580,544,60,0,9,0.003236245954692557,0.0048543689320388345,0.15641855447680691,0.14670981661272922,0.0,0.0186084142394822,4
3709.0,11996,13070,12,18,1074,580,544,60,0,10,0.0032353734160150984,0.004853060124022647,0.1563763817740631,0.14667026152601778,0.0,0.018873011593421408,4
3710.0,11997,13071,12,18,1074,580,544,60,0,10,0.003234501347708895,0.004851752021563342,0.15633423180592992,0.14663072776280323,0.0,0.018867924528301886,4
3711.0,11998,13071,12,19,1073,580,544,60,0,10,0.0032336297493936943,0.005119913769873349,0.15629210455402856,0.14659121530584748,0.0,0.01886284020479655,4
3712.0,12043,13365,12,19,1322,580,544,60,0,10,0.003232758620689655,0.0051185344827586205,0.15625,0.14655172413793102,0.0,0.018857758620689655,4
3713.0,12046,13365,12,19,1319,580,544,60,0,10,0.0032318879612173446,0.005117155938594129,0.15620791812550497,0.14651225424185296,0.0,0.018852679773767842,4
3714.0,12049,13365,12,19,1316,580,544,60,0,10,0.0032310177705977385,0.005115778136779752,0.156165858912224,0.1464728056004308,0.0,0.01884760366182014,4
3715.0,12052,13365,12,19,1313,580,544,60,0,10,0.003230148048452221,0.0051144010767160165,0.15612382234185734,0.14643337819650068,0.0,0.018842530282637954,4
3716.0,12055,13365,12,19,1310,580,544,60,0,10,0.0032292787944025836,0.00511302475780409,0.15608180839612487,0.14639397201291712,0.0,0.01883745963401507,4
3717.0,12058,13365,12,19,1307,580,544,60,0,10,0.003228410008071025,0.005111649179445789,0.1560398170567662,0.14635458703255314,0.0,0.018832391713747645,4
3718.0,12061,13365,12,19,1304,580,545,60,0,10,0.0032275416890801506,0.005110274341043572,0.15599784830554062,0.14658418504572351,0.0,0.018827326519634213,4
3719.0,12064,13368,12,19,1304,580,545,60,0,10,0.0032266738370529714,0.005108900242000538,0.15595590212422694,0.1465447700994891,0.0,0.018822264049475665,4
3720.0,12067,13368,12,19,1301,580,545,60,0,10,0.0032258064516129032,0.00510752688172043,0.15591397849462366,0.14650537634408603,0.0,0.01881720430107527,4
3721.0,12070,13368,12,19,1298,580,546,60,0,10,0.0032249395323837677,0.005106154259607632,0.15587207739854878,0.14673474872346143,0.0,0.018812147272238646,4
3722.0,12073,13371,12,19,1298,580,546,60,0,10,0.0032240730789897904,0.005104782375067168,0.15583019881783988,0.14669532509403546,0.0,0.018807092960773777,4
3723.0,12076,13371,12,19,1295,580,546,60,0,10,0.0032232070910556,0.0051034112275047,0.15578834273435402,0.14665592264302982,0.0,0.018802041364491002,4
3724.0,12079,13371,12,19,1292,580,546,60,0,10,0.00322234156820623,0.00510204081632653,0.15574650912996776,0.14661654135338345,0.0,0.018796992481203006,4
3725.0,12082,13371,12,19,1289,580,546,60,0,10,0.003221476510067114,0.005100671140939597,0.15570469798657718,0.1465771812080537,0.0,0.01879194630872483,4
3726.0,12085,13371,12,19,1286,580,546,60,0,10,0.00322061191626409,0.005099302200751476,0.1556629092860977,0.14653784219001612,0.0,0.01878690284487386,4
3727.0,12088,13371,12,19,1283,580,546,60,0,10,0.0032197477864233967,0.005097933995170378,0.15562114301046417,0.14649852428226456,0.0,0.018781862087469816,4
3728.0,12091,13371,12,19,1280,580,546,60,0,10,0.003218884120171674,0.00509656652360515,0.1555793991416309,0.14645922746781115,0.0,0.018776824034334765,4
3729.0,12094,13371,12,19,1277,580,546,60,0,10,0.003218020917135961,0.005095199785465273,0.15553767766157148,0.14641995172968625,0.0,0.018771788683293107,4
3730.0,12097,13371,12,19,1274,581,546,60,0,10,0.0032171581769436996,0.005093833780160858,0.15576407506702414,0.14638069705093834,0.0,0.01876675603217158,4
3731.0,12100,13379,12,19,1279,581,547,60,0,10,0.0032162958992227285,0.0050924685071026534,0.15572232645403378,0.1466094880729027,0.0,0.01876172607879925,4
3732.0,12103,13382,12,19,1279,581,547,60,0,10,0.003215434083601286,0.005091103965702036,0.15568060021436228,0.14657020364415863,0.0,0.018756698821007504,4
3733.0,12106,13382,12,19,1276,581,547,60,0,10,0.0032145727297080095,0.005089740155371015,0.15563889633002947,0.14653094026252345,0.0,0.018751674256630057,4
3734.0,12109,13382,12,19,1273,581,548,60,0,10,0.0032137118371719335,0.005088377075522228,0.15559721478307445,0.14675950723085163,0.0,0.018746652383502947,4
3735.0,12112,13385,12,19,1273,581,548,60,0,10,0.00321285140562249,0.0050870147255689425,0.15555555555555556,0.1467202141900937,0.0,0.018741633199464525,4
3736.0,12115,13385,12,19,1270,581,548,60,0,10,0.0032119914346895075,0.005085653104925054,0.15551391862955033,0.14668094218415417,0.0,0.01873661670235546,4
3737.0,12118,13385,12,19,1267,582,548,60,0,10,0.003211131924003211,0.005084292213005084,0.15573989831415574,0.14664169119614665,0.0,0.018731602890018732,4
3738.0,12121,13393,12,19,1272,582,548,60,0,10,0.0032102728731942215,0.005082932049224184,0.15569823434991975,0.14660246120920278,0.0,0.018726591760299626,4
3739.0,12124,13393,12,19,1269,582,548,60,0,10,0.0032094142818935543,0.005081572612998127,0.1556565926718374,0.14656325220647232,0.0,0.018721583311045734,4
3740.0,12127,13393,12,19,1266,582,549,60,0,10,0.0032085561497326204,0.0050802139037433155,0.15561497326203208,0.14679144385026738,0.0,0.01871657754010695,4
3741.0,12130,13396,12,19,1266,582,549,60,0,10,0.0032076984763432237,0.005078855920876771,0.15557337610264635,0.1467522052927025,0.0,0.01871157444533547,4
3742.0,12133,13396,12,19,1263,582,549,60,0,10,0.003206841261357563,0.005077498663816141,0.15553180117584178,0.1467129877071085,0.0,0.01870657402458578,4
3743.0,12136,13396,12,19,1260,582,549,60,0,10,0.0032059845044082286,0.005076142131979695,0.15549024846379908,0.14667379107667647,0.0,0.018701576275714667,4
3744.0,12139,13396,12,19,1257,582,549,60,0,10,0.003205128205128205,0.005074786324786325,0.15544871794871795,0.1466346153846154,0.0,0.018696581196581196,4
3745.0,12142,13396,12,19,1254,582,549,60,0,10,0.0032042723631508676,0.005073431241655541,0.1554072096128171,0.1465954606141522,0.0,0.018691588785046728,4
3746.0,12145,13396,12,19,1251,582,549,60,0,10,0.003203416978109984,0.005072076882007475,0.1553657234383342,0.14655632674853178,0.0,0.01868659903897491,4
3747.0,12148,13396,12,19,1248,582,549,60,0,10,0.0032025620496397116,0.005070723245262877,0.15532425940752603,0.1465172137710168,0.0,0.018681611956231654,4
3748.0,12151,13396,12,19,1245,582,549,60,0,10,0.0032017075773745998,0.005069370330843116,0.1552828175026681,0.14647812166488794,0.0,0.018676627534685165,4
3749.0,12154,13396,12,19,1242,582,549,60,0,10,0.0032008535609495867,0.005068018138170179,0.15524139770605494,0.14643905041344357,0.0,0.01867164577220592,4
3750.0,12157,13396,12,19,1239,583,549,60,0,10,0.0032,0.005066666666666666,0.15546666666666667,0.1464,0.0,0.018666666666666668,4
3751.0,12160,13404,12,19,1244,583,549,60,0,10,0.003199146894161557,0.005065315915755798,0.15542521994134897,0.14636097040789123,0.0,0.018661690215942415,4
3752.0,12163,13404,12,19,1241,583,549,60,0,10,0.0031982942430703624,0.005063965884861407,0.15538379530916843,0.1463219616204691,0.0,0.018656716417910446,4
3753.0,12166,13404,12,19,1238,584,549,60,0,10,0.0031974420463629096,0.005062616573407941,0.15560884625632826,0.14628297362110312,0.0,0.018651745270450305,4
3754.0,12169,13412,12,19,1243,584,549,60,0,10,0.0031965903036760787,0.005061267980820458,0.1555673947789025,0.1462440063931806,0.0,0.018646776771443795,4
3755.0,12172,13412,12,19,1240,584,549,60,0,10,0.003195739014647137,0.005059920106524634,0.155525965379494,0.14620505992010652,0.0,0.018641810918774968,4
3756.0,12175,13412,12,19,1237,584,549,60,0,10,0.003194888178913738,0.005058572949946752,0.1554845580404686,0.14616613418530353,0.0,0.01863684771033014,4
3757.0,12178,13412,12,19,1234,584,549,60,0,10,0.0031940377961139207,0.005057226510513707,0.1554431727442108,0.14612722917221188,0.0,0.01863188714399787,4
3758.0,12181,13412,12,19,1231,585,549,60,0,10,0.0031931878658861094,0.005055880787653007,0.15566790846194783,0.1460883448642895,0.0,0.018626929217668974,4
3759.0,12184,13420,12,19,1236,585,549,60,0,10,0.0031923383878691143,0.005054535780792764,0.1556264964086193,0.14604948124501196,0.0,0.0186219739292365,4
3760.0,12187,13420,12,19,1233,586,549,60,0,10,0.0031914893617021275,0.0050531914893617025,0.15585106382978722,0.14601063829787234,0.0,0.018617021276595744,4
3761.0,12190,13428,12,19,1238,586,550,60,0,10,0.0031906407870247273,0.0050518479127891515,0.15580962509970753,0.14623770273863335,0.0,0.018612071257644244,4
3762.0,12193,13431,12,19,1238,587,550,60,0,10,0.003189792663476874,0.005050505050505051,0.15603402445507708,0.14619883040935672,0.0,0.018607123870281767,4
3763.0,12196,13439,12,19,1243,587,550,60,0,10,0.0031889449906989105,0.005049162901939941,0.15599255912835502,0.14615997874036674,0.0,0.01860217911241031,4
3764.0,12199,13439,12,19,1240,587,550,60,0,10,0.003188097768331562,0.005047821466524973,0.15595111583421892,0.1461211477151966,0.0,0.018597236981934114,4
3765.0,12202,13439,12,19,1237,587,550,60,0,10,0.0031872509960159364,0.005046480743691899,0.1559096945551129,0.1460823373173971,0.0,0.01859229747675963,4
3766.0,12205,13439,12,19,1234,587,550,60,0,10,0.003186404673393521,0.005045140732873075,0.15586829527349974,0.1460435475305364,0.0,0.01858736059479554,4
3767.0,12208,13439,12,19,1231,587,551,60,0,10,0.003185558800106185,0.00504380143350146,0.1558269179718609,0.14627024157154234,0.0,0.018582426333952747,4
3768.0,12211,13442,12,19,1231,588,551,60,0,10,0.0031847133757961785,0.0050424628450106155,0.15605095541401273,0.14623142250530785,0.0,0.018577494692144373,4
3769.0,12214,13450,12,19,1236,588,551,60,0,10,0.003183868400106129,0.0050411249668347044,0.15600955160520033,0.14619262403820643,0.0,0.018572565667285754,4
3770.0,12217,13450,12,19,1233,588,551,60,0,10,0.003183023872679045,0.005039787798408488,0.1559681697612732,0.14615384615384616,0.0,0.01856763925729443,4
3771.0,12220,13450,12,19,1230,589,551,60,0,10,0.0031821797931583136,0.00503845133916733,0.15619199151418722,0.14611508883585256,0.0,0.01856271546009016,4
3772.0,12223,13458,12,19,1235,589,551,60,0,10,0.003181336161187699,0.00503711558854719,0.1561505832449629,0.1460763520678685,0.0,0.01855779427359491,4
3773.0,12226,13458,12,19,1232,589,551,60,0,10,0.0031804929764113437,0.005035780545984627,0.15610919692552347,0.1460376358335542,0.0,0.01855287569573284,4
3774.0,12229,13458,12,19,1229,589,551,60,0,10,0.003179650238473768,0.005034446210916799,0.15606783253842077,0.14599894011658718,0.0,0.018547959724430314,4
3775.0,12232,13458,12,19,1226,589,551,60,0,10,0.0031788079470198675,0.005033112582781457,0.15602649006622515,0.14596026490066225,0.0,0.018543046357615896,4
3776.0,12235,13458,12,19,1223,589,551,60,0,10,0.0031779661016949155,0.005031779661016949,0.1559851694915254,0.14592161016949154,0.0,0.018538135593220338,4
3777.0,12238,13458,12,19,1220,589,552,60,0,10,0.003177124702144559,0.005030447445062218,0.15594387079692879,0.14614773629864972,0.0,0.018533227429176596,4
3778.0,12241,13461,12,19,1220,589,552,60,0,10,0.0031762837480148226,0.005029115934356803,0.15590259396506087,0.14610905240868186,0.0,0.018528321863419798,4
3779.0,12244,13461,12,19,1217,589,552,60,0,10,0.0031754432389521038,0.005027785128340831,0.15586133897856574,0.14607038899179678,0.0,0.018523418893887273,4
3780.0,12247,13461,12,19,1214,589,552,60,0,10,0.0031746031746031746,0.0050264550264550265,0.15582010582010583,0.14603174603174604,0.0,0.018518518518518517,4
3781.0,12250,13461,12,19,1211,589,553,60,0,10,0.003173763554615181,0.005025125628140704,0.15577889447236182,0.14625760380851627,0.0,0.018513620735255223,4
3782.0,12253,13464,12,19,1211,589,553,60,0,10,0.0031729243786356425,0.005023796932839768,0.1557377049180328,0.14621893178212586,0.0,0.01850872554204125,4
3783.0,12256,13464,12,19,1208,590,553,60,0,10,0.0031720856463124504,0.0050224689399947136,0.15596087761036215,0.14618028020089877,0.0,0.018503832936822628,4
3784.0,12259,13472,12,19,1213,590,553,60,0,10,0.003171247357293869,0.005021141649048625,0.1559196617336152,0.14614164904862578,0.0,0.01849894291754757,4
3785.0,12262,13472,12,19,1210,590,554,60,0,10,0.003170409511228534,0.005019815059445178,0.15587846763540292,0.1463672391017173,0.0,0.018494055482166448,4
3786.0,12265,13475,12,19,1210,590,555,60,0,10,0.003169572107765452,0.005018489170628632,0.15583729529846804,0.14659270998415214,0.0,0.018489170628631802,4
3787.0,12268,13478,12,19,1210,590,555,60,0,10,0.0031687351465540005,0.005017163982043834,0.15579614470557168,0.14655400052812254,0.0,0.018484288354898338,4
3788.0,12271,13478,12,19,1207,590,555,60,0,10,0.0031678986272439284,0.00501583949313622,0.15575501583949314,0.1465153115100317,0.0,0.018479408658922915,4
3789.0,12274,13478,12,19,1204,590,555,60,0,10,0.003167062549485352,0.005014515703351808,0.1557139086830298,0.14647664291369755,0.0,0.018474531538664556,4
3790.0,12277,13478,12,19,1201,590,555,61,0,10,0.0031662269129287598,0.005013192612137203,0.15567282321899736,0.14643799472295516,0.0,0.018733509234828496,4
3791.0,12280,13480,12,19,1200,590,555,61,0,10,0.0031653917172250064,0.005011870218939594,0.1556317594302295,0.14639936692165656,0.0,0.018728567660247955,4
3792.0,12283,13480,12,19,1197,590,555,61,0,10,0.0031645569620253164,0.0050105485232067514,0.15559071729957805,0.1463607594936709,0.0,0.018723628691983123,4
3793.0,12286,13480,12,19,1194,591,555,61,0,10,0.0031637226469812814,0.005009227524387028,0.1558133403638281,0.14632217242288426,0.0,0.01871869232797258,4
3794.0,12289,13488,12,19,1199,592,555,61,0,10,0.0031628887717448603,0.005007907221929362,0.15603584607274645,0.1462836056931998,0.0,0.01871375856615709,4
3795.0,12292,13496,12,19,1204,593,555,61,0,10,0.0031620553359683794,0.005006587615283268,0.1562582345191041,0.14624505928853754,0.0,0.01870882740447958,4
3796.0,12295,13504,12,19,1209,593,555,61,0,10,0.003161222339304531,0.0050052687038988405,0.15621707060063225,0.14620653319283455,0.0,0.018703898840885143,4
3797.0,12298,13504,12,19,1206,593,555,61,0,10,0.0031603897814063736,0.005003950487226758,0.15617592836449828,0.14616802739004478,0.0,0.01869897287332104,4
3798.0,12301,13504,12,19,1203,593,555,61,0,10,0.00315955766192733,0.005002632964718273,0.15613480779357555,0.146129541864139,0.0,0.018694049499736704,4
3799.0,12304,13504,12,19,1200,593,555,62,0,10,0.0031587259805211897,0.005001316135825217,0.15609370887075547,0.14609107659910503,0.0,0.018952355883127138,4
3800.0,12307,13506,12,19,1199,594,555,62,0,10,0.003157894736842105,0.005,0.1563157894736842,0.14605263157894738,0.0,0.018947368421052633,4
3801.0,12310,13514,12,19,1204,595,555,62,0,10,0.0031570639305445935,0.004998684556695606,0.15653775322283608,0.14601420678768745,0.0,0.018942383583267563,4
3802.0,12313,13522,12,19,1209,596,555,62,0,10,0.003156233561283535,0.004997369805365597,0.15675960021041557,0.1459758022093635,0.0,0.01893740136770121,4
3803.0,12316,13530,12,19,1214,596,555,62,0,10,0.003155403628714173,0.004996055745464107,0.15671838022613727,0.1459374178280305,0.0,0.01893242177228504,4
3804.0,12319,13530,12,19,1211,596,555,62,0,10,0.0031545741324921135,0.004994742376445847,0.15667718191377497,0.14589905362776026,0.0,0.01892744479495268,4
3805.0,12322,13530,12,19,1208,596,555,62,0,10,0.0031537450722733244,0.004993429697766097,0.1566360052562418,0.14586070959264127,0.0,0.018922470433639947,4
3806.0,12325,13530,12,19,1205,596,556,62,0,10,0.0031529164477141357,0.0049921177088807145,0.15659485023646874,0.14608512874408827,0.0,0.018917498686284815,4
3807.0,12328,13533,12,19,1205,596,557,62,0,10,0.0031520882584712374,0.004990806409246125,0.1565537168374048,0.14630942999737326,0.0,0.018912529550827423,4
3808.0,12331,13536,12,19,1205,596,557,62,0,10,0.0031512605042016808,0.004989495798319327,0.1565126050420168,0.14627100840336135,0.0,0.018907563025210083,4
3809.0,12334,13536,12,19,1202,596,557,62,0,10,0.0031504331845628774,0.004988185875557889,0.15647151483328958,0.14623260698346022,0.0,0.018902599107377266,4
3810.0,12337,13536,12,19,1199,596,557,62,0,10,0.0031496062992125984,0.0049868766404199474,0.15643044619422572,0.14619422572178478,0.0,0.01889763779527559,4
3811.0,12340,13536,12,19,1196,596,558,62,0,10,0.003148779847808974,0.004985568092364209,0.15638939910784572,0.1464182629231173,0.0,0.018892679086853843,4
3812.0,12343,13539,12,19,1196,596,558,62,0,10,0.0031479538300104933,0.004984260230849948,0.15634837355718784,0.14637985309548793,0.0,0.01888772298006296,4
3813.0,12346,13539,12,19,1193,596,558,62,0,10,0.003147128245476003,0.004982953055337005,0.15630736952530816,0.14634146341463414,0.0,0.01888276947285602,4
3814.0,12349,13539,12,19,1190,596,558,62,0,10,0.003146303093864709,0.004981646565285789,0.15626638699528053,0.14630309386470897,0.0,0.018877818563188254,4
3815.0,12352,13539,12,19,1187,597,558,62,0,10,0.003145478374836173,0.004980340760157274,0.15648754914809962,0.14626474442988205,0.0,0.01887287024901704,4
3816.0,12355,13547,12,19,1192,598,558,62,0,10,0.0031446540880503146,0.004979035639412998,0.15670859538784068,0.14622641509433962,0.0,0.018867924528301886,4
3817.0,12358,13555,12,19,1197,598,558,62,0,10,0.003143830233167409,0.004977731202515065,0.15666753995284255,0.1461881058422845,0.0,0.018862981399004455,4
3818.0,12361,13555,12,19,1194,599,558,62,0,10,0.003143006809848088,0.00497642744892614,0.1568884232582504,0.14614981665793608,0.0,0.01885804085908853,4
3819.0,12364,13563,12,19,1199,599,558,62,0,10,0.003142183817753339,0.004975124378109453,0.1568473422361875,0.14611154752553024,0.0,0.018853102906520033,4
3820.0,12367,13563,12,19,1196,599,558,62,0,10,0.0031413612565445027,0.0049738219895287955,0.1568062827225131,0.14607329842931938,0.0,0.018848167539267015,4
3821.0,12370,13563,12,19,1193,599,558,62,0,10,0.003140539125883277,0.004972520282648521,0.15676524470034023,0.14603506935357236,0.0,0.01884323475529966,4
3822.0,12373,13563,12,19,1190,599,558,62,0,10,0.0031397174254317113,0.004971219256933543,0.15672422815279957,0.14599686028257458,0.0,0.018838304552590265,4
3823.0,12376,13563,12,19,1187,599,559,62,0,10,0.0031388961548522104,0.004969918911849333,0.1566832330630395,0.1462202458801988,0.0,0.01883337692911326,4
3824.0,12379,13566,12,19,1187,599,559,62,0,10,0.0031380753138075313,0.004968619246861925,0.15664225941422594,0.14618200836820083,0.0,0.01882845188284519,4
3825.0,12382,13566,12,19,1184,599,559,62,0,10,0.003137254901960784,0.0049673202614379085,0.1566013071895425,0.14614379084967322,0.0,0.018823529411764704,4
3826.0,12385,13566,12,19,1181,599,559,62,0,10,0.0031364349189754314,0.004966021955044433,0.15656037637219028,0.14610559330893885,0.0,0.01881860951385259,4
3827.0,12388,13566,12,19,1178,599,560,62,0,10,0.003135615364515286,0.004964724327149203,0.15651946694538804,0.14632871701071334,0.0,0.018813692187091717,4
3828.0,12391,13569,12,19,1178,599,560,62,0,10,0.003134796238244514,0.004963427377220481,0.156478578892372,0.14629049111807732,0.0,0.018808777429467086,4
3829.0,12394,13569,12,19,1175,599,560,62,0,10,0.0031339775398276314,0.004962131104727083,0.15643771219639593,0.14625228519195613,0.0,0.018803865238965788,4
3830.0,12397,13569,12,19,1172,599,560,62,0,10,0.003133159268929504,0.004960835509138381,0.15639686684073106,0.1462140992167102,0.0,0.018798955613577025,4
3831.0,12400,13569,12,19,1169,599,560,62,0,10,0.0031323414252153485,0.004959540589924301,0.15635604280866613,0.14617593317671626,0.0,0.018794048551292093,4
3832.0,12403,13569,12,19,1166,599,561,62,0,10,0.003131524008350731,0.004958246346555324,0.1563152400835073,0.14639874739039666,0.0,0.018789144050104383,4
3833.0,12406,13572,12,19,1166,599,561,63,0,10,0.0031307070180015655,0.004956952778502478,0.15627445864857814,0.14636055309157317,0.0,0.01904513435950952,4
3834.0,12409,13574,12,19,1165,600,561,63,0,10,0.003129890453834116,0.00495565988523735,0.1564945226917058,0.14632237871674492,0.0,0.01904016692749087,4
3835.0,12412,13582,12,19,1170,600,561,63,0,10,0.0031290743155149934,0.004954367666232073,0.15645371577574968,0.14628422425032594,0.0,0.019035202086049544,4
3836.0,12415,13582,12,19,1167,600,561,63,0,10,0.0031282586027111575,0.004953076120959333,0.15641293013555788,0.1462460896767466,0.0,0.019030239833159542,4
3837.0,12418,13582,12,19,1164,600,561,63,0,10,0.003127443315089914,0.0049517852488923635,0.1563721657544957,0.1462079749804535,0.0,0.019025280166796978,4
3838.0,12421,13582,12,19,1161,600,562,63,0,10,0.003126628452318916,0.0049504950495049506,0.1563314226159458,0.1464304325169359,0.0,0.019020323084940075,4
3839.0,12424,13585,12,19,1161,600,562,63,0,10,0.003125814014066163,0.004949205522271425,0.15629070070330817,0.1463922896587653,0.0,0.019015368585569157,4
3840.0,12427,13585,12,19,1158,600,562,63,0,10,0.003125,0.0049479166666666664,0.15625,0.14635416666666667,0.0,0.019010416666666665,4
3841.0,12430,13585,12,19,1155,600,562,63,0,10,0.0031241864097891173,0.004946628482166103,0.15620932048945588,0.14631606352512366,0.0,0.01900546732621713,4
3842.0,12433,13585,12,19,1152,600,563,63,0,10,0.0031233732431025507,0.004945340968245705,0.15616866215512754,0.146538261322228,0.0,0.019000520562207183,4
3843.0,12436,13588,12,19,1152,600,563,63,0,10,0.00312256049960968,0.004944054124381993,0.156128024980484,0.14650013010668747,0.0,0.018995576372625552,4
3844.0,12439,13588,12,19,1149,601,563,63,0,10,0.003121748178980229,0.004942767950052029,0.15634755463059313,0.14646201873048909,0.0,0.01899063475546306,4
3845.0,12442,13596,12,19,1154,601,563,63,0,10,0.0031209362808842654,0.00494148244473342,0.15630689206762027,0.14642392717815345,0.0,0.018985695708712613,4
3846.0,12445,13596,12,19,1151,601,563,63,0,10,0.0031201248049922,0.004940197607904316,0.156266250650026,0.14638585543421737,0.0,0.018980759230369213,4
3847.0,12448,13596,12,19,1148,601,564,63,0,10,0.0031193137509747857,0.004938913439043411,0.1562256303613205,0.1466077462958149,0.0,0.018975825318429944,4
3848.0,12451,13599,12,19,1148,601,564,63,0,10,0.0031185031185031187,0.004937629937629938,0.1561850311850312,0.14656964656964658,0.0,0.018970893970893972,4
3849.0,12454,13599,12,19,1145,601,565,63,0,10,0.003117692907248636,0.004936347103143674,0.1561444531047025,0.1467913743829566,0.0,0.018965965185762535,4
3850.0,12457,13602,12,19,1145,602,565,63,0,10,0.003116883116883117,0.0049350649350649355,0.15636363636363637,0.14675324675324675,0.0,0.01896103896103896,4
3851.0,12460,13610,12,19,1150,602,565,63,0,10,0.003116073747078681,0.004933783432874578,0.15632303297844716,0.14671513892495455,0.0,0.018956115294728643,4
3852.0,12463,13610,12,19,1147,603,565,63,0,10,0.003115264797507788,0.004932502596053998,0.15654205607476634,0.14667705088265837,0.0,0.018951194184839044,4
3853.0,12466,13618,12,19,1152,603,565,63,0,10,0.003114456267843239,0.004931222424085129,0.15650142745912277,0.1466389826109525,0.0,0.018946275629379703,4
3854.0,12469,13618,12,19,1149,603,565,63,0,10,0.0031136481577581734,0.004929942916450441,0.1564608199273482,0.14660093409444733,0.0,0.01894135962636222,4
3855.0,12472,13618,12,19,1146,603,565,63,0,10,0.0031128404669260703,0.004928664072632944,0.15642023346303502,0.14656290531776914,0.0,0.018936446173800258,4
3856.0,12475,13618,12,19,1143,603,566,63,0,10,0.0031120331950207467,0.004927385892116182,0.15637966804979253,0.14678423236514523,0.0,0.018931535269709542,4
3857.0,12478,13621,12,19,1143,603,566,63,0,10,0.00311122634171636,0.0049261083743842365,0.15633912367124708,0.1467461757842883,0.0,0.018926626912107856,4
3858.0,12481,13621,12,19,1140,603,566,63,0,10,0.003110419906687403,0.004924831518921721,0.15629860031104198,0.14670813893208917,0.0,0.018921721099015035,4
3859.0,12484,13621,12,19,1137,603,566,63,0,10,0.003109613889608707,0.004923555325213786,0.15625809795283752,0.14667012179321068,0.0,0.01891681782845297,4
3860.0,12487,13621,12,19,1134,603,567,63,0,10,0.0031088082901554403,0.004922279792746114,0.1562176165803109,0.14689119170984455,0.0,0.018911917098445596,4
3861.0,12490,13624,12,19,1134,603,567,64,0,10,0.003108003108003108,0.004921004921004921,0.1561771561771562,0.14685314685314685,0.0,0.019166019166019167,4
3862.0,12493,13626,12,19,1133,603,567,64,0,10,0.0031071983428275505,0.004919730709476955,0.1561367167270844,0.14681512169860175,0.0,0.019161056447436563,4
3863.0,12496,13626,12,19,1130,603,567,64,0,10,0.003106393994304944,0.004918457157649495,0.15609629821382345,0.1467771162309086,0.0,0.019156096298213823,4
3864.0,12499,13626,12,19,1127,603,567,64,0,10,0.003105590062111801,0.004917184265010352,0.15605590062111802,0.14673913043478262,0.0,0.019151138716356108,4
3865.0,12502,13626,12,19,1124,603,567,64,0,10,0.0031047865459249676,0.004915912031047865,0.15601552393272963,0.14670116429495472,0.0,0.019146183699870634,4
3866.0,12505,13626,12,19,1121,603,567,65,0,10,0.0031039834454216243,0.004914640455250905,0.15597516813243661,0.14666321779617175,0.0,0.01939989653388515,4
3867.0,12508,13628,12,19,1120,603,567,65,0,10,0.0031031807602792862,0.00491336953710887,0.15593483320403415,0.1466252909231963,0.0,0.019394879751745538,4
3868.0,12511,13628,12,19,1117,603,567,65,0,10,0.0031023784901758012,0.004912099276111685,0.15589451913133404,0.14658738366080662,0.0,0.01938986556359876,4
3869.0,12514,13628,12,19,1114,603,567,65,0,10,0.0031015766347893513,0.004910829671749806,0.1558542258981649,0.14654949599379685,0.0,0.019384853967433446,4
3870.0,12517,13628,12,19,1111,603,567,65,0,10,0.0031007751937984496,0.0049095607235142115,0.1558139534883721,0.14651162790697675,0.0,0.01937984496124031,4
3871.0,12520,13628,12,19,1108,603,567,65,0,10,0.003099974166881943,0.0049082924308964096,0.15577370188581763,0.14647377938517178,0.0,0.01937483854301214,4
3872.0,12523,13628,12,19,1105,603,568,65,0,10,0.0030991735537190084,0.00490702479338843,0.15573347107438015,0.14669421487603307,0.0,0.019369834710743803,4
3873.0,12526,13631,12,19,1105,603,569,65,0,10,0.003098373353989156,0.0049057578104828295,0.15569326103795508,0.1469145365349858,0.0,0.019364833462432222,4
3874.0,12529,13634,12,19,1105,604,569,65,0,10,0.003097573567372225,0.00490449148167269,0.15591120289106866,0.14687661331956633,0.0,0.019359834796076406,4
3875.0,12532,13642,12,19,1110,605,569,65,0,10,0.003096774193548387,0.004903225806451613,0.15612903225806452,0.14683870967741935,0.0,0.01935483870967742,4
3876.0,12535,13650,12,19,1115,605,569,65,0,10,0.0030959752321981426,0.004901960784313725,0.15608875128998967,0.14680082559339525,0.0,0.01934984520123839,4
3877.0,12538,13650,12,19,1112,606,569,65,0,10,0.003095176683002321,0.004900696414753675,0.15630642249161722,0.14676296105236009,0.0,0.01934485426876451,4
3878.0,12541,13658,12,19,1117,606,569,65,0,10,0.0030943785456420837,0.004899432697266632,0.15626611655492523,0.14672511603919547,0.0,0.019339865910263022,4
3879.0,12544,13658,12,19,1114,606,569,65,0,10,0.0030935808197989174,0.004898169631348285,0.15622583139984533,0.14668729053879867,0.0,0.019334880123743233,4
3880.0,12547,13658,12,19,1111,606,569,65,0,10,0.003092783505154639,0.004896907216494845,0.15618556701030928,0.14664948453608248,0.0,0.019329896907216496,4
3881.0,12550,13658,12,19,1108,606,569,65,0,10,0.003091986601391394,0.00489564545220304,0.1561453233702654,0.14661169801597526,0.0,0.01932491625869621,4
3882.0,12553,13658,12,19,1105,606,569,65,0,10,0.0030911901081916537,0.004894384337970119,0.1561051004636785,0.14657393096342092,0.0,0.019319938176197836,4
3883.0,12556,13658,12,19,1102,606,569,65,0,10,0.003090394025238218,0.004893123873293845,0.15606489827453,0.14653618336337884,0.0,0.01931496265773886,4
3884.0,12559,13658,12,19,1099,606,569,65,0,10,0.003089598352214212,0.004891864057672502,0.1560247167868177,0.14649845520082388,0.0,0.019309989701338827,4
3885.0,12562,13658,12,19,1096,607,569,65,0,10,0.003088803088803089,0.004890604890604891,0.15624195624195625,0.14646074646074647,0.0,0.019305019305019305,4
3886.0,12565,13666,12,19,1101,607,569,65,0,10,0.003088008234688626,0.004889346371590325,0.15620174987133298,0.14642305712815235,0.0,0.01930005146680391,4
3887.0,12568,13666,12,19,1098,607,569,65,0,10,0.0030872137895549268,0.004888088500128634,0.15616156418832003,0.14638538718806277,0.0,0.019295086184718292,4
3888.0,12571,13666,12,19,1095,607,569,66,0,10,0.0030864197530864196,0.004886831275720165,0.15612139917695472,0.1463477366255144,0.0,0.01954732510288066,4
3889.0,12574,13668,12,19,1094,607,569,66,0,10,0.0030856261249678583,0.004885574697865775,0.15608125482129082,0.14631010542555928,0.0,0.0195422987914631,4
3890.0,12577,13668,12,19,1091,607,569,66,0,10,0.003084832904884319,0.004884318766066838,0.15604113110539847,0.14627249357326477,0.0,0.01953727506426735,4
3891.0,12580,13668,12,19,1088,607,569,66,0,10,0.0030840400925212026,0.004883063479825238,0.15600102801336418,0.1462349010537137,0.0,0.01953225391930095,4
3892.0,12583,13668,12,19,1085,607,569,66,0,10,0.003083247687564234,0.004881808838643371,0.15596094552929085,0.14619732785200412,0.0,0.019527235354573486,4
3893.0,12586,13668,12,19,1082,607,569,66,0,10,0.0030824556896994607,0.004880554842024146,0.15592088363729772,0.14615977395324942,0.0,0.019522219368096585,4
3894.0,12589,13668,12,19,1079,607,569,66,0,10,0.0030816640986132513,0.004879301489470981,0.15588084232152027,0.14612223934257831,0.0,0.019517205957883924,4
3895.0,12592,13668,12,19,1076,607,569,66,0,10,0.0030808729139922978,0.004878048780487805,0.1558408215661104,0.14608472400513478,0.0,0.01951219512195122,4
3896.0,12595,13668,12,19,1073,607,569,66,0,10,0.003080082135523614,0.004876796714579056,0.15580082135523615,0.14604722792607802,0.0,0.019507186858316223,4
3897.0,12598,13668,12,19,1070,608,569,66,0,10,0.003079291762894534,0.004875545291249679,0.15601744931998973,0.1460097510905825,0.0,0.019502181164998716,4
3898.0,12601,13676,12,19,1075,608,569,66,0,10,0.0030785017957927143,0.0048742945100051305,0.15597742432016418,0.14597229348383786,0.0,0.019497178040020522,4
3899.0,12604,13676,12,19,1072,609,569,66,0,10,0.00307771223390613,0.004873044370351372,0.1561938958707361,0.14593485509104898,0.0,0.019492177481405488,4
3900.0,12607,13684,12,19,1077,609,569,66,0,10,0.003076923076923077,0.004871794871794872,0.15615384615384614,0.1458974358974359,0.0,0.019487179487179488,4
3901.0,12610,13684,12,19,1074,609,569,66,0,10,0.0030761343245321714,0.004870546013842604,0.1561138169700077,0.1458600358882338,0.0,0.019482184055370416,4
3902.0,12613,13684,12,19,1071,609,569,66,0,10,0.0030753459764223477,0.004869297796002051,0.15607380830343415,0.145822655048693,0.0,0.019477191184008202,4
3903.0,12616,13684,12,19,1068,609,569,66,0,10,0.0030745580322828594,0.004868050217781194,0.15603382013835512,0.14578529336407892,0.0,0.019472200871124775,4
3904.0,12619,13684,12,19,1065,609,569,66,0,10,0.0030737704918032786,0.004866803278688525,0.1559938524590164,0.14574795081967212,0.0,0.0194672131147541,4
3905.0,12622,13684,12,19,1062,609,569,66,0,10,0.0030729833546734955,0.0048655569782330346,0.1559539052496799,0.14571062740076823,0.0,0.019462227912932138,4
3906.0,12625,13684,12,19,1059,609,569,66,0,10,0.0030721966205837174,0.00486431131592422,0.15591397849462366,0.14567332309267794,0.0,0.01945724526369688,4
3907.0,12628,13684,12,19,1056,610,569,66,0,10,0.0030714102892244687,0.004863066291272076,0.15613002303557716,0.1456360378807269,0.0,0.019452265165088304,4
3908.0,12631,13692,12,19,1061,610,569,67,0,10,0.0030706243602865915,0.004861821903787103,0.15609007164790173,0.14559877175025587,0.0,0.01970317297850563,4
3909.0,12634,13694,12,19,1060,611,569,67,0,10,0.0030698388334612432,0.004860578152980302,0.15630596060373497,0.14556152468662062,0.0,0.019698132514709643,4
3910.0,12637,13702,12,19,1065,611,569,67,0,10,0.003069053708439898,0.004859335038363171,0.15626598465473146,0.14552429667519182,0.0,0.01969309462915601,4
3911.0,12640,13702,12,19,1062,611,569,67,0,10,0.003068268984914344,0.004858092559447712,0.15622602914855535,0.14548708770135516,0.0,0.019688059319867043,4
3912.0,12643,13702,12,19,1059,611,569,67,0,10,0.003067484662576687,0.0048568507157464216,0.15618609406952966,0.14544989775051126,0.0,0.019683026584867074,4
3913.0,12646,13702,12,19,1056,611,569,67,0,10,0.003066700741119346,0.004855609506772297,0.15614617940199335,0.14541272680807565,0.0,0.01967799642218247,4
3914.0,12649,13702,12,19,1053,611,569,67,0,10,0.0030659172202350538,0.0048543689320388345,0.15610628513030148,0.1453755748594788,0.0,0.019672968829841594,4
3915.0,12652,13702,12,19,1050,612,569,67,0,10,0.0030651340996168583,0.004853128991060026,0.15632183908045977,0.14533844189016604,0.0,0.01966794380587484,4
3916.0,12655,13710,12,19,1055,612,570,67,0,10,0.0030643513789581204,0.004851889683350358,0.15628192032686414,0.14555669050051073,0.0,0.019662921348314606,4
3917.0,12658,13713,12,19,1055,612,570,67,0,10,0.0030635690579525147,0.004850651008424815,0.15624202195557824,0.14551953025274444,0.0,0.019657901455195304,4
3918.0,12661,13713,12,19,1052,612,570,67,0,10,0.0030627871362940277,0.004849412965798877,0.1562021439509954,0.14548238897396631,0.0,0.019652884124553342,4
3919.0,12664,13713,12,19,1049,612,570,67,0,10,0.0030620056136769582,0.0048481755549885175,0.15616228629752488,0.1454452666496555,0.0,0.01964786935442715,4
3920.0,12667,13713,12,19,1046,612,570,67,0,10,0.003061224489795918,0.004846938775510204,0.15612244897959185,0.14540816326530612,0.0,0.019642857142857142,4
3921.0,12670,13713,12,19,1043,612,570,67,0,10,0.00306044376434583,0.004845702626880897,0.15608263198163733,0.14537107880642694,0.0,0.019637847487885742,4
3922.0,12673,13713,12,19,1040,612,570,67,0,10,0.0030596634370219276,0.004844467108618052,0.1560428352881183,0.14533401325854156,0.0,0.01963284038755737,4
3923.0,12676,13713,12,19,1037,612,570,67,0,10,0.0030588835075197555,0.004843232220239612,0.15600305888350752,0.14529696660718838,0.0,0.01962783583991843,4
3924.0,12679,13713,12,19,1034,612,570,68,0,10,0.0030581039755351682,0.004841997961264016,0.1559633027522936,0.1452599388379205,0.0,0.019877675840978593,4
3925.0,12682,13715,12,19,1033,612,570,68,0,10,0.003057324840764331,0.004840764331210191,0.1559235668789809,0.14522292993630573,0.0,0.019872611464968153,4
3926.0,12685,13715,12,19,1030,613,570,68,0,10,0.003056546102903719,0.004839531329597555,0.15613856342333163,0.14518593988792663,0.0,0.019867549668874173,4
3927.0,12688,13723,12,19,1035,614,570,68,0,10,0.0030557677616501145,0.004838298955946015,0.15635345047109753,0.14514896867838045,0.0,0.019862490450725745,4
3928.0,12691,13731,12,19,1040,614,570,68,0,10,0.003054989816700611,0.004837067209775967,0.15631364562118127,0.14511201629327902,0.0,0.01985743380855397,4
3929.0,12694,13731,12,19,1037,614,571,68,0,10,0.003054212267752609,0.004835836090608297,0.15627386103334182,0.1453296004072283,0.0,0.019852379740391956,4
3930.0,12697,13734,12,19,1037,614,571,68,0,10,0.0030534351145038168,0.004834605597964376,0.15623409669211197,0.14529262086513994,0.0,0.01984732824427481,4
3931.0,12700,13734,12,19,1034,615,571,68,0,10,0.0030526583566522513,0.004833375731366065,0.15644874077842788,0.14525566013736962,0.0,0.019842279318239633,4
3932.0,12703,13742,12,19,1039,615,571,68,0,10,0.003051881993896236,0.004832146490335707,0.1564089521871821,0.14521871820956256,0.0,0.019837232960325534,4
3933.0,12706,13742,12,19,1036,615,571,68,0,10,0.0030511060259344014,0.004830917874396135,0.15636918382913806,0.1451817950673786,0.0,0.019832189168573607,4
3934.0,12709,13742,12,19,1033,616,571,68,0,10,0.003050330452465684,0.004829689883070666,0.15658362989323843,0.1451448906964921,0.0,0.019827147941026944,4
3935.0,12712,13750,12,19,1038,616,572,68,0,10,0.0030495552731893264,0.0048284625158831005,0.1565438373570521,0.14536213468869122,0.0,0.019822109275730623,4
3936.0,12715,13753,12,19,1038,617,572,68,0,10,0.003048780487804878,0.004827235772357724,0.15675813008130082,0.14532520325203252,0.0,0.019817073170731708,4
3937.0,12718,13761,12,19,1043,617,572,68,0,10,0.003048006096012192,0.004826009652019304,0.15671831343662687,0.14528829057658116,0.0,0.019812039624079247,4
3938.0,12721,13761,12,19,1040,617,572,68,0,10,0.0030472320975114273,0.004824784154393093,0.15667851701371255,0.1452513966480447,0.0,0.019807008633824275,4
3939.0,12724,13761,12,19,1037,617,572,68,0,10,0.0030464584920030465,0.004823559279004823,0.15663874079715664,0.14521452145214522,0.0,0.019801980198019802,4
3940.0,12727,13761,12,19,1034,617,572,68,0,10,0.003045685279187817,0.004822335025380711,0.1565989847715736,0.14517766497461929,0.0,0.01979695431472081,4
3941.0,12730,13761,12,19,1031,617,572,68,0,10,0.0030449124587668104,0.00482111139304745,0.1565592489215935,0.14514082720121796,0.0,0.019791930981984267,4
3942.0,12733,13761,12,19,1028,617,572,68,0,10,0.0030441400304414,0.004819888381532217,0.156519533231862,0.14510400811770674,0.0,0.0197869101978691,4
3943.0,12736,13761,12,19,1025,617,572,68,0,10,0.003043367993913264,0.004818665990362668,0.15647983768704032,0.1450672077098656,0.0,0.019781891960436216,4
3944.0,12739,13761,12,19,1022,617,572,68,0,10,0.0030425963488843813,0.004817444219066937,0.15644016227180527,0.14503042596348883,0.0,0.01977687626774848,4
3945.0,12742,13761,12,19,1019,617,572,68,0,10,0.003041825095057034,0.004816223067173638,0.15640050697084917,0.1449936628643853,0.0,0.01977186311787072,4
3946.0,12745,13761,12,19,1016,617,572,68,0,10,0.0030410542321338066,0.00481500253421186,0.1563608717688799,0.1449569183983781,0.0,0.019766852508869743,4
3947.0,12748,13761,12,19,1013,617,572,68,0,10,0.003040283759817583,0.004813782619711173,0.15632125665062072,0.14492019255130478,0.0,0.019761844438814288,4
3948.0,12751,13761,12,19,1010,618,572,68,0,10,0.00303951367781155,0.0048125633232016215,0.15653495440729484,0.14488348530901723,0.0,0.019756838905775075,4
3949.0,12754,13769,12,19,1015,618,572,68,0,10,0.003038743985819195,0.004811344644213725,0.15649531526968852,0.14484679665738162,0.0,0.019751835907824766,4
3950.0,12757,13769,12,19,1012,618,572,68,0,10,0.0030379746835443038,0.004810126582278481,0.15645569620253164,0.1448101265822785,0.0,0.019746835443037975,4
3951.0,12760,13769,12,19,1009,618,572,68,0,10,0.0030372057706909645,0.00480890913692736,0.15641609719058466,0.14477347506960264,0.0,0.019741837509491267,4
3952.0,12763,13769,12,19,1006,618,572,68,0,10,0.003036437246963563,0.004807692307692308,0.15637651821862347,0.14473684210526316,0.0,0.019736842105263157,4
3953.0,12766,13769,12,19,1003,618,572,68,0,10,0.0030356691120667846,0.004806476094105743,0.15633695927143942,0.1447002276751834,0.0,0.0197318492284341,4
3954.0,12769,13769,12,19,1000,618,573,68,0,10,0.0030349013657056147,0.0048052604957005566,0.15629742033383914,0.1449165402124431,0.0,0.019726858877086494,4
3955.0,12772,13772,12,19,1000,618,573,69,0,10,0.003034134007585335,0.004804045512010114,0.15625790139064474,0.14487989886219974,0.0,0.019974715549936788,4
3956.0,12775,13774,12,19,999,618,573,69,0,10,0.003033367037411527,0.004802831142568251,0.15621840242669363,0.1448432760364004,0.0,0.019969666329625886,4
3957.0,12778,13774,12,19,996,618,573,69,0,10,0.003032600454890068,0.004801617386909275,0.1561789234268385,0.14480667172100076,0.0,0.019964619661359616,4
3958.0,12781,13774,12,19,993,618,573,69,0,10,0.003031834259727135,0.004800404244567963,0.15613946437594745,0.14477008590197069,0.0,0.01995957554320364,4
3959.0,12784,13774,12,19,990,619,573,69,0,10,0.0030310684516291994,0.004799191715079565,0.15635261429653954,0.14473351856529426,0.0,0.019954533973225563,4
3960.0,12787,13782,12,19,995,619,573,69,0,10,0.0030303030303030303,0.004797979797979798,0.15631313131313132,0.14469696969696969,0.0,0.01994949494949495,4
3961.0,12790,13782,12,19,992,619,573,69,0,10,0.003029537995455693,0.004796768492804847,0.1562736682655895,0.14466043928300934,0.0,0.01994445847008331,4
3962.0,12793,13782,12,19,989,619,574,69,0,10,0.003028773346794548,0.004795557799091368,0.15623422513881877,0.14487632508833923,0.0,0.019939424533064107,4
3963.0,12796,13785,12,19,989,619,575,69,0,10,0.003028009084027252,0.0047943477163764825,0.15619480191773907,0.1450921019429725,0.0,0.019934393136512744,4
3964.0,12799,13788,12,19,989,619,575,69,0,10,0.0030272452068617556,0.00479313824419778,0.15615539858728558,0.14505549949545912,0.0,0.01992936427850656,4
3965.0,12802,13788,12,19,986,619,576,69,0,10,0.003026481715006305,0.0047919293820933165,0.15611601513240858,0.14527112232030265,0.0,0.01992433795712484,4
3966.0,12805,13791,12,19,986,620,576,69,0,10,0.0030257186081694403,0.004790721129601614,0.15632879475542108,0.14523449319213314,0.0,0.019919314170448815,4
3967.0,12808,13799,12,19,991,620,576,69,0,10,0.003024955886059995,0.004789513486261659,0.15628938744643306,0.14519788253087976,0.0,0.019914292916561632,4
3968.0,12811,13799,12,19,988,620,576,69,0,10,0.0030241935483870967,0.004788306451612903,0.15625,0.14516129032258066,0.0,0.019909274193548387,4
3969.0,12814,13799,12,19,985,621,576,69,0,10,0.0030234315948601664,0.004787100025195263,0.1564625850340136,0.14512471655328799,0.0,0.019904257999496095,4
3970.0,12817,13807,12,19,990,621,576,70,0,10,0.003022670025188917,0.004785894206549119,0.15642317380352644,0.145088161209068,0.0,0.020151133501259445,4
3971.0,12820,13809,12,19,989,621,577,70,0,10,0.0030219088390833542,0.004784688995215311,0.1563837824225636,0.1453034500125913,0.0,0.020146058927222363,4
3972.0,12823,13812,12,19,989,621,577,70,0,10,0.0030211480362537764,0.004783484390735146,0.15634441087613293,0.14526686807653574,0.0,0.02014098690835851,4
3973.0,12826,13812,12,19,986,621,577,70,0,10,0.003020387616410773,0.00478228039265039,0.1563050591492575,0.1452303045557513,0.0,0.020135917442738484,4
3974.0,12829,13812,12,19,983,622,577,70,0,10,0.003019627579265224,0.004781077000503271,0.15651736285858078,0.1451937594363362,0.0,0.020130850528434826,4
3975.0,12832,13820,12,19,988,622,577,70,0,10,0.0030188679245283017,0.004779874213836478,0.15647798742138364,0.1451572327044025,0.0,0.02012578616352201,4
3976.0,12835,13820,12,19,985,622,577,70,0,11,0.0030181086519114686,0.004778672032193159,0.15643863179074446,0.14512072434607645,0.0,0.020372233400402416,4
3977.0,12836,13821,12,19,985,622,577,70,0,11,0.0030173497611264773,0.004777470455116922,0.15639929595172242,0.14508423434749812,0.0,0.02036711088760372,4
3978.0,12837,13821,13,19,984,622,577,70,0,11,0.0032679738562091504,0.0047762694821518355,0.15635997988939165,0.14504776269482153,0.0,0.020361990950226245,4
3979.0,12856,13933,13,19,1077,622,578,70,0,11,0.003267152550892184,0.004775069112842423,0.1563206835888414,0.14526262880120633,0.0,0.020356873586328223,4
3980.0,12859,13936,13,19,1077,622,578,70,0,11,0.0032663316582914573,0.004773869346733669,0.15628140703517587,0.14522613065326634,0.0,0.02035175879396985,4
3981.0,12862,13936,13,19,1074,622,578,70,0,11,0.003265511178095956,0.0047726701833710125,0.1562421502135142,0.1451896508414971,0.0,0.020346646571213264,4
3982.0,12865,13936,13,19,1071,622,578,70,0,11,0.0032646911099949772,0.004771471622300351,0.15620291310899045,0.14515318935208438,0.0,0.020341536916122553,4
3983.0,12868,13936,13,19,1068,622,578,70,0,11,0.003263871453678132,0.004770273663068039,0.1561636957067537,0.14511674617122772,0.0,0.020336429826763747,4
3984.0,12871,13936,13,19,1065,622,578,70,0,11,0.003263052208835341,0.004769076305220884,0.15612449799196787,0.14508032128514056,0.0,0.02033132530120482,4
3985.0,12874,13936,13,19,1062,622,578,70,0,11,0.003262233375156838,0.004767879548306148,0.15608531994981178,0.14504391468005018,0.0,0.020326223337515683,4
3986.0,12877,13936,13,19,1059,622,578,70,0,11,0.003261414952333166,0.004766683391871551,0.15604616156547918,0.14500752634219768,0.0,0.020321123933768188,4
3987.0,12880,13936,13,19,1056,622,578,70,0,11,0.0032605969400551793,0.004765487835465262,0.15600702282417858,0.14497115625783796,0.0,0.020316027088036117,4
3988.0,12883,13936,13,19,1053,622,578,70,0,11,0.003259779338014042,0.004764292878635908,0.1559679037111334,0.14493480441323972,0.0,0.020310932798395187,4
3989.0,12886,13936,13,19,1050,622,578,70,0,11,0.0032589621459012284,0.004763098520932565,0.15592880421158184,0.14489847079468537,0.0,0.02030584106292304,4
3990.0,12889,13936,13,19,1047,623,578,70,0,11,0.003258145363408521,0.004761904761904762,0.156140350877193,0.14486215538847116,0.0,0.02030075187969925,4
3991.0,12892,13944,13,19,1052,623,578,70,0,11,0.003257328990228013,0.00476071160110248,0.15610122776246554,0.14482585818090704,0.0,0.020295665246805313,4
3992.0,12895,13944,13,19,1049,623,578,70,0,11,0.003256513026052104,0.004759519038076153,0.156062124248497,0.14478957915831664,0.0,0.02029058116232465,4
3993.0,12898,13944,13,19,1046,623,578,70,0,11,0.0032556974705735034,0.004758327072376659,0.15602304032056097,0.1447533183070373,0.0,0.0202854996243426,4
3994.0,12901,13944,13,19,1043,623,579,70,0,11,0.003254882323485228,0.004757135703555333,0.15598397596394592,0.14496745117676516,0.0,0.02028042063094642,4
3995.0,12904,13947,13,19,1043,623,579,70,0,11,0.003254067584480601,0.004755944931163955,0.15594493116395494,0.14493116395494368,0.0,0.020275344180225283,4
3996.0,12907,13947,13,19,1040,623,579,70,0,11,0.0032532532532532532,0.004754754754754755,0.15590590590590592,0.1448948948948949,0.0,0.02027027027027027,4
3997.0,12910,13947,13,19,1037,623,579,70,0,11,0.003252439329497123,0.0047535651738804105,0.15586690017513136,0.14485864398298723,0.0,0.020265198899174382,4
3998.0,12913,13947,13,19,1034,623,579,70,0,11,0.0032516258129064533,0.004752376188094047,0.15582791395697848,0.1448224112056028,0.0,0.020260130065032515,4
3999.0,12916,13947,13,19,1031,623,579,70,0,11,0.003250812703175794,0.004751187796949237,0.1557889472368092,0.1447861965491373,0.0,0.020255063765941484,4
4000.0,12919,13947,13,19,1028,623,580,70,0,11,0.00325,0.00475,0.15575,0.145,0.0,0.02025,4
4001.0,12922,13950,13,19,1028,623,581,70,0,11,0.0032491877030742314,0.0047488127968008,0.15571107223194203,0.14521369657585603,0.0,0.02024493876530867,4
4002.0,12925,13953,13,19,1028,623,581,70,0,11,0.003248375812093953,0.004747626186906547,0.15567216391804098,0.14517741129435283,0.0,0.020239880059970013,4
4003.0,12928,13953,13,19,1025,623,581,70,0,11,0.003247564326754934,0.004746440169872595,0.1556332750437172,0.14514114414189358,0.0,0.020234823882088433,4
4004.0,12931,13953,13,19,1022,623,581,70,0,11,0.003246753246753247,0.004745254745254745,0.1555944055944056,0.1451048951048951,0.0,0.020229770229770228,4
4005.0,12934,13953,13,19,1019,623,581,70,0,11,0.0032459425717852684,0.004744069912609238,0.15555555555555556,0.14506866416978775,0.0,0.020224719101123594,4
4006.0,12937,13953,13,19,1016,624,581,70,0,11,0.0032451323015476783,0.004742885671492761,0.15576635047428858,0.14503245132301548,0.0,0.020219670494258612,4
4007.0,12940,13961,13,19,1021,624,582,70,0,11,0.0032443224357374596,0.004741702021462441,0.15572747691539807,0.1452458198153232,0.0,0.020214624407287246,4
4008.0,12943,13964,13,19,1021,624,582,70,0,11,0.003243512974051896,0.004740518962075849,0.15568862275449102,0.14520958083832336,0.0,0.020209580838323353,4
4009.0,12946,13964,13,19,1018,624,582,70,0,11,0.0032427039161885755,0.004739336492890996,0.15564978797705165,0.1451733599401347,0.0,0.020204539785482666,4
4010.0,12949,13964,13,19,1015,624,582,70,0,11,0.0032418952618453864,0.004738154613466334,0.15561097256857856,0.1451371571072319,0.0,0.020199501246882794,4
4011.0,12952,13964,13,19,1012,624,582,70,0,11,0.0032410870107205184,0.004736973323360758,0.15557217651458488,0.14510097232610322,0.0,0.02019446522064323,4
4012.0,12955,13964,13,19,1009,624,582,70,0,11,0.0032402791625124627,0.004735792622133599,0.15553339980059822,0.14506480558325024,0.0,0.020189431704885345,4
4013.0,12958,13964,13,19,1006,625,582,70,0,11,0.00323947171692001,0.00473461250934463,0.15574383254423124,0.14502865686518815,0.0,0.02018440069773237,4
4014.0,12961,13972,13,19,1011,625,582,70,0,11,0.0032386646736422523,0.004733432984554061,0.15570503238664674,0.14499252615844543,0.0,0.020179372197309416,4
4015.0,12964,13972,13,19,1008,625,582,70,0,11,0.0032378580323785804,0.004732254047322541,0.15566625155666253,0.14495641344956414,0.0,0.02017434620174346,4
4016.0,12967,13972,13,19,1005,626,582,70,0,11,0.0032370517928286854,0.0047310756972111555,0.15587649402390438,0.1449203187250996,0.0,0.020169322709163346,4
4017.0,12970,13980,13,19,1010,626,582,70,0,11,0.003236245954692557,0.004729897933781429,0.15583768981827234,0.14488424197162061,0.0,0.020164301717699777,4
4018.0,12973,13980,13,19,1007,626,583,70,0,11,0.003235440517670483,0.004728720756595321,0.15579890492782478,0.14509706321553012,0.0,0.020159283225485315,4
4019.0,12976,13983,13,19,1007,626,583,70,0,11,0.0032346354814630504,0.004727544165215228,0.1557601393381438,0.14506096043791988,0.0,0.02015426723065439,4
4020.0,12979,13983,13,19,1004,627,583,70,0,11,0.003233830845771144,0.00472636815920398,0.15597014925373134,0.14502487562189054,0.0,0.020149253731343283,4
4021.0,12982,13991,13,19,1009,627,583,70,0,11,0.003233026610295946,0.004725192738124845,0.15593136035811986,0.14498880875404127,0.0,0.020144242725690126,4
4022.0,12985,13991,13,19,1006,627,583,70,0,11,0.0032322227747389356,0.004724017901541522,0.15589259075087022,0.14495275982098457,0.0,0.02013923421183491,4
4023.0,12988,13991,13,19,1003,627,583,70,0,11,0.003231419338801889,0.004722843649018146,0.1558538404175988,0.14491672880934625,0.0,0.020134228187919462,4
4024.0,12991,13991,13,19,1000,627,583,70,0,11,0.0032306163021868788,0.004721669980119284,0.1558151093439364,0.1448807157057654,0.0,0.020129224652087475,4
4025.0,12994,13991,13,19,997,627,583,70,0,11,0.003229813664596273,0.004720496894409938,0.15577639751552794,0.1448447204968944,0.0,0.020124223602484472,4
4026.0,12997,13991,13,19,994,627,583,70,0,11,0.003229011425732737,0.004719324391455539,0.1557377049180328,0.1448087431693989,0.0,0.020119225037257823,4
4027.0,13000,13991,13,19,991,627,583,70,0,11,0.00322820958529923,0.0047181524708219515,0.15569903153712442,0.14477278370995778,0.0,0.02011422895455674,4
4028.0,13003,13991,13,19,988,627,583,70,0,11,0.003227408142999007,0.0047169811320754715,0.15566037735849056,0.14473684210526316,0.0,0.020109235352532274,4
4029.0,13006,13991,13,19,985,627,583,70,0,11,0.003226607098535617,0.0047158103747828245,0.15562174236783322,0.14470091834202034,0.0,0.020104244229337303,4
4030.0,13009,13991,13,19,982,628,583,70,0,11,0.0032258064516129032,0.004714640198511167,0.15583126550868487,0.1446650124069479,0.0,0.02009925558312655,4
4031.0,13012,13999,13,19,987,628,583,70,0,11,0.0032250062019350038,0.004713470602828083,0.15579260729347558,0.1446291242867775,0.0,0.02009426941205656,4
4032.0,13015,13999,13,19,984,628,583,71,0,11,0.003224206349206349,0.004712301587301587,0.15575396825396826,0.14459325396825398,0.0,0.020337301587301588,4
4033.0,13018,14001,13,19,983,629,583,71,0,11,0.003223406893131664,0.004711133151500124,0.1559633027522936,0.1445574014381354,0.0,0.020332258864368957,4
4034.0,13021,14009,13,19,988,629,583,71,0,11,0.0032226078334159644,0.004709965294992563,0.15592464055528013,0.14452156668319285,0.0,0.02032721864154685,4
4035.0,13024,14009,13,19,985,630,583,71,0,11,0.00322180916976456,0.004708798017348203,0.15613382899628253,0.14448574969021066,0.0,0.020322180916976455,4
4036.0,13027,14017,13,19,990,630,583,71,0,11,0.0032210109018830525,0.004707631318136769,0.15609514370664024,0.14444995044598613,0.0,0.020317145688800792,4
4037.0,13030,14017,13,19,987,630,583,72,0,11,0.0032202130294773346,0.004706465196928412,0.15605647758236313,0.1444141689373297,0.0,0.020559821649739907,4
4038.0,13033,14019,13,19,986,631,583,72,0,11,0.0032194155522535907,0.0047052996532937095,0.15626547795938583,0.14437840515106487,0.0,0.02055473006438831,4
4039.0,13036,14027,13,19,991,632,583,72,0,11,0.0032186184699182965,0.004704134686803664,0.15647437484525872,0.1443426590740282,0.0,0.020549641000247587,4
4040.0,13039,14035,13,19,996,632,583,72,0,11,0.0032178217821782176,0.004702970297029703,0.15643564356435644,0.1443069306930693,0.0,0.020544554455445545,4
4041.0,13042,14035,13,19,993,632,584,72,0,11,0.0032170254887404106,0.0047018064835436775,0.15639693145261074,0.14451868349418462,0.0,0.020539470428111852,4
4042.0,13045,14038,13,19,993,632,584,72,0,11,0.0032162295893122216,0.0047006432459178625,0.15635823849579417,0.14448292924294903,0.0,0.02053438891637803,4
4043.0,13048,14038,13,19,990,632,584,72,0,11,0.003215434083601286,0.004699480583724957,0.1563195646796933,0.14444719267870393,0.0,0.020529309918377443,4
4044.0,13051,14038,13,19,987,632,584,72,0,11,0.003214638971315529,0.004698318496538081,0.1562809099901088,0.1444114737883284,0.0,0.0205242334322453,4
4045.0,13054,14038,13,19,984,632,584,72,0,11,0.0032138442521631645,0.004697156983930779,0.15624227441285538,0.14437577255871445,0.0,0.020519159456118666,4
4046.0,13057,14038,13,19,981,633,584,72,0,11,0.003213049925852694,0.0046959960454770145,0.15645081562036578,0.14434008897676717,0.0,0.02051408798813643,4
4047.0,13060,14046,13,19,986,633,584,72,0,11,0.0032122559920929085,0.004694835680751174,0.156412157153447,0.1443044230294045,0.0,0.020509019026439337,4
4048.0,13063,14046,13,19,983,633,584,72,0,11,0.0032114624505928855,0.004693675889328063,0.15637351778656128,0.1442687747035573,0.0,0.02050395256916996,4
4049.0,13066,14046,13,19,980,634,584,72,0,11,0.0032106693010619906,0.004692516670782909,0.15658187206717708,0.14423314398616943,0.0,0.02049888861447271,4
4050.0,13069,14054,13,19,985,634,584,72,0,11,0.0032098765432098763,0.004691358024691358,0.15654320987654322,0.14419753086419754,0.0,0.020493827160493826,4
4051.0,13072,14054,13,19,982,634,584,72,0,11,0.0032090841767464825,0.004690199950629474,0.15650456677363614,0.14416193532461122,0.0,0.020488768205381386,4
4052.0,13075,14054,13,19,979,635,584,72,0,11,0.0032082922013820336,0.004689042448173741,0.15671273445212242,0.1441263573543929,0.0,0.02048371174728529,4
4053.0,13078,14062,13,19,984,635,584,72,0,11,0.0032075006168270415,0.004687885516901061,0.15667406859116703,0.14409079694053786,0.0,0.020478657784357267,4
4054.0,13081,14062,13,19,981,635,584,72,0,11,0.003206709422792304,0.0046867291563887515,0.15663542180562406,0.14405525407005426,0.0,0.020473606314750863,4
4055.0,13084,14062,13,19,978,635,584,72,0,11,0.0032059186189889025,0.00468557336621455,0.15659679408138102,0.14401972872996302,0.0,0.020468557336621455,4
4056.0,13087,14062,13,19,975,635,584,72,0,11,0.003205128205128205,0.004684418145956607,0.15655818540433925,0.14398422090729784,0.0,0.020463510848126233,4
4057.0,13090,14062,13,19,972,635,584,72,0,11,0.0032043381809218636,0.004683263495193493,0.1565195957604141,0.14394873058910526,0.0,0.020458466847424205,4
4058.0,13093,14062,13,19,969,636,584,72,0,11,0.0032035485460818135,0.0046821094135041895,0.15672745194677182,0.14391325776244454,0.0,0.020453425332676196,4
4059.0,13096,14070,13,19,974,636,584,72,0,11,0.003202759300320276,0.004680955900468096,0.15668883961566887,0.14387780241438777,0.0,0.02044838630204484,4
4060.0,13099,14070,13,19,971,636,584,72,0,11,0.0032019704433497538,0.004679802955665025,0.1566502463054187,0.1438423645320197,0.0,0.020443349753694582,4
4061.0,13102,14070,13,19,968,636,584,72,0,11,0.0032011819748830337,0.004678650578675204,0.15661167200196996,0.14380694410243783,0.0,0.020438315685791675,4
4062.0,13105,14070,13,19,965,636,585,72,0,11,0.003200393894633186,0.004677498769079271,0.15657311669128507,0.14401772525849335,0.0,0.020433284096504186,4
4063.0,13108,14073,13,19,965,636,585,72,0,11,0.0031996062023135615,0.004676347526458282,0.1565345803593404,0.14398227910411027,0.0,0.02042825498400197,4
4064.0,13111,14073,13,19,962,636,585,72,0,11,0.0031988188976377952,0.004675196850393701,0.15649606299212598,0.14394685039370078,0.0,0.02042322834645669,4
4065.0,13114,14073,13,19,959,636,586,72,0,11,0.0031980319803198032,0.004674046740467405,0.15645756457564575,0.14415744157441573,0.0,0.02041820418204182,4
4066.0,13117,14076,13,19,959,636,586,72,0,11,0.0031972454500737825,0.004672897196261682,0.15641908509591737,0.1441219872110182,0.0,0.02041318248893261,4
4067.0,13120,14076,13,19,956,636,586,72,0,11,0.003196459306614212,0.004671748217359233,0.15638062453897222,0.1440865502827637,0.0,0.02040816326530612,4
4068.0,13123,14076,13,19,953,637,586,72,0,11,0.0031956735496558504,0.004670599803343166,0.15658800393313668,0.1440511307767945,0.0,0.020403146509341198,4
4069.0,13126,14084,13,19,958,637,587,72,0,11,0.003194888178913738,0.004669451953797002,0.15654952076677317,0.14426148930941263,0.0,0.02039813221921848,4
4070.0,13129,14087,13,19,958,638,587,72,0,11,0.0031941031941031942,0.004668304668304668,0.15675675675675677,0.14422604422604424,0.0,0.020393120393120395,4
4071.0,13132,14095,13,19,963,638,587,72,0,11,0.0031933185949398184,0.004667157946450504,0.15671825104396955,0.14419061655612872,0.0,0.020388111029231146,4
4072.0,13135,14095,13,19,960,638,587,72,0,11,0.0031925343811394892,0.004666011787819254,0.15667976424361493,0.14415520628683692,0.0,0.02038310412573674,4
4073.0,13138,14095,13,19,957,638,588,72,0,11,0.0031917505524183647,0.004664866191996072,0.15664129634176283,0.14436533267861526,0.0,0.020378099680824945,4
4074.0,13141,14098,13,19,957,638,588,72,0,11,0.0031909671084928816,0.004663721158566519,0.1566028473244968,0.14432989690721648,0.0,0.020373097692685322,4
4075.0,13144,14098,13,19,954,638,588,72,0,11,0.0031901840490797546,0.004662576687116564,0.1565644171779141,0.14429447852760735,0.0,0.020368098159509202,4
4076.0,13147,14098,13,19,951,638,588,72,0,11,0.0031894013738959764,0.004661432777232581,0.15652600588812562,0.14425907752698724,0.0,0.020363101079489694,4
4077.0,13150,14098,13,19,948,638,588,72,0,11,0.003188619082658818,0.004660289428501349,0.15648761344125584,0.14422369389256806,0.0,0.020358106450821683,4
4078.0,13153,14098,13,19,945,638,588,72,0,11,0.0031878371750858263,0.004659146640510054,0.15644923982344286,0.1441883276115743,0.0,0.020353114271701816,4
4079.0,13156,14098,13,19,942,638,589,72,0,11,0.003187055650894827,0.004658004412846286,0.15641088502083844,0.14439813679823485,0.0,0.020348124540328513,4
4080.0,13159,14101,13,19,942,638,589,72,0,11,0.0031862745098039215,0.004656862745098039,0.15637254901960784,0.1443627450980392,0.0,0.02034313725490196,4
4081.0,13162,14101,13,19,939,638,590,72,0,11,0.0031854937515314874,0.004655721636853712,0.15633423180592992,0.1445724087233521,0.0,0.020338152413624112,4
4082.0,13165,14104,13,19,939,638,590,72,0,11,0.0031847133757961785,0.0046545810877021065,0.15629593336599706,0.14453699167074963,0.0,0.020333170014698677,4
4083.0,13168,14104,13,19,936,638,591,72,0,11,0.0031839333823169237,0.004653441097232427,0.15625765368601519,0.14474650991917706,0.0,0.02032819005633113,4
4084.0,13171,14107,13,19,936,638,591,72,0,11,0.0031831537708129284,0.00465230166503428,0.15621939275220373,0.14471106758080313,0.0,0.020323212536728696,4
4085.0,13174,14107,13,19,933,638,591,72,0,11,0.003182374541003672,0.004651162790697674,0.1561811505507956,0.14467564259485924,0.0,0.020318237454100368,4
4086.0,13177,14107,13,19,930,638,591,72,0,11,0.0031815956926089083,0.00465002447381302,0.1561429270680372,0.144640234948605,0.0,0.020313264806656878,4
4087.0,13180,14107,13,19,927,639,591,72,0,11,0.0031808172253486667,0.004648886713971128,0.15634940053829213,0.14460484462931245,0.0,0.02030829459261072,4
4088.0,13183,14115,13,19,932,639,591,72,0,11,0.0031800391389432484,0.004647749510763209,0.15631115459882583,0.14456947162426614,0.0,0.020303326810176124,4
4089.0,13186,14115,13,19,929,639,591,72,0,11,0.0031792614331132307,0.0046466128637808754,0.15627292736610418,0.144534115920763,0.0,0.020298361457569088,4
4090.0,13189,14115,13,19,926,639,591,72,0,11,0.003178484107579462,0.004645476772616137,0.15623471882640586,0.14449877750611248,0.0,0.020293398533007333,4
4091.0,13192,14115,13,19,923,639,591,72,0,11,0.0031777071620630653,0.0046443412368614035,0.15619652896602298,0.14446345636763627,0.0,0.02028843803471034,4
4092.0,13195,14115,13,19,920,639,591,72,0,11,0.003176930596285435,0.004643206256109482,0.156158357771261,0.14442815249266863,0.0,0.020283479960899315,4
4093.0,13198,14115,13,19,917,639,592,72,0,11,0.0031761544099682387,0.004642071829953579,0.1561202052284388,0.14463718543855364,0.0,0.020278524309797215,4
4094.0,13201,14118,13,19,917,639,593,72,0,11,0.0031753786028334147,0.004640937957987298,0.15608207132388863,0.14484611626770885,0.0,0.020273571079628724,4
4095.0,13204,14121,13,19,917,639,593,72,0,11,0.0031746031746031746,0.00463980463980464,0.15604395604395604,0.14481074481074482,0.0,0.02026862026862027,4
4096.0,13207,14121,13,19,914,639,593,72,0,11,0.003173828125,0.004638671875,0.156005859375,0.144775390625,0.0,0.020263671875,4
4097.0,13210,14121,13,19,911,639,593,72,0,11,0.003173053453746644,0.004637539663168172,0.15596778130339273,0.1447400536978277,0.0,0.020258725896997804,4
4098.0,13213,14121,13,19,908,639,593,72,0,11,0.00317227916056613,0.004636408003904344,0.15592972181551976,0.14470473401659345,0.0,0.02025378233284529,4
4099.0,13216,14121,13,19,905,639,593,72,0,11,0.0031715052451817514,0.004635276896804099,0.15589168089777994,0.1446694315686753,0.0,0.0202488411807758,4
4100.0,13219,14121,13,19,902,639,593,72,0,11,0.0031707317073170734,0.004634146341463414,0.15585365853658537,0.1446341463414634,0.0,0.02024390243902439,4
4101.0,13222,14121,13,19,899,639,593,72,0,11,0.0031699585466959277,0.004633016337478664,0.15581565471836137,0.1445988783223604,0.0,0.020238966105827847,4
4102.0,13225,14121,13,19,896,639,593,72,0,11,0.0031691857630424185,0.004631886884446611,0.15577766942954657,0.14456362749878107,0.0,0.020234032179424672,4
4103.0,13228,14121,13,19,893,639,593,72,0,11,0.003168413356080916,0.004630757981964416,0.15573970265659273,0.14452839385815258,0.0,0.020229100658055083,4
4104.0,13231,14121,13,19,890,640,593,72,0,11,0.003167641325536062,0.004629629629629629,0.15594541910331383,0.14449317738791423,0.0,0.020224171539961013,4
4105.0,13234,14129,13,19,895,640,593,72,0,11,0.003166869671132765,0.004628501827040195,0.1559074299634592,0.14445797807551766,0.0,0.020219244823386114,4
4106.0,13237,14129,13,19,892,640,594,72,0,11,0.0031660983925962008,0.004627374573794447,0.15586945932781296,0.1446663419386264,0.0,0.020214320506575744,4
4107.0,13240,14132,13,19,892,640,594,72,0,11,0.003165327489651814,0.004626247869491113,0.15583150718285854,0.1446311176040906,0.0,0.020209398587776966,4
4108.0,13243,14132,13,19,889,640,594,72,0,11,0.0031645569620253164,0.0046251217137293086,0.15579357351509251,0.14459591041869524,0.0,0.02020447906523856,4
4109.0,13244,14132,14,19,888,640,594,72,0,11,0.0034071550255536627,0.004623996106108542,0.1557556583110246,0.14456072036991968,0.0,0.020199561937211,4
4110.0,13263,14244,14,19,981,640,595,72,0,11,0.0034063260340632603,0.004622871046228711,0.15571776155717762,0.14476885644768855,0.0,0.020194647201946473,4
4111.0,13266,14247,14,19,981,640,595,72,0,11,0.0034054974458769156,0.004621746533690099,0.15567988324008758,0.1447336414497689,0.0,0.020189734857698857,4
4112.0,13269,14247,14,19,978,640,595,72,0,11,0.003404669260700389,0.004620622568093385,0.1556420233463035,0.14469844357976655,0.0,0.020184824902723737,4
4113.0,13272,14247,14,19,975,640,595,72,0,11,0.0034038414782397277,0.0046194991490396305,0.15560418186238756,0.14466326282518843,0.0,0.020179917335278387,4
4114.0,13273,14247,14,19,974,640,595,72,0,11,0.003403014098201264,0.004618376276130287,0.15556635877491493,0.1446280991735537,0.0,0.020175012153621778,4
4115.0,13274,14247,14,20,973,640,595,72,0,11,0.003402187120291616,0.004860267314702308,0.15552855407047386,0.1445929526123937,0.0,0.02017010935601458,4
4116.0,13319,14544,14,20,1225,640,595,72,0,11,0.003401360544217687,0.004859086491739553,0.1554907677356657,0.1445578231292517,0.0,0.020165208940719145,4
4117.0,13322,14544,14,20,1222,640,595,72,0,11,0.003400534369686665,0.004857906242409522,0.1554529997571047,0.14452271071168327,0.0,0.020160310905999516,4
4118.0,13325,14544,14,20,1219,640,596,72,0,11,0.003399708596406022,0.0048567265662943174,0.15541525012141816,0.14473045167557066,0.0,0.02015541525012142,4
4119.0,13328,14547,14,20,1219,640,596,72,0,11,0.0033988832240835153,0.004855547462976451,0.15537751881524642,0.14469531439669822,0.0,0.02015052197135227,4
4120.0,13331,14547,14,20,1216,640,596,72,0,11,0.0033980582524271844,0.0048543689320388345,0.1553398058252427,0.14466019417475728,0.0,0.020145631067961165,4
4121.0,13334,14547,14,20,1213,640,596,72,0,11,0.003397233681145353,0.0048531909730647905,0.1553021111380733,0.14462509099733076,0.0,0.02014074253821888,4
4122.0,13337,14547,14,20,1210,641,596,72,0,11,0.003396409509946628,0.0048520135856380394,0.15550703541969918,0.1445900048520136,0.0,0.020135856380397867,4
4123.0,13340,14555,14,20,1215,641,596,72,0,11,0.003395585738539898,0.004850836769342712,0.15546931845743392,0.14455493572641281,0.0,0.020130972592772252,4
4124.0,13343,14555,14,20,1212,641,596,72,0,11,0.0033947623666343357,0.004849660523763337,0.15543161978661493,0.14451988360814744,0.0,0.020126091173617848,4
4125.0,13346,14555,14,20,1209,642,596,72,0,11,0.003393939393939394,0.0048484848484848485,0.15563636363636363,0.1444848484848485,0.0,0.02012121212121212,4
4126.0,13349,14563,14,20,1214,643,596,72,0,11,0.0033931168201648087,0.004847309743092583,0.15584100824042657,0.14444983034415898,0.0,0.02011633543383422,4
4127.0,13352,14571,14,20,1219,643,597,72,0,11,0.003392294645020596,0.00484613520717228,0.1558032469105888,0.14465713593409257,0.0,0.02011146110976496,4
4128.0,13355,14574,14,20,1219,643,597,72,0,11,0.003391472868217054,0.0048449612403100775,0.155765503875969,0.14462209302325582,0.0,0.020106589147286823,4
4129.0,13358,14574,14,20,1216,643,597,72,0,11,0.0033906514894647614,0.004843787842092516,0.1557277791232744,0.1445870670864616,0.0,0.020101719544683944,4
4130.0,13361,14574,14,20,1213,643,597,72,0,11,0.003389830508474576,0.004842615012106538,0.15569007263922519,0.14455205811138014,0.0,0.02009685230024213,4
4131.0,13364,14574,14,20,1210,643,597,72,0,11,0.0033890099249576375,0.004841442749939482,0.15565238441055435,0.14451706608569354,0.0,0.020091987412248852,4
4132.0,13367,14574,14,20,1207,643,597,72,0,11,0.003388189738625363,0.00484027105517909,0.15561471442400773,0.14448209099709583,0.0,0.020087124878993223,4
4133.0,13370,14574,14,20,1204,644,597,72,0,11,0.003387369949189451,0.004839099927413501,0.15581901766271475,0.144447132833293,0.0,0.02008226469876603,4
4134.0,13373,14582,14,20,1209,644,597,72,0,11,0.003386550556361877,0.004837929366231253,0.15578132559264635,0.1444121915820029,0.0,0.0200774068698597,4
4135.0,13376,14582,14,20,1206,644,597,72,0,11,0.003385731559854897,0.0048367593712212815,0.15574365175332527,0.14437726723095526,0.0,0.020072551390568318,4
4136.0,13379,14582,14,20,1203,645,597,72,0,11,0.0033849129593810446,0.004835589941972921,0.1559477756286267,0.14434235976789167,0.0,0.02006769825918762,4
4137.0,13382,14590,14,20,1208,645,597,72,0,11,0.00338409475465313,0.0048344210780759,0.1559100797679478,0.14430746918056564,0.0,0.020062847474014985,4
4138.0,13385,14590,14,20,1205,645,597,72,0,11,0.0033832769453842437,0.004833252779120348,0.15587240212663123,0.1442725954567424,0.0,0.020057999033349445,4
4139.0,13388,14590,14,20,1202,645,597,72,0,11,0.0033824595312877508,0.004832085044696787,0.15583474269147138,0.14423773858419908,0.0,0.020053152935491664,4
4140.0,13391,14590,14,20,1199,645,597,72,0,11,0.003381642512077295,0.004830917874396135,0.15579710144927536,0.14420289855072463,0.0,0.02004830917874396,4
4141.0,13394,14590,14,20,1196,645,597,72,0,11,0.0033808258874667954,0.004829751267809708,0.15575947838686308,0.14416807534411977,0.0,0.020043467761410288,4
4142.0,13397,14590,14,20,1193,645,597,72,0,11,0.003380009657170449,0.004828585224529213,0.15572187349106711,0.144133268952197,0.0,0.020038628681796233,4
4143.0,13400,14590,14,20,1190,646,597,72,0,11,0.0033791938209027277,0.004827419744146753,0.15592565773594014,0.14409847936278058,0.0,0.020033791938209027,4
4144.0,13403,14598,14,20,1195,646,597,72,0,11,0.0033783783783783786,0.004826254826254826,0.15588803088803088,0.14406370656370657,0.0,0.02002895752895753,4
4145.0,13406,14598,14,20,1192,646,597,72,0,11,0.0033775633293124246,0.0048250904704463205,0.15585042219541617,0.14402895054282266,0.0,0.020024125452352232,4
4146.0,13409,14598,14,20,1189,646,597,72,0,11,0.003376748673420164,0.00482392667631452,0.155812831644959,0.14399421128798842,0.0,0.02001929570670526,4
4147.0,13412,14598,14,20,1186,646,597,72,0,11,0.003375934410417169,0.004822763443453099,0.15577525922353508,0.14395948878707499,0.0,0.02001446829033036,4
4148.0,13415,14598,14,20,1183,646,597,72,0,11,0.0033751205400192863,0.0048216007714561235,0.1557377049180328,0.1439247830279653,0.0,0.02000964320154291,4
4149.0,13418,14598,14,20,1180,646,597,72,0,11,0.003374307061942637,0.004820438659918052,0.1557001687153531,0.14389009399855388,0.0,0.020004820438659917,4
4150.0,13421,14598,14,20,1177,646,597,72,0,11,0.0033734939759036144,0.004819277108433735,0.15566265060240964,0.14385542168674698,0.0,0.02,4
4151.0,13424,14598,14,20,1174,646,597,72,0,11,0.003372681281618887,0.00481811611659841,0.15562515056612863,0.14382076608046254,0.0,0.0199951818838834,4
4152.0,13427,14598,14,20,1171,646,597,72,0,11,0.003371868978805395,0.004816955684007707,0.15558766859344894,0.14378612716763006,0.0,0.019990366088631986,4
4153.0,13430,14598,14,20,1168,646,597,72,0,11,0.0033710570671803513,0.004815795810257645,0.15555020467132194,0.1437515049361907,0.0,0.019985552612569228,4
4154.0,13433,14598,14,20,1165,646,597,72,0,11,0.003370245546461242,0.004814636494944632,0.1555127587867116,0.14371689937409726,0.0,0.01998074145402022,4
4155.0,13436,14598,14,20,1162,646,597,72,0,11,0.0033694344163658243,0.0048134777376654635,0.15547533092659446,0.14368231046931407,0.0,0.019975932611311673,4
4156.0,13439,14598,14,20,1159,646,597,72,0,11,0.003368623676612127,0.004812319538017324,0.1554379210779596,0.14364773820981713,0.0,0.019971126082771896,4
4157.0,13442,14598,14,20,1156,646,597,72,0,11,0.003367813326918451,0.0048111618955977865,0.1554005292278085,0.14361318258359393,0.0,0.019966321866730814,4
4158.0,13445,14598,14,20,1153,646,597,72,0,11,0.003367003367003367,0.00481000481000481,0.15536315536315537,0.14357864357864358,0.0,0.01996151996151996,4
4159.0,13448,14598,14,20,1150,646,597,72,0,11,0.003366193796585718,0.004808848280836739,0.15532579947102668,0.14354412118297669,0.0,0.01995672036547247,4
4160.0,13451,14598,14,20,1147,646,597,72,0,11,0.0033653846153846156,0.004807692307692308,0.15528846153846154,0.14350961538461537,0.0,0.019951923076923075,4
4161.0,13454,14598,14,20,1144,646,597,72,0,11,0.0033645758231194423,0.004806536890170632,0.1552511415525114,0.14347512617159336,0.0,0.019947128094208122,4
4162.0,13457,14598,14,20,1141,646,598,72,0,11,0.003363767419509851,0.004805382027871216,0.15521383950024026,0.14368092263334936,0.0,0.019942335415665546,4
4163.0,13460,14601,14,20,1141,646,598,72,0,11,0.0033629594042757626,0.004804227720393947,0.1551765553687245,0.143646408839779,0.0,0.01993754503963488,4
4164.0,13463,14601,14,20,1138,646,598,72,0,11,0.0033621517771373678,0.004803073967339097,0.15513928914505284,0.143611911623439,0.0,0.019932756964457253,4
4165.0,13466,14601,14,20,1135,646,599,72,0,11,0.0033613445378151263,0.004801920768307323,0.15510204081632653,0.14381752701080433,0.0,0.01992797118847539,4
4166.0,13469,14604,14,20,1135,647,599,72,0,11,0.003360537686029765,0.004800768122899664,0.15530484877580414,0.14378300528084492,0.0,0.019923187710033607,4
4167.0,13472,14612,14,20,1140,647,599,72,0,11,0.00335973122150228,0.004799616030717543,0.1552675785937125,0.1437485001199904,0.0,0.0199184065274778,4
4168.0,13475,14612,14,20,1137,647,599,72,0,11,0.0033589251439539347,0.0047984644913627635,0.15523032629558542,0.14371401151631477,0.0,0.01991362763915547,4
4169.0,13478,14612,14,20,1134,647,599,72,0,11,0.0033581194531062605,0.004797313504437515,0.15519309186855362,0.14367953945790357,0.0,0.019908851043415686,4
4170.0,13481,14612,14,20,1131,647,600,72,0,11,0.003357314148681055,0.004796163069544364,0.1551558752997602,0.14388489208633093,0.0,0.01990407673860911,4
4171.0,13484,14615,14,20,1131,647,600,72,0,11,0.003356509230400384,0.004795013186286262,0.15511867657636058,0.14385039558858786,0.0,0.01989930472308799,4
4172.0,13487,14615,14,20,1128,647,600,72,0,11,0.003355704697986577,0.004793863854266539,0.15508149568552254,0.14381591562799617,0.0,0.019894534995206135,4
4173.0,13490,14615,14,20,1125,647,601,72,0,11,0.0033549005511622335,0.004792715073088905,0.15504433261442607,0.1440210879463216,0.0,0.019889767553318956,4
4174.0,13493,14618,14,20,1125,647,601,72,0,11,0.0033540967896502154,0.004791566842357451,0.15500718735026353,0.1439865836128414,0.0,0.019885002395783422,4
4175.0,13496,14618,14,20,1122,647,601,72,0,11,0.0033532934131736527,0.004790419161676647,0.1549700598802395,0.14395209580838322,0.0,0.019880239520958083,4
4176.0,13499,14618,14,20,1119,648,601,72,0,11,0.003352490421455939,0.004789272030651341,0.15517241379310345,0.1439176245210728,0.0,0.019875478927203066,4
4177.0,13502,14626,14,20,1124,648,601,72,0,11,0.0033516878142207324,0.004788125448886761,0.15513526454393106,0.14388316973904716,0.0,0.019870720612880057,4
4178.0,13505,14626,14,20,1121,648,602,72,0,11,0.003350885591191958,0.004786979415988511,0.15509813307802778,0.14408808042125418,0.0,0.019865964576352323,4
4179.0,13508,14629,14,20,1121,648,603,72,0,11,0.0033500837520938024,0.004785833931562575,0.15506101938262742,0.14429289303661164,0.0,0.019861210815984687,4
4180.0,13511,14632,14,20,1121,648,603,72,0,11,0.0033492822966507177,0.004784688995215311,0.15502392344497606,0.1442583732057416,0.0,0.01985645933014354,4
4181.0,13514,14632,14,20,1118,648,603,72,0,11,0.0033484812245874193,0.004783544606553456,0.15498684525233197,0.1442238698875867,0.0,0.019851710117196844,4
4182.0,13517,14632,14,20,1115,648,603,73,0,11,0.003347680535628886,0.004782400765184123,0.15494978479196556,0.1441893830703013,0.0,0.020086083213773313,4
4183.0,13520,14634,14,20,1114,648,603,73,0,11,0.0033468802295003584,0.0047812574707147976,0.15491274205115946,0.14415491274205117,0.0,0.02008128137700215,4
4184.0,13523,14634,14,20,1111,648,603,73,0,11,0.0033460803059273425,0.004780114722753346,0.15487571701720843,0.14412045889101338,0.0,0.020076481835564052,4
4185.0,13526,14634,14,20,1108,648,603,73,0,11,0.0033452807646356035,0.0047789725209080045,0.15483870967741936,0.14408602150537633,0.0,0.02007168458781362,4
4186.0,13529,14634,14,20,1105,649,603,73,0,11,0.0033444816053511705,0.004777830864787387,0.1550406115623507,0.1440516005733397,0.0,0.020066889632107024,4
4187.0,13532,14642,14,20,1110,649,603,73,0,11,0.0033436828278003345,0.004776689754000477,0.1550035825173155,0.1440171960831144,0.0,0.020062096966802005,4
4188.0,13535,14642,14,20,1107,649,604,73,0,11,0.0033428844317096467,0.004775549188156638,0.1549665711556829,0.14422158548233047,0.0,0.02005730659025788,4
4189.0,13538,14645,14,20,1107,649,605,73,0,11,0.0033420864168059203,0.004774409166865601,0.15492957746478872,0.1444258772976844,0.0,0.02005251850083552,4
4190.0,13541,14648,14,20,1107,649,605,73,0,11,0.003341288782816229,0.00477326968973747,0.15489260143198091,0.14439140811455847,0.0,0.020047732696897375,4
4191.0,13544,14648,14,20,1104,649,605,74,0,11,0.0033404915294679076,0.004772130756382725,0.15485564304461943,0.14435695538057744,0.0,0.02028155571462658,4
4192.0,13547,14650,14,20,1103,649,605,74,0,11,0.0033396946564885495,0.004770992366412214,0.15481870229007633,0.14432251908396945,0.0,0.020276717557251907,4
4193.0,13550,14650,14,20,1100,649,605,74,0,11,0.00333889816360601,0.004769854519437157,0.15478177915573574,0.144288099212974,0.0,0.02027188170760792,4
4194.0,13553,14650,14,20,1097,649,605,74,0,11,0.0033381020505484026,0.004768717215069146,0.1547448736289938,0.14425369575584168,0.0,0.02026704816404387,4
4195.0,13556,14650,14,20,1094,649,605,74,0,11,0.0033373063170441,0.004767580452920143,0.15470798569725863,0.14421930870083433,0.0,0.02026221692491061,4
4196.0,13559,14650,14,20,1091,649,605,74,0,11,0.003336510962821735,0.004766444232602479,0.15467111534795042,0.14418493803622498,0.0,0.020257387988560534,4
4197.0,13562,14650,14,20,1088,649,605,74,0,11,0.0033357159876101976,0.004765308553728854,0.15463426256850132,0.14415058375029782,0.0,0.020252561353347628,4
4198.0,13565,14650,14,20,1085,649,605,74,0,11,0.0033349213911386373,0.004764173415912339,0.1545974273463554,0.14411624583134827,0.0,0.020247737017627443,4
4199.0,13568,14650,14,20,1082,650,605,74,0,11,0.003334127173136461,0.004763038818766373,0.15479876160990713,0.1440819242676828,0.0,0.020242914979757085,4
4200.0,13571,14658,14,20,1087,650,605,74,0,11,0.0033333333333333335,0.004761904761904762,0.15476190476190477,0.14404761904761904,0.0,0.02023809523809524,4
4201.0,13574,14658,14,20,1084,650,605,74,0,11,0.0033325398714591763,0.00476077124494168,0.1547250654606046,0.14401333015948584,0.0,0.020233277791002143,4
4202.0,13577,14658,14,20,1081,650,605,74,0,11,0.0033317467872441696,0.00475963826749167,0.1546882436934793,0.14397905759162305,0.0,0.0202284626368396,4
4203.0,13580,14658,14,20,1078,650,605,74,0,11,0.0033309540804187486,0.004758505829169641,0.15465143944801332,0.14394480133238163,0.0,0.020223649773970974,4
4204.0,13583,14658,14,20,1075,650,605,74,0,11,0.003330161750713606,0.004757373929590866,0.15461465271170313,0.1439105613701237,0.0,0.02021883920076118,4
4205.0,13584,14658,14,21,1074,650,605,74,0,11,0.0033293697978596906,0.004994054696789536,0.1545778834720571,0.14387633769322236,0.0,0.020214030915576695,4
4206.0,13629,14955,14,21,1326,650,605,74,0,11,0.0033285782215882074,0.004992867332382311,0.15454113171659534,0.14384213029006182,0.0,0.020209224916785545,4
4207.0,13632,14955,14,21,1323,650,605,74,0,11,0.0033277870216306157,0.004991680532445923,0.15450439743285002,0.1438079391490373,0.0,0.020204421202757308,4
4208.0,13635,14955,14,21,1320,650,606,74,0,11,0.003326996197718631,0.004990494296577947,0.15446768060836502,0.14401140684410646,0.0,0.020199619771863117,4
4209.0,13638,14958,14,21,1320,650,606,74,0,11,0.003326205749584224,0.004989308624376337,0.15443098123069612,0.14397719173200285,0.0,0.020194820622475646,4
4210.0,13641,14958,14,21,1317,650,607,74,0,11,0.00332541567695962,0.0049881235154394295,0.1543942992874109,0.14418052256532066,0.0,0.020190023752969122,4
4211.0,13644,14961,14,21,1317,650,607,74,0,11,0.0033246259795772976,0.004986938969365947,0.15435763476608882,0.1441462835431014,0.0,0.020185229161719307,4
4212.0,13647,14961,14,21,1314,650,607,74,0,11,0.0033238366571699905,0.004985754985754986,0.15432098765432098,0.14411206077872746,0.0,0.020180436847103515,4
4213.0,13650,14961,14,21,1311,650,607,74,0,11,0.003323047709470686,0.004984571564206029,0.15428435793971043,0.1440778542606219,0.0,0.020175646807500593,4
4214.0,13653,14961,14,21,1308,650,607,74,0,11,0.0033222591362126247,0.0049833887043189366,0.15424774560987187,0.1440436639772188,0.0,0.020170859041290935,4
4215.0,13656,14961,14,21,1305,650,607,74,0,11,0.0033214709371293,0.00498220640569395,0.1542111506524318,0.14400948991696322,0.0,0.020166073546856466,4
4216.0,13659,14961,14,21,1302,650,607,74,0,11,0.003320683111954459,0.004981024667931689,0.15417457305502846,0.1439753320683112,0.0,0.020161290322580645,4
4217.0,13662,14961,14,21,1299,650,607,74,0,11,0.003319895660422101,0.004979843490633152,0.15413801280531184,0.14394119041972966,0.0,0.02015650936684847,4
4218.0,13665,14961,14,21,1296,650,608,74,0,11,0.003319108582266477,0.004978662873399715,0.1541014698909436,0.14414414414414414,0.0,0.020151730678046466,4
4219.0,13668,14964,14,21,1296,650,608,74,0,11,0.0033183218772220905,0.0049774828158331355,0.15406494429959705,0.1441099786679308,0.0,0.020146954254562692,4
4220.0,13671,14964,14,21,1293,650,608,74,0,11,0.0033175355450236967,0.004976303317535545,0.15402843601895735,0.14407582938388624,0.0,0.02014218009478673,4
4221.0,13674,14964,14,21,1290,651,608,74,0,11,0.003316749585406302,0.004975124378109453,0.15422885572139303,0.14404169628050226,0.0,0.02013740819710969,4
4222.0,13677,14972,14,21,1295,651,608,74,0,11,0.0033159639981051635,0.004973945997157745,0.1541923259118901,0.1440075793462814,0.0,0.020132638559924206,4
4223.0,13680,14972,14,21,1292,651,608,74,0,11,0.0033151787828557895,0.0049727681742836845,0.15415581340279422,0.14397347856973716,0.0,0.020127871181624436,4
4224.0,13683,14972,14,21,1289,652,608,74,0,11,0.0033143939393939395,0.004971590909090909,0.1543560606060606,0.14393939393939395,0.0,0.02012310606060606,4
4225.0,13686,14980,14,21,1294,652,608,74,0,11,0.0033136094674556214,0.004970414201183432,0.15431952662721893,0.14390532544378698,0.0,0.020118343195266272,4
4226.0,13689,14980,14,21,1291,652,608,74,0,11,0.003312825366777094,0.0049692380501656416,0.1542830099384761,0.14387127307146239,0.0,0.020113582584003788,4
4227.0,13692,14980,14,21,1288,652,608,74,0,11,0.0033120416370948664,0.0049680624556423,0.15424651052756091,0.14383723681097704,0.0,0.02010882422521883,4
4228.0,13695,14980,14,21,1285,652,608,74,0,11,0.0033112582781456954,0.004966887417218543,0.15421002838221382,0.14380321665089876,0.0,0.02010406811731315,4
4229.0,13698,14980,14,21,1282,653,608,74,0,11,0.003310475289666588,0.004965712934499882,0.15441002601087728,0.1437692125798061,0.0,0.020099314258689997,4
4230.0,13701,14988,14,21,1287,653,609,74,0,11,0.003309692671394799,0.004964539007092199,0.15437352245862884,0.14397163120567377,0.0,0.02009456264775414,4
4231.0,13704,14991,14,21,1287,653,609,74,0,11,0.0033089104230678325,0.004963365634601749,0.15433703616166392,0.14393760340345071,0.0,0.02008981328291184,4
4232.0,13707,14991,14,21,1284,654,609,74,0,11,0.0033081285444234404,0.00496219281663516,0.15453686200378072,0.14390359168241965,0.0,0.02008506616257089,4
4233.0,13710,14999,14,21,1289,654,609,74,0,11,0.003307347035199622,0.004961020552799433,0.15450035435861093,0.14386959603118354,0.0,0.020080321285140562,4
4234.0,13713,14999,14,21,1286,654,609,74,0,11,0.0033065658951346244,0.004959848842701937,0.15446386395843173,0.14383561643835616,0.0,0.020075578649031648,4
4235.0,13716,14999,14,21,1283,654,609,74,0,11,0.003305785123966942,0.0049586776859504135,0.15442739079102716,0.14380165289256197,0.0,0.020070838252656435,4
4236.0,13719,14999,14,21,1280,654,610,74,0,11,0.0033050047214353163,0.004957507082152974,0.15439093484419264,0.14400377714825308,0.0,0.020066100094428708,4
4237.0,13722,15002,14,21,1280,655,610,74,0,11,0.003304224687278735,0.004956337030918102,0.15459051215482653,0.1439697899457163,0.0,0.02006136417276375,4
4238.0,13725,15010,14,21,1285,656,610,74,0,11,0.0033034450212364322,0.004955167531854649,0.15478999528079282,0.14393581878244455,0.0,0.02005663048607834,4
4239.0,13728,15018,14,21,1290,656,610,74,0,11,0.0033026657230478887,0.004953998584571833,0.15475347959424393,0.14390186364708657,0.0,0.020051899032790754,4
4240.0,13731,15018,14,21,1287,656,610,74,0,11,0.0033018867924528303,0.004952830188679245,0.15471698113207547,0.14386792452830188,0.0,0.020047169811320754,4
4241.0,13734,15018,14,21,1284,657,610,74,0,11,0.0033011082291912286,0.004951662343786843,0.1549162933270455,0.14383400141476066,0.0,0.0200424428200896,4
4242.0,13737,15026,14,21,1289,657,610,74,0,11,0.0033003300330033004,0.0049504950495049506,0.15487977369165487,0.1438000942951438,0.0,0.020037718057520037,4
4243.0,13740,15026,14,21,1286,657,610,74,0,11,0.0032995522036295072,0.004949328305444261,0.1548432712703276,0.1437662031581428,0.0,0.020032995522036294,4
4244.0,13743,15026,14,21,1283,657,611,74,0,11,0.003298774740810556,0.004948162111215834,0.15480678605089537,0.1439679547596607,0.0,0.02002827521206409,4
4245.0,13746,15029,14,21,1283,657,611,74,0,11,0.003297997644287397,0.0049469964664310955,0.15477031802120142,0.14393404004711424,0.0,0.020023557126030624,4
4246.0,13749,15029,14,21,1280,657,611,74,0,11,0.003297220913801225,0.004945831370701837,0.15473386716910034,0.14390014130946774,0.0,0.020018841262364577,4
4247.0,13752,15029,14,21,1277,658,611,74,0,11,0.0032964445490934777,0.004944666823640216,0.15493289380739345,0.14386625853543678,0.0,0.020014127619496114,4
4248.0,13755,15037,14,21,1282,658,611,74,0,11,0.003295668549905838,0.0049435028248587575,0.1548964218455744,0.14383239171374765,0.0,0.020009416195856874,4
4249.0,13758,15037,14,21,1279,659,611,74,0,11,0.0032948929159802307,0.004942339373970346,0.15509531654506942,0.1437985408331372,0.0,0.02000470698987997,4
4250.0,13761,15045,14,21,1284,659,612,74,0,11,0.0032941176470588237,0.004941176470588235,0.15505882352941178,0.144,0.0,0.02,4
4251.0,13764,15048,14,21,1284,659,612,74,0,11,0.003293342742884027,0.004940014114326041,0.15502234768289813,0.14396612561750177,0.0,0.01999529522465302,4
4252.0,13767,15048,14,21,1281,660,612,74,0,11,0.003292568203198495,0.004938852304797742,0.15522107243650046,0.14393226716839136,0.0,0.019990592662276575,4
4253.0,13770,15056,14,21,1286,660,612,74,0,11,0.003291794027745121,0.004937691041617682,0.15518457559369855,0.14389842464142957,0.0,0.019985892311309664,4
4254.0,13773,15056,14,21,1283,660,612,74,0,11,0.003291020216267043,0.004936530324400564,0.15514809590973203,0.14386459802538787,0.0,0.01998119417019276,4
4255.0,13776,15056,14,21,1280,661,612,74,0,11,0.003290246768507638,0.004935370152761457,0.15534665099882491,0.1438307873090482,0.0,0.0199764982373678,4
4256.0,13779,15064,14,21,1285,661,612,74,0,11,0.003289473684210526,0.004934210526315789,0.15531015037593984,0.143796992481203,0.0,0.019971804511278196,4
4257.0,13782,15064,14,21,1282,661,612,74,0,11,0.003288700963119568,0.004933051444679351,0.15527366690157388,0.14376321353065538,0.0,0.019967112990368803,4
4258.0,13785,15064,14,21,1279,661,612,74,0,11,0.0032879286049788633,0.004931892907468295,0.1552372005636449,0.14372945044621888,0.0,0.019962423673085955,4
4259.0,13788,15064,14,21,1276,661,613,74,0,11,0.003287156609532754,0.004930734914299131,0.15520075135008218,0.14393050011739844,0.0,0.019957736557877435,4
4260.0,13791,15067,14,21,1276,661,613,74,0,11,0.0032863849765258214,0.004929577464788733,0.1551643192488263,0.14389671361502349,0.0,0.01995305164319249,4
4261.0,13794,15067,14,21,1273,661,613,74,0,11,0.0032856137057028865,0.00492842055855433,0.15512790424782916,0.14386294297113353,0.0,0.01994836892748181,4
4262.0,13797,15067,14,21,1270,661,613,74,0,11,0.00328484279680901,0.004927264195213514,0.15509150633505397,0.14382918817456594,0.0,0.01994368840919756,4
4263.0,13800,15067,14,21,1267,661,613,74,0,11,0.003284072249589491,0.0049261083743842365,0.15505512549847525,0.14379544921416842,0.0,0.019939010086793336,4
4264.0,13803,15067,14,21,1264,661,613,74,0,11,0.003283302063789869,0.004924953095684803,0.1550187617260788,0.14376172607879925,0.0,0.019934333958724203,4
4265.0,13806,15067,14,21,1261,662,613,74,0,11,0.0032825322391559202,0.00492379835873388,0.1552168815943728,0.14372801875732708,0.0,0.01992966002344666,4
4266.0,13809,15075,14,21,1266,663,613,74,0,11,0.0032817627754336614,0.004922644163150493,0.15541490857946555,0.14369432723863104,0.0,0.01992498827941866,4
4267.0,13812,15083,14,21,1271,663,613,74,0,11,0.0032809936723693462,0.004921490508554019,0.1553784860557769,0.14366065151160065,0.0,0.0199203187250996,4
4268.0,13815,15083,14,21,1268,663,614,74,0,11,0.0032802249297094657,0.0049203373945641985,0.15534208059981255,0.14386129334582942,0.0,0.019915651358950327,4
4269.0,13818,15086,14,21,1268,664,614,74,0,11,0.0032794565472007496,0.004919184820801124,0.155539939095807,0.14382759428437572,0.0,0.019910986179433123,4
4270.0,13821,15094,14,21,1273,664,614,75,0,11,0.003278688524590164,0.004918032786885246,0.15550351288056205,0.14379391100702577,0.0,0.020140515222482436,4
4271.0,13824,15096,14,21,1272,665,614,75,0,11,0.003277920861624912,0.004916881292437368,0.15570124092718332,0.14376024350269256,0.0,0.02013579957855303,4
4272.0,13827,15104,14,21,1277,665,615,75,0,11,0.0032771535580524347,0.0049157303370786515,0.15566479400749064,0.14396067415730338,0.0,0.020131086142322098,4
4273.0,13830,15107,14,21,1277,665,615,76,0,11,0.003276386613620407,0.004914579920430611,0.15562836414696934,0.1439269833840393,0.0,0.020360402527498246,4
4274.0,13833,15109,14,21,1276,665,615,76,0,11,0.003275620028076743,0.004913430042115114,0.15559195133364528,0.14389330837622835,0.0,0.020355638745905475,4
4275.0,13836,15109,14,21,1273,665,615,76,0,11,0.0032748538011695906,0.004912280701754386,0.15555555555555556,0.14385964912280702,0.0,0.020350877192982456,4
4276.0,13839,15109,14,21,1270,665,615,76,0,11,0.003274087932647334,0.004911131898971001,0.15551917680074837,0.14382600561272216,0.0,0.020346117867165576,4
4277.0,13842,15109,14,21,1267,665,615,76,0,11,0.0032733224222585926,0.004909983633387889,0.15548281505728315,0.14379237783493104,0.0,0.02034136076689268,4
4278.0,13845,15109,14,21,1264,665,615,76,0,11,0.0032725572697522207,0.004908835904628331,0.15544647031323047,0.14375876577840113,0.0,0.020336605890603085,4
4279.0,13848,15109,14,21,1261,665,615,76,0,11,0.003271792474877308,0.004907688712315962,0.15541014255667213,0.1437251694321103,0.0,0.020331853236737557,4
4280.0,13851,15109,14,21,1258,665,615,76,0,11,0.0032710280373831778,0.004906542056074766,0.15537383177570094,0.14369158878504673,0.0,0.02032710280373832,4
4281.0,13854,15109,14,21,1255,665,615,76,0,11,0.003270263957019388,0.004905395935529082,0.15533753795842092,0.14365802382620882,0.0,0.020322354590049056,4
4282.0,13857,15109,14,21,1252,665,615,76,0,11,0.003269500233535731,0.004904250350303597,0.15530126109294723,0.14362447454460534,0.0,0.0203176085941149,4
4283.0,13860,15109,14,21,1249,666,615,76,0,11,0.003268736866682232,0.004903105300023348,0.15549848237216904,0.1435909409292552,0.0,0.020312864814382443,4
4284.0,13863,15117,14,21,1254,666,615,76,0,11,0.0032679738562091504,0.004901960784313725,0.15546218487394958,0.14355742296918766,0.0,0.02030812324929972,4
4285.0,13866,15117,14,21,1251,666,615,76,0,11,0.003267211201866978,0.004900816802800466,0.15542590431738623,0.14352392065344224,0.0,0.02030338389731622,4
4286.0,13869,15117,14,21,1248,666,616,76,0,11,0.0032664489034064394,0.00489967335510966,0.1553896406906206,0.14372375174988333,0.0,0.020298646756882876,4
4287.0,13872,15120,14,21,1248,666,616,76,0,11,0.0032656869605784933,0.00489853044086774,0.15535339398180545,0.1436902262654537,0.0,0.020293911826452064,4
4288.0,13875,15120,14,21,1245,667,616,76,0,11,0.0032649253731343282,0.004897388059701493,0.15555037313432835,0.14365671641791045,0.0,0.02028917910447761,4
4289.0,13878,15128,14,21,1250,667,616,76,0,11,0.0032641641408253674,0.00489624621123805,0.15551410585218,0.14362322219631615,0.0,0.02028444858941478,4
4290.0,13881,15128,14,21,1247,667,616,76,0,11,0.0032634032634032634,0.0048951048951048955,0.15547785547785548,0.14358974358974358,0.0,0.02027972027972028,4
4291.0,13884,15128,14,21,1244,667,616,76,0,11,0.0032626427406199023,0.004893964110929853,0.1554416219995339,0.14355628058727568,0.0,0.02027499417385225,4
4292.0,13887,15128,14,21,1241,667,616,76,0,11,0.0032618825722274,0.0048928238583411,0.1554054054054054,0.1435228331780056,0.0,0.02027027027027027,4
4293.0,13890,15128,14,21,1238,667,616,76,0,11,0.003261122757978104,0.004891684136967156,0.1553692056836711,0.14348940135103658,0.0,0.02026554856743536,4
4294.0,13893,15128,14,21,1235,667,616,76,0,11,0.0032603632976245926,0.004890544946436889,0.15533302282254308,0.14345598509548207,0.0,0.02026082906380997,4
4295.0,13896,15128,14,21,1232,667,616,76,0,11,0.003259604190919674,0.004889406286379511,0.15529685681024447,0.14342258440046565,0.0,0.020256111757857975,4
4296.0,13899,15128,14,21,1229,667,616,76,0,11,0.0032588454376163874,0.004888268156424581,0.15526070763500932,0.14338919925512103,0.0,0.020251396648044692,4
4297.0,13902,15128,14,21,1226,667,616,76,0,11,0.003258087037468001,0.004887130556202001,0.15522457528508263,0.14335582964859203,0.0,0.020246683732836862,4
4298.0,13905,15128,14,21,1223,667,616,76,0,11,0.003257328990228013,0.004885993485342019,0.15518845974872034,0.14332247557003258,0.0,0.020241973010702654,4
4299.0,13908,15128,14,21,1220,667,616,76,0,11,0.0032565712956501513,0.004884856943475227,0.15515236101418933,0.14328913700860665,0.0,0.020237264480111653,4
4300.0,13911,15128,14,21,1217,667,616,76,0,11,0.0032558139534883722,0.004883720930232558,0.15511627906976744,0.14325581395348838,0.0,0.020232558139534885,4
4301.0,13914,15128,14,21,1214,667,617,76,0,11,0.0032550569634968614,0.004882585445245292,0.15508021390374332,0.1434550104626831,0.0,0.02022785398744478,4
4302.0,13917,15131,14,21,1214,667,617,76,0,11,0.0032543003254300326,0.0048814504881450485,0.15504416550441655,0.14342166434216644,0.0,0.020223152022315203,4
4303.0,13920,15131,14,21,1211,667,617,76,0,11,0.0032535440390425285,0.004880316058563793,0.1550081338600976,0.14338833372066,0.0,0.020218452242621428,4
4304.0,13923,15131,14,21,1208,667,617,76,0,11,0.0032527881040892194,0.004879182156133829,0.1549721189591078,0.1433550185873606,0.0,0.020213754646840148,4
4305.0,13926,15131,14,21,1205,667,617,76,0,11,0.0032520325203252032,0.004878048780487805,0.15493612078977934,0.14332171893147502,0.0,0.020209059233449476,4
4306.0,13929,15131,14,21,1202,667,617,76,0,11,0.003251277287505806,0.004876915931258709,0.15490013934045518,0.14328843474222017,0.0,0.020204366000928935,4
4307.0,13932,15131,14,21,1199,667,617,76,0,11,0.00325052240538658,0.00487578360807987,0.1548641745994892,0.14325516600882285,0.0,0.020199674947759462,4
4308.0,13935,15131,14,21,1196,667,617,76,1,11,0.0032497678737233053,0.004874651810584958,0.15482822655524606,0.14322191272051996,0.00023212627669452182,0.0201949860724234,4
4309.0,13938,15141,14,21,1203,667,617,76,1,11,0.0032490136922719887,0.004873520538407983,0.1547922951961012,0.14318867486655837,0.00023207240659085636,0.020190299373404504,4
4310.0,13941,15141,14,21,1200,667,617,76,1,11,0.0032482598607888632,0.004872389791183295,0.15475638051044083,0.1431554524361949,0.0002320185614849188,0.020185614849187936,4
4311.0,13944,15141,14,21,1197,667,617,76,1,11,0.003247506379030387,0.0048712595685455815,0.15472048248666204,0.14312224541869636,0.00023196474135931338,0.020180932498260265,4
4312.0,13947,15141,14,21,1194,668,617,76,1,11,0.003246753246753247,0.00487012987012987,0.1549165120593692,0.14308905380333953,0.00023191094619666049,0.020176252319109463,4
4313.0,13950,15149,14,21,1199,668,618,76,1,11,0.003246000463714352,0.0048690006955715275,0.1548805935543705,0.14328773475539067,0.00023185717597959656,0.020171574310224902,4
4314.0,13953,15152,14,21,1199,668,618,76,1,11,0.003245248029670839,0.004867872044506259,0.1548446917014372,0.14325452016689846,0.0002318034306907742,0.020166898470097356,4
4315.0,13956,15152,14,21,1196,668,618,76,1,11,0.0032444959443800694,0.004866743916570104,0.1548088064889919,0.14322132097334878,0.0002317497103128621,0.020162224797219002,4
4316.0,13959,15152,14,21,1193,668,618,76,1,11,0.003243744207599629,0.004865616311399444,0.15477293790546803,0.14318813716404077,0.00023169601482854495,0.02015755329008341,4
4317.0,13962,15152,14,21,1190,668,618,76,1,11,0.0032429928190873293,0.004864489228630994,0.1547370859393097,0.14315496872828354,0.0002316423442205235,0.020152883947185545,4
4318.0,13965,15152,14,21,1187,669,618,76,1,11,0.003242241778601204,0.004863362667901806,0.15493283927744325,0.14312181565539603,0.0002315886984715146,0.02014821676702177,4
4319.0,13968,15160,14,21,1192,669,619,76,1,11,0.0032414910858995136,0.004862236628849271,0.1548969668904839,0.14332021301227135,0.00023153507756425097,0.020143551748089836,4
4320.0,13971,15163,14,21,1192,669,619,76,1,11,0.0032407407407407406,0.004861111111111111,0.15486111111111112,0.14328703703703705,0.0002314814814814815,0.02013888888888889,4
4321.0,13974,15163,14,21,1189,669,619,76,1,11,0.0032399907428835918,0.004859986114325388,0.1548252719277945,0.14325387641749596,0.00023142791020597085,0.020134228187919462,4
4322.0,13977,15163,14,21,1186,669,619,76,1,11,0.003239241092086997,0.004858861638130495,0.15478944932901434,0.14322073114298936,0.00023137436372049977,0.02012956964368348,4
4323.0,13980,15163,14,21,1183,669,619,76,1,11,0.003238491788110109,0.004857737682165163,0.15475364330326163,0.1431876012028684,0.0002313208420078649,0.020124913254684247,4
4324.0,13983,15163,14,21,1180,669,619,76,1,11,0.0032377428307123032,0.004856614246068455,0.15471785383903794,0.143154486586494,0.00023126734505087883,0.02012025901942646,4
4325.0,13986,15163,14,21,1177,669,619,76,1,11,0.0032369942196531793,0.004855491329479769,0.1546820809248555,0.143121387283237,0.00023121387283236994,0.020115606936416185,4
4326.0,13989,15163,14,21,1174,669,619,76,1,11,0.003236245954692557,0.0048543689320388345,0.15464632454923716,0.14308830328247804,0.0002311604253351826,0.02011095700416089,4
4327.0,13992,15163,14,21,1171,669,619,76,1,11,0.0032354980355904783,0.0048532470533857175,0.15461058470071642,0.14305523457360758,0.00023110700254217703,0.0201063092211694,4
4328.0,13995,15163,14,21,1168,669,619,76,1,11,0.003234750462107209,0.004852125693160813,0.15457486136783735,0.14302218114602588,0.0002310536044362292,0.020101663585951942,4
4329.0,13998,15163,14,21,1165,669,619,76,1,11,0.003234003234003234,0.004851004851004851,0.15453915453915454,0.14298914298914298,0.000231000231000231,0.020097020097020097,4
4330.0,14001,15163,14,21,1162,669,619,76,1,11,0.003233256351039261,0.004849884526558892,0.15450346420323324,0.14295612009237876,0.00023094688221709007,0.020092378752886837,4
4331.0,14004,15163,14,21,1159,669,619,76,1,11,0.0032325098129762178,0.004848764719464327,0.15446779034864927,0.1429231124451628,0.00023089355806972986,0.020087739552066497,4
4332.0,14007,15163,14,21,1156,669,619,76,1,11,0.003231763619575254,0.004847645429362881,0.15443213296398892,0.14289012003693444,0.00023084025854108956,0.02008310249307479,4
4333.0,14010,15163,14,21,1153,669,619,76,1,11,0.0032310177705977385,0.004846526655896607,0.15439649203784905,0.14285714285714285,0.00023078698361412417,0.020078467574428802,4
4334.0,14013,15163,14,21,1150,669,619,76,1,11,0.003230272265805261,0.004845408398707891,0.1543608675588371,0.14282418089524687,0.00023073373327180433,0.02007383479464698,4
4335.0,14016,15163,14,21,1147,669,619,76,1,11,0.003229527104959631,0.004844290657439446,0.15432525951557094,0.14279123414071512,0.0002306805074971165,0.020069204152249134,4
4336.0,14019,15163,14,21,1144,670,619,76,1,11,0.0032287822878228783,0.004843173431734318,0.15452029520295202,0.14275830258302583,0.00023062730627306272,0.020064575645756456,4
4337.0,14022,15171,14,21,1149,670,619,76,1,11,0.0032280378141572516,0.004842056721235877,0.15448466682038275,0.14272538621166705,0.00023057412958266084,0.02005994927369149,4
4338.0,14025,15171,14,21,1146,670,619,77,1,11,0.003227293683725219,0.004840940525587829,0.15444905486399263,0.14269248501613646,0.0002305209774089442,0.02028584601198709,4
4339.0,14028,15173,14,21,1145,670,619,77,1,11,0.0032265498962894676,0.004839824844434202,0.15441345932242453,0.14265959898594147,0.00023046784973496196,0.020281170776676655,4
4340.0,14031,15173,14,21,1142,670,619,77,1,11,0.0032258064516129032,0.004838709677419355,0.1543778801843318,0.14262672811059907,0.0002304147465437788,0.020276497695852536,4
4341.0,14034,15173,14,21,1139,670,619,77,1,11,0.00322506334945865,0.0048375950241879755,0.15434231743837826,0.14259387237963603,0.000230361667818475,0.0202718267680258,4
4342.0,14037,15173,14,21,1136,670,619,77,1,11,0.0032243205895900505,0.004836480884385076,0.15430677107323815,0.14256103178258867,0.00023030861354214648,0.02026715799170889,4
4343.0,14040,15173,14,21,1133,670,619,77,1,11,0.0032235781717706653,0.004835367257655998,0.15427124107759613,0.14252820630900298,0.00023025558369790466,0.02026249136541561,4
4344.0,14043,15173,14,21,1130,670,619,77,1,11,0.0032228360957642726,0.004834254143646409,0.15423572744014732,0.14249539594843463,0.00023020257826887662,0.020257826887661142,4
4345.0,14046,15173,14,21,1127,670,619,77,1,11,0.003222094361334868,0.0048331415420023015,0.15420023014959724,0.1424626006904488,0.00023014959723820482,0.020253164556962026,4
4346.0,14049,15173,14,21,1124,670,619,77,1,11,0.0032213529682466636,0.0048320294523699955,0.15416474919466175,0.14242982052462033,0.0002300966405890474,0.02024850437183617,4
4347.0,14052,15173,14,21,1121,670,619,77,1,11,0.00322061191626409,0.004830917874396135,0.15412928456406716,0.14239705544053372,0.00023004370830457787,0.020243846330802853,4
4348.0,14055,15173,14,21,1118,670,619,77,1,11,0.003219871205151794,0.004829806807727691,0.15409383624655013,0.1423643054277829,0.00022999080036798528,0.020239190432382703,4
4349.0,14058,15173,14,21,1115,670,619,77,1,11,0.0032191308346746377,0.004828696252011957,0.15405840423085768,0.14233157047597148,0.00022993791676247414,0.020234536675097725,4
4350.0,14061,15173,14,21,1112,670,620,77,1,11,0.003218390804597701,0.004827586206896552,0.15402298850574714,0.1425287356321839,0.00022988505747126436,0.020229885057471263,4
4351.0,14064,15176,14,21,1112,671,620,77,1,11,0.003217651114686279,0.004826476672029419,0.1542174212824638,0.14249597793610663,0.00022983222247759135,0.02022523557802804,4
4352.0,14067,15184,14,21,1117,671,621,77,1,11,0.003216911764705882,0.004825367647058824,0.15418198529411764,0.14269301470588236,0.00022977941176470588,0.02022058823529412,4
4353.0,14070,15187,14,21,1117,671,621,77,1,11,0.0032161727544222376,0.004824259131633356,0.15414656558695153,0.14266023432115782,0.00022972662531587412,0.02021594302779692,4
4354.0,14073,15187,14,21,1114,671,621,77,1,11,0.003215434083601286,0.00482315112540193,0.15411116214974735,0.14262746899402848,0.00022967386311437759,0.020211299954065228,4
4355.0,14076,15187,14,21,1111,671,621,77,1,11,0.003214695752009185,0.004822043628013777,0.15407577497129735,0.1425947187141217,0.0002296211251435132,0.020206659012629163,4
4356.0,14079,15187,14,21,1108,671,621,77,1,11,0.0032139577594123047,0.0048209366391184574,0.15404040404040403,0.14256198347107438,0.0002295684113865932,0.020202020202020204,4
4357.0,14082,15187,14,21,1105,671,621,77,1,11,0.003213220105577232,0.004819830158365848,0.1540050493458802,0.14252926325453294,0.00022951572182694515,0.020197383520771172,4
4358.0,14085,15187,14,21,1102,671,621,77,1,11,0.0032124827902707664,0.0048187241854061496,0.15396971087654887,0.1424965580541533,0.0002294630564479119,0.020192748967416244,4
4359.0,14088,15187,14,21,1099,671,621,77,1,11,0.003211745813259922,0.004817618719889883,0.1539343886212434,0.14246386785960083,0.00022941041523285156,0.02018811654049094,4
4360.0,14091,15187,14,21,1096,671,621,77,1,11,0.003211009174311927,0.00481651376146789,0.15389908256880733,0.14243119266055046,0.00022935779816513763,0.02018348623853211,4
4361.0,14094,15187,14,21,1093,672,621,77,1,11,0.0032102728731942215,0.004815409309791332,0.15409309791332262,0.14239853244668654,0.00022930520522815867,0.020178858060077964,4
4362.0,14097,15195,14,21,1098,672,622,77,1,11,0.0032095369096744614,0.004814305364511692,0.15405777166437415,0.1425951398441082,0.00022925263640531865,0.020174232003668042,4
4363.0,14100,15198,14,21,1098,672,622,77,1,11,0.0032088012835205133,0.00481320192528077,0.15402246160898464,0.1425624570249828,0.00022920009168003668,0.020169608067843226,4
4364.0,14103,15198,14,21,1095,673,622,77,1,11,0.0032080659945004585,0.0048120989917506875,0.15421631530705773,0.14252978918423465,0.00022914757103574703,0.02016498625114574,4
4365.0,14106,15206,14,21,1100,673,623,77,1,11,0.0032073310423825887,0.004810996563573883,0.15418098510882017,0.1427262313860252,0.0002290950744558992,0.02016036655211913,4
4366.0,14109,15209,14,21,1100,673,623,77,1,11,0.00320659642693541,0.004809894640403115,0.15414567109482363,0.14269354099862575,0.00022904260192395785,0.02015574896930829,4
4367.0,14112,15209,14,21,1097,674,623,77,1,11,0.003205862147927639,0.004808793221891459,0.15433936340737348,0.14266086558277993,0.0002289901534234028,0.020151133501259445,4
4368.0,14115,15217,14,21,1102,674,623,77,1,11,0.003205128205128205,0.004807692307692308,0.1543040293040293,0.14262820512820512,0.00022893772893772894,0.020146520146520148,4
4369.0,14118,15217,14,21,1099,674,623,77,1,11,0.0032043945983062485,0.004806591897459373,0.15426871137560083,0.14259555962462805,0.00022888532845044633,0.020141908903639278,4
4370.0,14121,15217,14,21,1096,674,623,77,1,11,0.003203661327231121,0.004805491990846682,0.15423340961098397,0.1425629290617849,0.0002288329519450801,0.020137299771167048,4
4371.0,14124,15217,14,21,1093,674,623,77,1,11,0.003202928391672386,0.004804392587508579,0.1541981239990849,0.14253031342942118,0.00022878059940517045,0.020132692747654998,4
4372.0,14127,15217,14,21,1090,674,623,77,1,11,0.003202195791399817,0.004803293687099725,0.15416285452881975,0.14249771271729186,0.00022872827081427266,0.020128087831655993,4
4373.0,14130,15217,14,21,1087,674,623,77,1,11,0.003201463526183398,0.004802195289275097,0.15412760118911503,0.14246512691516122,0.000228675966155957,0.020123485021724216,4
4374.0,14133,15217,14,21,1084,674,623,77,1,11,0.003200731595793324,0.004801097393689987,0.1540923639689072,0.1424325560128029,0.00022862368541380886,0.020118884316415182,4
4375.0,14136,15217,14,21,1081,674,623,77,1,11,0.0032,0.0048,0.15405714285714286,0.1424,0.00022857142857142857,0.020114285714285713,4
4376.0,14139,15217,14,21,1078,674,623,77,1,11,0.0031992687385740404,0.0047989031078610606,0.1540219378427788,0.14236745886654478,0.00022851919561243144,0.02010968921389397,4
4377.0,14142,15217,14,21,1075,675,623,77,1,11,0.003198537811286269,0.004797806716929404,0.15421521590130227,0.14233493260223898,0.0002284669865204478,0.020105094813799407,4
4378.0,14145,15225,14,21,1080,675,623,77,1,11,0.0031978072179077205,0.004796710826861581,0.15417999086340795,0.14230242119689357,0.00022841480127912289,0.020100502512562814,4
4379.0,14148,15225,14,21,1077,676,623,77,1,11,0.0031970769582096367,0.004795615437314455,0.15437314455355103,0.14226992464032884,0.00022836263987211693,0.02009591230874629,4
4380.0,14151,15233,14,21,1082,676,624,77,1,11,0.0031963470319634705,0.004794520547945206,0.154337899543379,0.14246575342465753,0.00022831050228310502,0.02009132420091324,4
4381.0,14154,15236,14,21,1082,676,624,77,1,11,0.003195617438940881,0.004793426158411321,0.1543026706231454,0.142433234421365,0.00022825838849577722,0.020086738187628395,4
4382.0,14157,15236,14,21,1079,676,624,77,1,11,0.003194888178913738,0.004792332268370607,0.1542674577818348,0.14240073026015518,0.00022820629849383843,0.020082154267457783,4
4383.0,14160,15236,14,21,1076,676,624,78,1,11,0.0031941592516541184,0.004791238877481177,0.1542322610084417,0.14236824093086928,0.00022815423226100844,0.020305726671229752,4
4384.0,14163,15238,14,21,1075,676,624,78,1,11,0.0031934306569343066,0.00479014598540146,0.1541970802919708,0.14233576642335766,0.0002281021897810219,0.02030109489051095,4
4385.0,14166,15238,14,21,1072,676,624,78,1,11,0.0031927023945267957,0.004789053591790194,0.15416191562143672,0.14230330672748004,0.00022805017103762827,0.020296465222348917,4
4386.0,14169,15238,14,21,1069,677,624,78,1,11,0.0031919744642042863,0.0047879616963064295,0.1543547651618787,0.14227086183310533,0.00022799817601459188,0.020291837665298677,4
4387.0,14172,15246,14,21,1074,677,624,78,1,11,0.0031912468657396852,0.004786870298609528,0.15431958057898337,0.1422384317301117,0.00022794620469569182,0.020287212217916573,4
4388.0,14175,15246,14,21,1071,677,625,78,1,11,0.0031905195989061076,0.004785779398359161,0.1542844120328168,0.14243391066545122,0.00022789425706472196,0.020282588878760256,4
4389.0,14178,15249,14,21,1071,677,626,78,1,11,0.003189792663476874,0.004784688995215311,0.1542492595124174,0.14262930052403736,0.000227842333105491,0.0202779676463887,4
4390.0,14181,15252,14,21,1071,677,626,78,1,11,0.0031890660592255125,0.004783599088838269,0.1542141230068337,0.14259681093394078,0.00022779043280182233,0.020273348519362185,4
4391.0,14184,15252,14,21,1068,677,626,78,1,11,0.0031883397859257573,0.004782509678888636,0.15417900250512412,0.14256433614210887,0.0002277385561375541,0.020268731496242313,4
4392.0,14187,15252,14,21,1065,677,626,78,1,11,0.0031876138433515485,0.0047814207650273225,0.15414389799635703,0.14253187613843352,0.00022768670309653916,0.020264116575591986,4
4393.0,14190,15252,14,21,1062,677,626,78,1,11,0.0031868882312770315,0.0047803323469155475,0.15410880946961075,0.14249943091281583,0.00022763487366264513,0.020259503755975416,4
4394.0,14193,15252,14,21,1059,677,626,78,1,11,0.0031861629494765588,0.004779244424214839,0.1540737369139736,0.14246700045516614,0.0002275830678197542,0.020254893035958125,4
4395.0,14196,15252,14,21,1056,677,626,78,1,11,0.0031854379977246873,0.00477815699658703,0.1540386803185438,0.14243458475540388,0.00022753128555176336,0.02025028441410694,4
4396.0,14199,15252,14,21,1053,677,627,78,1,11,0.0031847133757961785,0.004777070063694267,0.15400363967242947,0.14262966333030028,0.00022747952684258417,0.02024567788898999,4
4397.0,14202,15255,14,21,1053,677,627,78,1,11,0.0031839890834659997,0.0047759836251989995,0.1539686149647487,0.14259722538094155,0.00022742779167614282,0.020241073459176712,4
4398.0,14205,15255,15,21,1050,677,627,78,1,11,0.0034106412005457027,0.0047748976807639835,0.15393360618462937,0.14256480218281037,0.00022737608003638017,0.020236471123237836,4
4399.0,14224,15370,15,21,1146,678,627,78,1,11,0.003409865878608775,0.004773812230052284,0.1541259377131166,0.14253239372584678,0.00022732439190725165,0.020231870879745397,4
4400.0,14227,15378,15,21,1151,678,627,78,1,11,0.003409090909090909,0.004772727272727273,0.15409090909090908,0.1425,0.00022727272727272727,0.020227272727272726,4
4401.0,14230,15378,15,21,1148,678,627,78,1,11,0.0034083162917518746,0.004771642808452625,0.15405589638718473,0.14246762099522836,0.00022722108611679165,0.020222676664394455,4
4402.0,14233,15378,15,21,1145,678,627,78,1,11,0.0034075420263516582,0.004770558836892321,0.15402089959109497,0.1424352567014993,0.00022716946842344388,0.020218082689686508,4
4403.0,14236,15378,15,21,1142,678,628,78,1,11,0.0034067681126504655,0.0047694753577106515,0.15398591869180103,0.14263002498296615,0.0002271178741766977,0.020213490801726096,4
4404.0,14239,15381,15,21,1142,678,628,78,1,11,0.0034059945504087193,0.004768392370572207,0.1539509536784741,0.14259763851044505,0.00022706630336058128,0.020208900999091735,4
4405.0,14242,15381,15,21,1139,678,628,78,1,11,0.00340522133938706,0.004767309875141884,0.1539160045402951,0.14256526674233824,0.00022701475595913735,0.020204313280363224,4
4406.0,14245,15381,15,21,1136,678,628,78,1,11,0.003404448479346346,0.004766227871084884,0.15388107126645484,0.1425329096686337,0.00022696323195642307,0.020199727644121653,4
4407.0,14248,15381,15,21,1133,678,628,78,1,11,0.0034036759700476512,0.004765146358066712,0.15384615384615385,0.14250056727932833,0.0002269117313365101,0.020195144088949398,4
4408.0,14251,15381,15,21,1130,678,628,78,1,11,0.0034029038112522686,0.004764065335753176,0.15381125226860254,0.1424682395644283,0.00022686025408348456,0.02019056261343013,4
4409.0,14254,15381,15,21,1127,679,628,78,1,11,0.0034021320027217057,0.004762984803810388,0.15400317532320254,0.14243592651394874,0.00022680880018144704,0.020185983216148787,4
4410.0,14257,15389,15,21,1132,679,628,78,1,11,0.003401360544217687,0.004761904761904762,0.15396825396825398,0.14240362811791382,0.00022675736961451248,0.02018140589569161,4
4411.0,14260,15389,15,21,1129,679,629,78,1,11,0.0034005894355021537,0.004760825209703015,0.15393334844706416,0.14259805032872364,0.00022670596236681024,0.020176830650646113,4
4412.0,14263,15392,15,21,1129,679,630,78,1,11,0.003399818676337262,0.004759746146872167,0.15389845874886673,0.142792384406165,0.00022665457842248413,0.020172257479601087,4
4413.0,14266,15395,15,21,1129,679,631,78,1,11,0.003399048266485384,0.004758667573079538,0.15386358486290505,0.14298663041015183,0.00022660321776569228,0.02016768638114661,4
4414.0,14269,15398,15,21,1129,679,631,78,1,11,0.0033982782057091075,0.00475758948799275,0.15382872677843226,0.14295423652016312,0.00022655188038060717,0.020163117353874035,4
4415.0,14272,15398,15,21,1126,679,631,78,1,11,0.0033975084937712344,0.0047565118912797286,0.1537938844847112,0.14292185730464327,0.00022650056625141563,0.020158550396375992,4
4416.0,14275,15398,15,21,1123,679,631,78,1,11,0.0033967391304347825,0.004755434782608696,0.1537590579710145,0.1428894927536232,0.00022644927536231884,0.020153985507246376,4
4417.0,14278,15398,15,21,1120,679,631,78,1,11,0.003395970115462984,0.004754358161648178,0.1537242472266244,0.14285714285714285,0.00022639800769753225,0.02014942268508037,4
4418.0,14281,15398,15,21,1117,679,631,78,1,11,0.0033952014486192846,0.0047532820280669985,0.15368945224083297,0.14282480760525124,0.00022634676324128565,0.020144861928474422,4
4419.0,14284,15398,15,21,1114,679,631,78,1,11,0.0033944331296673455,0.0047522063815342835,0.15365467300294183,0.14279248698800634,0.00022629554197782303,0.02014030323602625,4
4420.0,14287,15398,15,21,1111,679,631,78,1,11,0.003393665158371041,0.004751131221719457,0.15361990950226245,0.1427601809954751,0.00022624434389140272,0.020135746606334843,4
4421.0,14290,15398,15,21,1108,679,631,78,1,11,0.0033928975344944584,0.004750056548292241,0.15358516172811582,0.14272788961773356,0.00022619316896629722,0.020131192038000453,4
4422.0,14293,15398,15,21,1105,679,631,78,1,11,0.0033921302578018998,0.0047489823609226595,0.15355042966983265,0.14269561284486657,0.0002261420171867933,0.020126639529624603,4
4423.0,14296,15398,15,21,1102,679,631,78,1,11,0.003391363328057879,0.004747908659281031,0.15351571331675334,0.14266335066696811,0.00022609088853719196,0.020122089079810085,4
4424.0,14299,15398,15,21,1099,679,631,78,1,11,0.0033905967450271247,0.004746835443037975,0.15348101265822786,0.14263110307414104,0.0002260397830018083,0.02011754068716094,4
4425.0,14302,15398,15,21,1096,680,631,78,1,11,0.003389830508474576,0.0047457627118644066,0.1536723163841808,0.14259887005649718,0.00022598870056497175,0.020112994350282486,4
4426.0,14305,15406,15,21,1101,680,631,78,1,11,0.0033890646181653863,0.004744690465431541,0.15363759602349752,0.14256665160415724,0.00022593764121102577,0.02010845006778129,4
4427.0,14308,15406,15,21,1098,680,631,78,1,11,0.00338829907386492,0.0047436187034108875,0.15360289134854302,0.14253444770725096,0.00022588660492432798,0.02010390783826519,4
4428.0,14311,15406,15,21,1095,680,631,78,1,11,0.0033875338753387536,0.0047425474254742545,0.15356820234869015,0.1425022583559169,0.00022583559168925022,0.02009936766034327,4
4429.0,14314,15406,15,21,1092,680,631,78,1,11,0.0033867690223526757,0.004741476631293746,0.1535335290133213,0.14247008354030255,0.00022578460149017836,0.020094829532625876,4
4430.0,14317,15406,15,21,1089,680,631,78,1,11,0.003386004514672686,0.004740406320541761,0.15349887133182843,0.14243792325056434,0.0002257336343115124,0.020090293453724605,4
4431.0,14320,15406,15,21,1086,680,631,78,1,11,0.003385240352064997,0.004739336492890996,0.15346422929361317,0.14240577747686753,0.00022568269013766644,0.020085759422252315,4
4432.0,14323,15406,15,21,1083,680,631,78,1,11,0.003384476534296029,0.00473826714801444,0.15342960288808663,0.14237364620938628,0.0002256317689530686,0.020081227436823106,4
4433.0,14326,15406,15,21,1080,680,631,78,1,11,0.003383713061132416,0.004737198285585382,0.15339499210466953,0.14234152943830364,0.00022558087074216106,0.020076697496052336,4
4434.0,14329,15406,15,21,1077,680,631,78,1,11,0.0033829499323410014,0.004736129905277402,0.15336039693279205,0.14230942715381145,0.0002255299954894001,0.020072169598556608,4
4435.0,14332,15406,15,21,1074,680,631,78,1,11,0.0033821871476888386,0.004735062006764375,0.15332581736189402,0.14227733934611048,0.00022547914317925591,0.020067643742953778,4
4436.0,14335,15406,15,21,1071,680,631,78,1,11,0.003381424706943192,0.004733994589720469,0.1532912533814247,0.1422452660054103,0.0002254283137962128,0.02006311992786294,4
4437.0,14338,15406,15,21,1068,681,631,78,1,11,0.0033806626098715348,0.004732927653820149,0.1534820824881677,0.14221320712192922,0.000225377507324769,0.02005859815190444,4
4438.0,14341,15414,15,21,1073,681,632,78,1,11,0.0033799008562415502,0.00473186119873817,0.1534474988733664,0.14240648940964398,0.0002253267237494367,0.020054078413699866,4
4439.0,14344,15417,15,21,1073,681,632,78,1,11,0.003379139445821131,0.004730795224149583,0.15341293084027935,0.14237440865059697,0.00022527596305474206,0.020049560711872045,4
4440.0,14347,15417,15,21,1070,682,632,78,1,11,0.0033783783783783786,0.00472972972972973,0.15360360360360362,0.14234234234234233,0.00022522522522522523,0.020045045045045045,4
4441.0,14350,15425,15,21,1075,682,632,78,1,11,0.003377617653681603,0.0047286647151542445,0.15356901598739023,0.14231029047511823,0.00022517451024544022,0.02004053141184418,4
4442.0,14353,15425,15,21,1072,683,632,78,1,11,0.003376857271499325,0.004727600180099055,0.15375956776226926,0.14227825303917155,0.00022512381809995497,0.02003601981089599,4
4443.0,14356,15433,15,21,1077,683,632,78,1,11,0.00337609723160027,0.004726536124240378,0.15372496061219895,0.14224623002475806,0.00022507314877335134,0.02003151024082827,4
4444.0,14359,15433,15,21,1074,683,633,78,1,11,0.0033753375337533752,0.004725472547254726,0.1536903690369037,0.14243924392439244,0.000225022502250225,0.020027002700270028,4
4445.0,14362,15436,15,21,1074,683,633,78,1,11,0.003374578177727784,0.004724409448818898,0.15365579302587176,0.14240719910011249,0.0002249718785151856,0.02002249718785152,4
4446.0,14365,15436,15,21,1071,683,633,78,1,11,0.0033738191632928477,0.004723346828609987,0.153621232568601,0.14237516869095818,0.0002249212775528565,0.02001799370220423,4
4447.0,14368,15436,15,21,1068,683,633,78,1,11,0.0033730604902181245,0.004722284686305375,0.1535866876545986,0.14234315268720485,0.00022487069934787497,0.020013492241960872,4
4448.0,14371,15436,15,21,1065,683,634,78,1,11,0.003372302158273381,0.004721223021582734,0.15355215827338128,0.14253597122302158,0.0002248201438848921,0.020008992805755396,4
4449.0,14374,15439,15,21,1065,683,634,78,1,11,0.0033715441672285905,0.004720161834120027,0.15351764441447516,0.1425039334681951,0.0002247696111485727,0.02000449539222297,4
4450.0,14377,15439,15,21,1062,683,634,78,1,11,0.0033707865168539327,0.004719101123595505,0.15348314606741573,0.14247191011235955,0.00022471910112359551,0.02,4
4451.0,14380,15439,15,21,1059,684,634,78,1,11,0.0033700292069197934,0.00471804088968771,0.15367333183554258,0.14243990114580993,0.00022466861379465288,0.01999550662772411,4
4452.0,14383,15447,15,21,1064,684,634,78,1,11,0.0033692722371967657,0.0047169811320754715,0.15363881401617252,0.14240790655884997,0.00022461814914645105,0.019991015274034143,4
4453.0,14386,15447,15,21,1061,684,634,78,1,11,0.0033685156074556477,0.004715921850437907,0.15360431169997754,0.14237592634179205,0.00022456770716370987,0.019986525937570176,4
4454.0,14389,15447,15,21,1058,684,634,78,1,11,0.003367759317467445,0.004714863044454423,0.1535698248765155,0.14234396048495734,0.000224517287831163,0.019982038616973508,4
4455.0,14392,15447,15,21,1055,684,634,78,1,11,0.003367003367003367,0.0047138047138047135,0.15353535353535352,0.14231200897867566,0.0002244668911335578,0.019977553310886645,4
4456.0,14393,15447,15,22,1054,684,634,78,1,11,0.0033662477558348293,0.004937163375224416,0.15350089766606823,0.14228007181328545,0.0002244165170556553,0.019973070017953322,4
4457.0,14438,15741,15,22,1303,684,634,78,1,11,0.003365492483733453,0.004936055642809065,0.15346645725824545,0.14224814897913396,0.0002243661655822302,0.019968588736818487,4
4458.0,14441,15741,15,22,1300,684,634,78,1,11,0.0033647375504710633,0.00493494840735756,0.15343203230148048,0.14221624046657694,0.00022431583669807088,0.01996410946612831,4
4459.0,14444,15741,15,22,1297,684,634,78,1,11,0.0033639829558196905,0.004933841668535546,0.15339762278537789,0.14218434626597892,0.00022426553038797938,0.019959632204530165,4
4460.0,14447,15741,15,22,1294,684,634,79,1,11,0.0033632286995515697,0.004932735426008968,0.15336322869955157,0.142152466367713,0.0002242152466367713,0.020179372197309416,4
4461.0,14450,15743,15,22,1293,684,635,79,1,11,0.0033624747814391394,0.004931629679444071,0.15332885003362476,0.14234476574759022,0.00022416498542927594,0.020174848688634835,4
4462.0,14453,15746,15,22,1293,684,635,79,1,11,0.0033617212012550424,0.004930524428507396,0.15329448677722995,0.14231286418646347,0.00022411474675033618,0.020170327207530255,4
4463.0,14456,15746,15,22,1290,685,635,79,1,11,0.0033609679587721262,0.004929419672865786,0.15348420345059377,0.14228097692135336,0.00022406453058480843,0.02016580775263276,4
4464.0,14459,15754,15,22,1295,685,636,79,1,11,0.003360215053763441,0.00492831541218638,0.15344982078853048,0.1424731182795699,0.00022401433691756272,0.020161290322580645,4
4465.0,14462,15757,15,22,1295,685,636,79,1,11,0.0033594624860022394,0.004927211646136618,0.1534154535274356,0.14244120940649496,0.00022396416573348266,0.020156774916013438,4
4466.0,14465,15757,15,22,1292,685,636,79,1,11,0.0033587102552619795,0.0049261083743842365,0.15338110165696373,0.14240931482310792,0.0002239140170174653,0.020152261531571878,4
4467.0,14468,15757,15,22,1289,685,636,79,1,11,0.0033579583613163196,0.004925005596597269,0.1533467651667786,0.14237743451981194,0.00022386389075442132,0.020147750167897917,4
4468.0,14471,15757,15,22,1286,685,637,79,1,11,0.0033572068039391225,0.004923903312444047,0.15331244404655328,0.14256938227394808,0.00022381378692927484,0.020143240823634737,4
4469.0,14474,15760,15,22,1286,685,637,79,1,11,0.003356455582904453,0.0049228015215931975,0.15327813828597,0.14253748042067577,0.00022376370552696352,0.020138733497426717,4
4470.0,14477,15760,15,22,1283,685,638,79,1,11,0.003355704697986577,0.004921700223713647,0.15324384787472037,0.14272930648769575,0.00022371364653243848,0.020134228187919462,4
4471.0,14480,15763,15,22,1283,685,638,80,1,11,0.0033549541489599644,0.004920599418474614,0.15320957280250502,0.1426973831357638,0.00022366360993066427,0.02035338850369045,4
4472.0,14483,15765,15,22,1282,685,638,80,1,11,0.0033542039355992843,0.004919499105545617,0.15317531305903398,0.1426654740608229,0.00022361359570661896,0.020348837209302327,4
4473.0,14486,15765,15,22,1279,686,638,80,1,11,0.00335345405767941,0.0049183992845964674,0.15336463223787167,0.14263357925329756,0.000223563603845294,0.02034428794992175,4
4474.0,14489,15773,15,22,1284,686,638,80,1,11,0.0033527045149754136,0.0049172999552972736,0.15333035315154225,0.1426016987036209,0.00022351363433169424,0.020339740724184176,4
4475.0,14492,15773,15,22,1281,686,639,80,1,11,0.0033519553072625698,0.004916201117318436,0.15329608938547487,0.14279329608938549,0.000223463687150838,0.02033519553072626,4
4476.0,14495,15776,15,22,1281,686,639,80,1,11,0.003351206434316354,0.004915102770330653,0.15326184092940126,0.1427613941018767,0.00022341376228775692,0.02033065236818588,4
4477.0,14498,15776,15,22,1278,686,640,80,1,11,0.0033504578959124413,0.004914004914004914,0.15322760777306232,0.1429528702255975,0.00022336385972749609,0.020326111235202143,4
4478.0,14501,15779,15,22,1278,686,640,80,1,11,0.0033497096918267085,0.004912907548012505,0.15319338990620812,0.14292094685127288,0.00022331397945511388,0.020321572130415366,4
4479.0,14504,15779,15,22,1275,686,640,80,1,11,0.003348961821835231,0.004911810672025006,0.1531591873185979,0.14288903773163653,0.00022326412145568208,0.02031703505246707,4
4480.0,14507,15779,15,22,1272,687,640,80,1,11,0.0033482142857142855,0.004910714285714286,0.1533482142857143,0.14285714285714285,0.0002232142857142857,0.0203125,4
4481.0,14510,15787,15,22,1277,687,640,80,1,11,0.003347467083240348,0.00490961838875251,0.15331399241240795,0.14282526221825487,0.0002231644722160232,0.020307966971658112,4
4482.0,14513,15787,15,22,1274,687,640,80,1,11,0.0033467202141900937,0.0049085229808121375,0.15327978580990628,0.142793395805444,0.00022311468094600624,0.02030343596608657,4
4483.0,14516,15787,15,22,1271,687,641,80,1,11,0.0033459736783403972,0.004907428061565916,0.1532455944679902,0.14298460852107964,0.00022306491188935982,0.020298906981931743,4
4484.0,14519,15790,15,22,1271,687,641,80,1,11,0.003345227475468332,0.004906333630686887,0.1532114183764496,0.1429527207850134,0.00022301516503122213,0.020294380017841212,4
4485.0,14522,15790,15,22,1268,687,641,80,1,11,0.0033444816053511705,0.004905239687848384,0.1531772575250836,0.14292084726867335,0.0002229654403567447,0.020289855072463767,4
4486.0,14525,15790,15,22,1265,687,641,80,1,11,0.0033437360677663844,0.00490414623272403,0.1531431119037004,0.14288898796255015,0.00022291573785109228,0.020285332144449397,4
4487.0,14528,15790,15,22,1262,687,641,80,1,11,0.0033429908624916425,0.004903053264987743,0.15310898150211721,0.14285714285714285,0.00022286605749944285,0.0202808112324493,4
4488.0,14531,15790,15,22,1259,687,641,80,1,11,0.0033422459893048127,0.004901960784313725,0.15307486631016043,0.142825311942959,0.0002228163992869875,0.020276292335115863,4
4489.0,14534,15790,15,22,1256,687,642,80,1,11,0.003341501447983961,0.004900868790376476,0.15304076631766542,0.14301626197371353,0.00022276676319893073,0.020271775451102696,4
4490.0,14537,15793,15,22,1256,687,642,80,1,11,0.0033407572383073497,0.004899777282850779,0.1530066815144766,0.14298440979955457,0.00022271714922048998,0.020267260579064587,4
4491.0,14540,15793,15,22,1253,687,642,80,1,11,0.0033400133600534404,0.004898686261411712,0.15297261189044756,0.14295257181028725,0.00022266755733689602,0.02026274771765754,4
4492.0,14543,15793,15,22,1250,688,642,80,1,11,0.0033392698130008903,0.004897595725734639,0.15316117542297417,0.1429207479964381,0.0002226179875333927,0.020258236865538737,4
4493.0,14546,15801,15,22,1255,688,642,80,1,11,0.0033385265969285557,0.004896505675495215,0.15312708657912308,0.1428889383485422,0.00022256843979523704,0.02025372802136657,4
4494.0,14549,15801,15,22,1252,688,642,80,1,11,0.0033377837116154874,0.004895416110369382,0.15309301290609703,0.14285714285714285,0.00022251891410769915,0.020249221183800622,4
4495.0,14552,15801,15,22,1249,688,642,80,1,11,0.0033370411568409346,0.00489432703003337,0.15305895439377085,0.142825361512792,0.0002224694104560623,0.020244716351501667,4
4496.0,14555,15801,15,22,1246,688,642,80,1,11,0.0033362989323843417,0.004893238434163701,0.15302491103202848,0.14279359430604982,0.00022241992882562276,0.020240213523131673,4
4497.0,14558,15801,15,22,1243,688,642,80,1,11,0.00333555703802535,0.004892150322437181,0.15299088281076273,0.142761841227485,0.00022237046920169,0.020235712697353792,4
4498.0,14561,15801,15,22,1240,688,642,80,1,11,0.003334815473543797,0.004891062694530902,0.1529568697198755,0.14273010226767452,0.00022232103156958648,0.02023121387283237,4
4499.0,14564,15801,15,22,1237,688,642,80,1,11,0.0033340742387197157,0.004889975550122249,0.15292287174927763,0.14269837741720381,0.0002222716159146477,0.02022671704823294,4
4500.0,14567,15801,15,22,1234,688,642,80,1,11,0.0033333333333333335,0.004888888888888889,0.15288888888888888,0.14266666666666666,0.00022222222222222223,0.02022222222222222,4
4501.0,14570,15801,15,22,1231,689,642,80,1,11,0.0033325927571650742,0.004887802710508776,0.15307709397911576,0.1426349700066652,0.00022217285047767163,0.02021772939346812,4
4502.0,14573,15809,15,22,1236,689,642,80,1,11,0.0033318525099955577,0.004886717014660151,0.15304309195912927,0.14260328742780987,0.0002221235006663705,0.020213238560639717,4
4503.0,14576,15809,15,22,1233,689,643,80,1,11,0.0033311125916055963,0.004885631801021541,0.15300910504108373,0.14279369309349324,0.00022207417277370642,0.020208749722407285,4
4504.0,14579,15812,15,22,1233,689,643,80,1,11,0.0033303730017761987,0.004884547069271759,0.15297513321492007,0.1427619893428064,0.00022202486678507994,0.020204262877442272,4
4505.0,14582,15812,15,22,1230,689,644,80,1,11,0.003329633740288568,0.0048834628190899,0.15294117647058825,0.14295227524972254,0.00022197558268590456,0.020199778024417313,4
4506.0,14585,15815,15,22,1230,690,644,80,1,11,0.003328894806924101,0.004882379050155349,0.15312916111850866,0.14292055037727475,0.00022192632046160674,0.020195295162006213,4
4507.0,14588,15823,15,22,1235,690,644,80,1,11,0.0033281562014643887,0.00488129576214777,0.15309518526736188,0.1428888395828711,0.00022187708009762592,0.02019081428888396,4
4508.0,14591,15823,15,22,1232,691,644,80,1,11,0.0033274179236912156,0.0048802129547471165,0.15328305235137532,0.14285714285714285,0.00022182786157941438,0.020186335403726708,4
4509.0,14594,15831,15,22,1237,691,644,81,1,11,0.00332667997338656,0.004879130627633622,0.1532490574406742,0.14282546019072964,0.00022177866489243733,0.020403637170104235,4
4510.0,14597,15833,15,22,1236,691,644,81,1,11,0.0033259423503325942,0.004878048780487805,0.15321507760532152,0.14279379157427938,0.00022172949002217295,0.020399113082039913,4
4511.0,14600,15833,15,22,1233,691,644,81,1,11,0.0033252050543116827,0.004876967412990468,0.1531811128352915,0.14276213699844822,0.00022168033695411216,0.02039459099977832,4
4512.0,14603,15833,15,22,1230,691,644,81,1,11,0.003324468085106383,0.004875886524822695,0.15314716312056736,0.1427304964539007,0.00022163120567375886,0.020390070921985817,4
4513.0,14606,15833,15,22,1227,691,644,81,1,11,0.003323731442499446,0.004874806115665854,0.15311322845114114,0.14269886993130956,0.00022158209616662973,0.020385552847329937,4
4514.0,14609,15833,15,22,1224,691,644,81,1,11,0.003322995126273815,0.004873726185201595,0.15307930881701373,0.14266725742135578,0.00022153300841825432,0.0203810367744794,4
4515.0,14612,15833,15,22,1221,691,644,81,1,11,0.0033222591362126247,0.0048726467331118494,0.1530454042081949,0.14263565891472868,0.00022148394241417498,0.020376522702104098,4
4516.0,14615,15833,15,22,1218,691,644,81,1,11,0.003321523472099203,0.00487156775907883,0.15301151461470328,0.14260407440212577,0.00022143489813994686,0.02037201062887511,4
4517.0,14618,15833,15,22,1215,691,644,81,1,11,0.003320788133717069,0.004870489262785035,0.1529776400265663,0.14257250387425283,0.00022138587558113792,0.020367500553464687,4
4518.0,14621,15833,15,22,1212,691,644,81,1,11,0.0033200531208499337,0.004869411243913236,0.1529437804338203,0.14254094732182382,0.0002213368747233289,0.02036299247454626,4
4519.0,14624,15833,15,22,1209,691,644,81,1,11,0.0033193184332816995,0.004868333702146493,0.1529099358265103,0.14250940473556095,0.0002212878955521133,0.020358486390794423,4
4520.0,14627,15833,15,22,1206,691,644,81,1,11,0.00331858407079646,0.0048672566371681415,0.15287610619469028,0.1424778761061947,0.00022123893805309734,0.020353982300884955,4
4521.0,14630,15833,15,22,1203,691,645,81,1,11,0.0033178500331785005,0.004866180048661801,0.1528422915284229,0.1426675514266755,0.00022119000221190003,0.0203494802034948,4
4522.0,14633,15836,15,22,1203,691,645,81,1,11,0.0033171163202122956,0.004865103936311367,0.15280849181777975,0.14263600176912872,0.00022114108801415304,0.020344980097302078,4
4523.0,14636,15836,15,22,1200,691,645,81,1,11,0.0033163829316825116,0.004864028299801017,0.15277470705284105,0.142604466062348,0.00022109219544550078,0.02034048198098607,4
4524.0,14639,15836,15,22,1197,691,645,81,1,11,0.0033156498673740055,0.004862953138815208,0.15274093722369583,0.14257294429708223,0.00022104332449160034,0.020335985853227233,4
4525.0,14642,15836,15,22,1194,692,645,81,1,11,0.0033149171270718232,0.004861878453038674,0.1529281767955801,0.1425414364640884,0.00022099447513812155,0.02033149171270718,4
4526.0,14645,15844,15,22,1199,692,646,81,1,11,0.003314184710561202,0.004860804242156429,0.1528943879805568,0.14273088820150243,0.0002209456473707468,0.020326999558108707,4
4527.0,14648,15847,15,22,1199,692,646,82,1,11,0.0033134526176275677,0.0048597305058537665,0.15286061409321847,0.1426993593991606,0.0002208968411751712,0.02054340622929092,4
4528.0,14651,15849,15,22,1198,692,646,82,1,11,0.0033127208480565372,0.004858657243816254,0.15282685512367492,0.14266784452296818,0.00022084805653710247,0.02053886925795053,4
4529.0,14654,15849,15,22,1195,692,646,82,1,11,0.003311989401633915,0.004857584455729742,0.1527931110620446,0.14263634356370058,0.00022079929344226098,0.020534334290130272,4
4530.0,14657,15849,15,22,1192,692,646,82,1,11,0.0033112582781456954,0.004856512141280353,0.15275938189845475,0.14260485651214128,0.0002207505518763797,0.02052980132450331,4
4531.0,14660,15849,15,22,1189,692,646,83,1,11,0.003310527477378062,0.0048554403001544915,0.15272566762304127,0.14257338335908187,0.00022070183182520416,0.02074597219156919,4
4532.0,14663,15851,15,22,1188,692,646,83,1,11,0.0033097969991173876,0.0048543689320388345,0.1526919682259488,0.14254192409532215,0.0002206531332744925,0.020741394527802295,4
4533.0,14666,15851,15,22,1185,692,646,83,1,11,0.0033090668431502318,0.004853298036620339,0.1526582836973307,0.14251047871166997,0.00022060445621001543,0.020736818883741452,4
4534.0,14669,15851,15,22,1182,692,646,83,1,11,0.0033083370092633437,0.004852227613586237,0.15262461402734892,0.14247904719894133,0.00022055580061755624,0.020732245258050286,4
4535.0,14672,15851,15,22,1179,692,646,83,1,11,0.0033076074972436605,0.0048511576626240355,0.1525909592061742,0.1424476295479603,0.0002205071664829107,0.020727673649393607,4
4536.0,14675,15851,15,22,1176,692,647,83,1,11,0.0033068783068783067,0.0048500881834215165,0.15255731922398588,0.14263668430335097,0.0002204585537918871,0.02072310405643739,4
4537.0,14678,15854,15,22,1176,692,647,83,1,11,0.0033061494379545957,0.00484901917566674,0.15252369407097202,0.14260524575710823,0.00022040996253030638,0.020718536477848798,4
4538.0,14681,15854,15,22,1173,692,647,83,1,11,0.0033054208902600266,0.004847950639048039,0.15249008373732922,0.14257382106654914,0.00022036139268400177,0.020713970912296167,4
4539.0,14684,15854,15,22,1170,692,647,83,1,11,0.003304692663582287,0.004846882573254021,0.15245648821326283,0.142542410222516,0.0002203128442388191,0.020709407358449,4
4540.0,14687,15854,15,22,1167,692,647,83,1,11,0.003303964757709251,0.004845814977973568,0.1524229074889868,0.14251101321585902,0.00022026431718061675,0.020704845814977973,4
4541.0,14690,15854,15,22,1164,692,647,83,1,11,0.0033032371724289805,0.004844747852895838,0.15238934155472364,0.1424796300374367,0.00022021581149526536,0.020700286280554942,4
4542.0,14693,15854,15,22,1161,693,647,83,1,11,0.0033025099075297227,0.0048436811977102595,0.1525759577278732,0.14244826067811536,0.00022016732716864817,0.020695728753852928,4
4543.0,14696,15862,15,22,1166,693,648,83,1,11,0.003301782962799912,0.004842615012106538,0.15254237288135594,0.1426370239929562,0.00022011886418666079,0.020691173233546113,4
4544.0,14699,15865,15,22,1166,693,648,83,1,11,0.003301056338028169,0.0048415492957746475,0.1525088028169014,0.1426056338028169,0.00022007042253521127,0.02068661971830986,4
4545.0,14702,15865,15,22,1163,693,648,84,1,11,0.0033003300330033004,0.004840484048404841,0.15247524752475247,0.14257425742574256,0.00022002200220022002,0.020902090209020903,4
4546.0,14705,15867,15,22,1162,693,648,84,1,11,0.0032996040475142983,0.004839419269687638,0.15244170699516058,0.14254289485261767,0.0002199736031676199,0.02089749230092389,4
4547.0,14708,15867,15,22,1159,693,648,84,1,11,0.003298878381350341,0.004838354959313834,0.15240818121838576,0.14251154607433472,0.00021992522542335605,0.020892896415218826,4
4548.0,14711,15867,15,22,1156,693,648,84,1,11,0.0032981530343007917,0.004837291116974494,0.15237467018469658,0.1424802110817942,0.00021987686895338611,0.02088830255057168,4
4549.0,14714,15867,15,22,1153,693,648,84,1,11,0.003297428006155199,0.0048362277423609585,0.15234117388437018,0.1424488898659046,0.00021982853374367993,0.020883710705649594,4
4550.0,14717,15867,15,22,1150,693,649,84,1,11,0.0032967032967032967,0.004835164835164835,0.1523076923076923,0.14263736263736262,0.00021978021978021978,0.020879120879120878,4
4551.0,14720,15870,15,22,1150,693,650,84,1,11,0.0032959789057350032,0.004834102395078005,0.15227422544495714,0.14282575258185015,0.00021973192704900023,0.020874533069655022,4
4552.0,14723,15873,15,22,1150,693,651,84,1,11,0.003295254833040422,0.0048330404217926184,0.15224077328646748,0.14301405975395431,0.0002196836555360281,0.02086994727592267,4
4553.0,14726,15876,15,22,1150,693,651,84,1,11,0.0032945310784098397,0.004831978915001098,0.1522073358225346,0.14298264880298703,0.00021963540522732265,0.02086536349659565,4
4554.0,14729,15876,15,22,1147,694,651,84,1,11,0.0032938076416337285,0.004830917874396135,0.15239350021958717,0.1429512516469038,0.00021958717610891525,0.020860781730346948,4
4555.0,14732,15884,15,22,1152,694,651,84,1,11,0.003293084522502744,0.004829857299670692,0.15236004390779365,0.1429198682766191,0.0002195389681668496,0.020856201975850714,4
4556.0,14735,15884,15,22,1149,695,651,84,1,11,0.003292361720807726,0.004828797190517998,0.1525460930640913,0.1428884986830553,0.00021949078138718174,0.020851624231782266,4
4557.0,14738,15892,15,22,1154,695,651,84,1,11,0.0032916392363396972,0.0048277375466315555,0.15251261795040597,0.14285714285714285,0.00021944261575597982,0.020847048496818083,4
4558.0,14741,15892,15,22,1151,695,651,84,1,11,0.003290917068889864,0.004826678367705134,0.15247915752523036,0.1428258007898201,0.00021939447125932427,0.020842474769635806,4
4559.0,14744,15892,15,22,1148,696,651,84,1,11,0.003290195218249616,0.00482561965343277,0.1526650581267822,0.14279447247203333,0.00021934634788330776,0.020837903048914235,4
4560.0,14747,15900,15,22,1153,697,651,84,1,11,0.003289473684210526,0.004824561403508772,0.15285087719298246,0.14276315789473684,0.0002192982456140351,0.020833333333333332,4
4561.0,14750,15908,15,22,1158,698,651,84,1,11,0.00328875246656435,0.0048235036176277135,0.15303661477746108,0.1427318570488928,0.00021925016443762334,0.020828765621574215,4
4562.0,14753,15916,15,22,1163,698,651,84,1,11,0.003288031565103025,0.004822446295484437,0.15300306882946077,0.14270056992547128,0.00021920210434020167,0.02082419991231916,4
4563.0,14756,15916,15,22,1160,698,651,84,1,11,0.003287310979618672,0.004821389436774052,0.1529695375849222,0.14266929651545035,0.00021915406530791147,0.02081963620425159,4
4564.0,14759,15916,15,22,1157,698,651,84,1,11,0.003286590709903593,0.004820333041191937,0.15293602103418055,0.14263803680981596,0.00021910604732690623,0.02081507449605609,4
4565.0,14762,15916,15,22,1154,699,651,84,1,11,0.0032858707557502738,0.004819277108433735,0.15312157721796277,0.14260679079956187,0.0002190580503833516,0.0208105147864184,4
4566.0,14765,15924,15,22,1159,699,651,85,1,11,0.0032851511169513796,0.004818221638195357,0.1530880420499343,0.1425755584756899,0.0002190100744634253,0.02102496714848883,4
4567.0,14768,15926,15,22,1158,699,651,85,1,11,0.003284431793299759,0.00481716663017298,0.15305452156776878,0.14254433982920955,0.0002189621195533173,0.02102036347711846,4
4568.0,14771,15926,15,22,1155,699,651,85,1,11,0.0032837127845884414,0.004816112084063047,0.15302101576182137,0.14251313485113834,0.00021891418563922942,0.021015761821366025,4
4569.0,14772,15926,16,22,1154,699,651,85,1,11,0.0035018603633180127,0.004815057999562267,0.15298752462245568,0.14248194353250165,0.0002188662727073758,0.021011162179908074,4
4570.0,14791,16038,16,22,1247,700,651,85,1,11,0.00350109409190372,0.004814004376367615,0.15317286652078774,0.1424507658643326,0.0002188183807439825,0.02100656455142232,4
4571.0,14794,16046,16,22,1252,700,652,85,1,11,0.003500328155764603,0.004812951214176329,0.15313935681470137,0.14263837234740756,0.0002187705097352877,0.02100196893458762,4
4572.0,14797,16049,16,22,1252,700,653,85,1,11,0.003499562554680665,0.004811898512685914,0.15310586176727908,0.14282589676290464,0.00021872265966754156,0.02099737532808399,4
4573.0,14800,16052,16,22,1252,700,653,85,1,11,0.0034987972884321017,0.004810846271594139,0.15307238136890444,0.14279466433413515,0.00021867483052700635,0.020992783730592608,4
4574.0,14803,16052,16,22,1249,701,653,85,1,11,0.0034980323567993005,0.004809794490599038,0.15325754263226934,0.14276344556187145,0.00021862702229995628,0.020988194140795804,4
4575.0,14806,16060,16,22,1254,701,654,85,1,11,0.0034972677595628415,0.004808743169398907,0.153224043715847,0.14295081967213114,0.0002185792349726776,0.02098360655737705,4
4576.0,14809,16063,16,22,1254,701,654,85,1,11,0.0034965034965034965,0.004807692307692308,0.15319055944055945,0.14291958041958042,0.00021853146853146853,0.02097902097902098,4
4577.0,14812,16063,16,22,1251,701,654,85,1,11,0.0034957395674022284,0.004806641905178064,0.15315708979681014,0.1428883548175661,0.00021848372296263927,0.020974437404413373,4
4578.0,14815,16063,16,22,1248,701,654,85,1,11,0.0034949759720401923,0.004805591961555264,0.15312363477501093,0.14285714285714285,0.00021843599825251202,0.020969855832241154,4
4579.0,14818,16063,16,22,1245,701,655,85,1,11,0.003494212710198733,0.0048045424765232585,0.153090194365582,0.14304433282376064,0.00021838829438742082,0.0209652762611924,4
4580.0,14821,16066,16,22,1245,701,655,85,1,11,0.0034934497816593887,0.00480349344978166,0.15305676855895198,0.14301310043668122,0.0002183406113537118,0.02096069868995633,4
4581.0,14824,16066,16,22,1242,701,655,85,1,11,0.0034926871862038856,0.004802444881030343,0.15302335734555775,0.14298188168522158,0.00021829294913774285,0.020956123117223315,4
4582.0,14827,16066,16,22,1239,702,655,85,1,11,0.003491924923614142,0.004801396769969445,0.1532082060235705,0.14295067656045396,0.00021824530772588389,0.020951549541684853,4
4583.0,14830,16074,16,22,1244,702,655,85,1,11,0.003491162993672267,0.0048003491162993675,0.15317477634737073,0.14291948505345844,0.0002181976871045167,0.020946977962033604,4
4584.0,14833,16074,16,22,1241,702,655,86,1,11,0.0034904013961605585,0.004799301919720768,0.1531413612565445,0.14288830715532286,0.0002181500872600349,0.021160558464223385,4
4585.0,14836,16076,16,22,1240,702,655,86,1,11,0.003489640130861505,0.004798255179934569,0.15310796074154853,0.14285714285714285,0.00021810250817884405,0.021155943293347874,4
4586.0,14839,16076,16,22,1237,702,655,86,1,11,0.0034888791975577847,0.004797208896641954,0.1530745747928478,0.1428259921500218,0.00021805494984736154,0.021151330135194067,4
4587.0,14842,16076,16,22,1234,702,656,86,1,11,0.003488118596032265,0.004796163069544364,0.15304120340091562,0.14301286243732286,0.00021800741225201656,0.02114671898844561,4
4588.0,14845,16079,16,22,1234,703,656,86,1,11,0.0034873583260680036,0.004795117698343505,0.1532258064516129,0.14298169136878813,0.00021795989537925023,0.021142109851787272,4
4589.0,14848,16087,16,22,1239,704,656,86,1,11,0.003486598387448246,0.004794072782741338,0.1534103290477228,0.14295053388537807,0.00021791239921551536,0.02113750272390499,4
4590.0,14851,16095,16,22,1244,704,656,86,1,11,0.003485838779956427,0.004793028322440087,0.1533769063180828,0.14291938997821352,0.00021786492374727668,0.02113289760348584,4
4591.0,14854,16095,16,22,1241,704,656,86,1,11,0.003485079503376171,0.004791984317142235,0.15334349814855153,0.142888259638423,0.00021781746896101068,0.021128294489218036,4
4592.0,14857,16095,16,22,1238,704,656,86,1,11,0.003484320557491289,0.004790940766550522,0.15331010452961671,0.14285714285714285,0.00021777003484320557,0.02112369337979094,4
4593.0,14860,16095,16,22,1235,704,656,86,1,11,0.0034835619420857827,0.004789897670367951,0.15327672545177443,0.1428260396255171,0.00021772262138036142,0.021119094273895057,4
4594.0,14863,16095,16,22,1232,704,656,86,1,11,0.0034828036569438396,0.00478885502829778,0.15324336090552895,0.14279494993469743,0.00021767522855898998,0.02111449717022203,4
4595.0,14866,16095,16,22,1229,704,656,86,1,11,0.003482045701849837,0.004787812840043526,0.15321001088139283,0.14276387377584332,0.0002176278563656148,0.021109902067464634,4
4596.0,14869,16095,16,22,1226,704,656,86,1,11,0.0034812880765883376,0.004786771105308964,0.15317667536988686,0.14273281114012185,0.0002175805047867711,0.021105308964316796,4
4597.0,14872,16095,16,22,1223,705,656,86,1,11,0.003480530780944094,0.004785729823798129,0.15336088753534913,0.14270176201870785,0.00021753317380900588,0.02110071785947357,4
4598.0,14875,16103,16,22,1228,705,656,86,1,11,0.0034797738147020443,0.004784688995215311,0.15332753371030883,0.14267072640278383,0.00021748586341887777,0.021096128751631145,4
4599.0,14878,16103,16,22,1225,705,657,86,1,11,0.0034790171776473144,0.004783648619265057,0.1532941943900848,0.14285714285714285,0.00021743857360295715,0.021091541639486844,4
4600.0,14881,16106,16,22,1225,705,658,86,1,11,0.0034782608695652175,0.004782608695652174,0.1532608695652174,0.14304347826086958,0.0002173913043478261,0.02108695652173913,4
4601.0,14884,16109,16,22,1225,706,658,86,1,11,0.003477504890241252,0.004781569224081721,0.15344490328189525,0.1430123886111715,0.00021734405564007825,0.02108237339708759,4
4602.0,14887,16117,16,22,1230,706,658,86,1,11,0.003476749239461104,0.0047805302042590175,0.1534115601912212,0.1429813124728379,0.000217296827466319,0.021077792264232943,4
4603.0,14890,16117,16,22,1227,706,658,86,1,11,0.003475993917010645,0.004779491635889637,0.15337823158809472,0.14295024983706278,0.00021724961981316532,0.021073213121877037,4
4604.0,14893,16117,16,22,1224,706,658,86,1,11,0.0034752389226759338,0.0047784535186794095,0.15334491746307558,0.1429192006950478,0.00021720243266724586,0.02106863596872285,4
4605.0,14896,16117,16,22,1221,706,658,86,1,11,0.003474484256243214,0.004777415852334419,0.1533116178067318,0.14288816503800217,0.00021715526601520088,0.021064060803474484,4
4606.0,14899,16117,16,22,1218,706,659,86,1,11,0.0034737299174989146,0.004776378636561007,0.1532783326096396,0.14307425097698653,0.00021710811984368216,0.02105948762483717,4
4607.0,14902,16120,16,22,1218,706,659,86,1,11,0.0034729759062296505,0.00477534187106577,0.15324506186238332,0.14304319513783373,0.00021706099413935315,0.021054916431517256,4
4608.0,14905,16120,16,22,1215,707,659,86,1,11,0.003472222222222222,0.004774305555555556,0.15342881944444445,0.1430121527777778,0.00021701388888888888,0.021050347222222224,4
4609.0,14908,16128,16,22,1220,708,659,86,1,11,0.003471468865263615,0.00477326968973747,0.15361249728791496,0.14298112388804513,0.00021696680407897592,0.021045779995660666,4
4610.0,14911,16136,16,22,1225,708,659,86,1,11,0.0034707158351409977,0.004772234273318872,0.15357917570498916,0.14295010845986986,0.00021691973969631235,0.0210412147505423,4
4611.0,14914,16136,16,22,1222,708,659,86,1,11,0.003469963131641726,0.004771199306007373,0.15354586857514638,0.1429191064844936,0.00021687269572760788,0.021036651485577967,4
4612.0,14917,16136,16,22,1219,708,659,86,1,11,0.003469210754553339,0.004770164787510842,0.15351257588898526,0.14288811795316567,0.0002168256721595837,0.021032090199479617,4
4613.0,14920,16136,16,22,1216,708,660,86,1,11,0.0034684587036635595,0.004769130717537394,0.15347929763711252,0.14307392152612183,0.00021677866897897247,0.02102753089096033,4
4614.0,14923,16139,16,22,1216,709,660,86,1,11,0.0034677069787602947,0.004768097095795405,0.15366276549631555,0.14304291287386217,0.00021673168617251842,0.02102297355873429,4
4615.0,14926,16147,16,22,1221,709,660,86,1,11,0.003466955579631636,0.004767063921993499,0.15362946912242686,0.14301191765980498,0.00021668472372697725,0.021018418201516793,4
4616.0,14929,16147,16,22,1218,709,660,86,1,11,0.0034662045060658577,0.004766031195840554,0.15359618717504334,0.14298093587521662,0.0002166377816291161,0.021013864818024263,4
4617.0,14932,16147,16,22,1215,709,660,86,1,11,0.0034654537578514186,0.004764998917045701,0.153562919644791,0.142949967511371,0.00021659085986571366,0.021009313406974227,4
4618.0,14935,16147,16,22,1212,709,660,87,1,11,0.0034647033347769596,0.004763967085318319,0.15352966652230401,0.14291901255954959,0.00021654395842355997,0.02122130792550888,4
4619.0,14938,16149,16,22,1211,710,660,87,1,11,0.0034639532366313053,0.004762935700368045,0.1537129248755142,0.14288807101104134,0.00021649707728945658,0.021216713574366747,4
4620.0,14941,16157,16,22,1216,710,660,87,1,11,0.003463203463203463,0.004761904761904762,0.15367965367965367,0.14285714285714285,0.00021645021645021645,0.021212121212121213,4
4621.0,14944,16157,16,22,1213,710,660,87,1,11,0.0034624540142826226,0.004760874269638607,0.1536463968837914,0.14282622808915818,0.00021640337589266391,0.021207530837481066,4
4622.0,14947,16157,16,22,1210,710,660,87,1,11,0.0034617048896581565,0.004759844223279966,0.1536131544785807,0.14279532669839895,0.00021635655560363478,0.02120294244915621,4
4623.0,14950,16157,16,22,1207,710,660,87,1,11,0.0034609560891196195,0.004758814622539477,0.1535799264546831,0.1427644386761843,0.00021630975556997622,0.02119835604585767,4
4624.0,14953,16157,16,22,1204,710,660,87,1,11,0.0034602076124567475,0.004757785467128028,0.15354671280276816,0.14273356401384082,0.00021626297577854672,0.021193771626297576,4
4625.0,14956,16157,16,22,1201,711,660,87,1,11,0.0034594594594594594,0.004756756756756757,0.15372972972972973,0.14270270270270272,0.00021621621621621621,0.02118918918918919,4
4626.0,14959,16165,16,22,1206,711,660,87,1,11,0.0034587116299178555,0.004755728491137051,0.15369649805447472,0.14267185473411154,0.00021616947686986597,0.021184608733246867,4
4627.0,14962,16165,16,22,1203,711,660,87,1,11,0.0034579641236222175,0.004754700669980549,0.15366328074346228,0.14264102009941648,0.0002161227577263886,0.02118003025718608,4
4628.0,14965,16165,16,22,1200,711,661,87,1,11,0.003457216940363008,0.004753673292999135,0.15363007778738116,0.14282627484874677,0.000216076058772688,0.021175453759723423,4
4629.0,14968,16168,16,22,1200,711,661,87,1,11,0.0034564700799308706,0.004752646359904947,0.15359688917692807,0.14279542017714408,0.00021602937999567941,0.02117087923957658,4
4630.0,14971,16168,16,22,1197,711,662,87,1,11,0.0034557235421166306,0.004751619870410367,0.15356371490280776,0.1429805615550756,0.00021598272138228941,0.021166306695464362,4
4631.0,14974,16171,16,22,1197,712,662,87,1,11,0.0034549773267112936,0.004750593824228029,0.15374649103865257,0.14294968689267976,0.00021593608291945585,0.021161736126106674,4
4632.0,14977,16179,16,22,1202,712,662,87,1,11,0.0034542314335060447,0.004749568221070812,0.153713298791019,0.1429188255613126,0.0002158894645941278,0.021157167530224525,4
4633.0,14980,16179,16,22,1199,712,663,87,1,11,0.003453485862292251,0.0047485430606518456,0.1536801208720052,0.14310382041873515,0.0002158428663932657,0.021152600906540038,4
4634.0,14983,16182,16,22,1199,712,663,88,1,11,0.0034527406128614588,0.004747518342684506,0.1536469572723349,0.1430729391454467,0.00021579628830384117,0.021363832542080276,4
4635.0,14986,16184,16,22,1198,712,663,88,1,11,0.003451995685005394,0.004746494066882417,0.15361380798274002,0.143042071197411,0.0002157497303128371,0.021359223300970873,4
4636.0,14989,16184,16,22,1195,712,663,88,1,11,0.003451251078515962,0.004745470232959448,0.1535806729939603,0.14301121656600518,0.00021570319240724764,0.021354616048317517,4
4637.0,14992,16184,16,22,1192,712,664,88,1,11,0.003450506793185249,0.004744446840629717,0.15354755229674358,0.14319603191718783,0.00021565667457407807,0.021350010782833728,4
4638.0,14995,16187,16,22,1192,712,664,88,1,11,0.0034497628288055198,0.004743423889607589,0.15351444588184562,0.14316515739542907,0.00021561017680034498,0.021345407503234153,4
4639.0,14998,16187,16,22,1189,712,664,88,1,11,0.0034490191851692174,0.004742401379607674,0.1534813537400302,0.14313429618452253,0.0002155636990730761,0.021340806208234534,4
4640.0,15001,16187,16,22,1186,712,664,88,1,11,0.0034482758620689655,0.0047413793103448275,0.15344827586206897,0.14310344827586208,0.00021551724137931034,0.021336206896551725,4
4641.0,15004,16187,16,22,1183,712,664,88,1,11,0.003447532859297565,0.004740357681534152,0.15341521223874166,0.14307261366084895,0.00021547080370609782,0.021331609566903685,4
4642.0,15007,16187,16,22,1180,713,664,88,1,11,0.0034467901766479965,0.004739336492890996,0.15359758724687633,0.14304179233089187,0.00021542438604049978,0.02132701421800948,4
4643.0,15010,16195,16,22,1185,713,664,88,1,11,0.0034460478139134183,0.0047383157441309495,0.1535645057075167,0.14301098427740686,0.00021537798836958864,0.021322420848589273,4
4644.0,15013,16195,16,22,1182,713,664,88,1,11,0.0034453057708871662,0.004737295434969853,0.15353143841515934,0.1429801894918174,0.0002153316106804479,0.02131782945736434,4
4645.0,15016,16195,16,22,1179,713,664,88,1,11,0.003444564047362756,0.004736275565123789,0.1534983853606028,0.14294940796555436,0.00021528525296017224,0.02131324004305705,4
4646.0,15019,16195,16,22,1176,713,664,88,1,11,0.0034438226431338786,0.004735256134309083,0.15346534653465346,0.14291863969005597,0.00021523891519586742,0.021308652604390875,4
4647.0,15022,16195,16,22,1173,713,664,88,1,11,0.003443081557994405,0.004734237142242307,0.15343232192812567,0.1428878846567678,0.00021519259737465033,0.02130406714009038,4
4648.0,15025,16195,16,22,1170,714,664,88,1,11,0.0034423407917383822,0.004733218588640275,0.1536144578313253,0.14285714285714285,0.0002151462994836489,0.021299483648881238,4
4649.0,15028,16203,16,22,1175,714,664,88,1,11,0.0034416003441600346,0.004732200473220047,0.15358141535814154,0.14282641428264142,0.00021510002151000216,0.021294902129490215,4
4650.0,15031,16203,16,22,1172,715,664,88,1,11,0.0034408602150537634,0.004731182795698925,0.15376344086021507,0.14279569892473118,0.00021505376344086021,0.02129032258064516,4
4651.0,15034,16211,16,22,1177,715,664,88,1,11,0.0034401204042141475,0.004730165555794453,0.15373038056331972,0.14276499677488713,0.00021500752526338422,0.021285745001075038,4
4652.0,15037,16211,16,22,1174,715,664,88,1,11,0.0034393809114359416,0.004729148753224419,0.15369733447979364,0.14273430782459157,0.00021496130696474635,0.02128116938950989,4
4653.0,15040,16211,16,22,1171,716,664,88,1,11,0.003438641736514077,0.004728132387706856,0.15387921770900495,0.14270363206533418,0.0002149151085321298,0.02127659574468085,4
4654.0,15043,16219,16,22,1176,716,664,88,1,11,0.0034379028792436614,0.004727116458960034,0.15384615384615385,0.14267296948861194,0.00021486892995272884,0.021272024065320156,4
4655.0,15046,16219,16,22,1173,716,664,88,1,11,0.0034371643394199786,0.00472610096670247,0.15381310418904404,0.14264232008592911,0.00021482277121374866,0.021267454350161117,4
4656.0,15049,16219,16,22,1170,716,664,88,1,11,0.003436426116838488,0.004725085910652921,0.15378006872852235,0.14261168384879724,0.0002147766323024055,0.021262886597938145,4
4657.0,15052,16219,16,22,1167,716,664,88,1,11,0.003435688211294825,0.004724071290530384,0.15374704745544343,0.14258106076873522,0.00021473051320592657,0.02125832080738673,4
4658.0,15055,16219,16,22,1164,716,665,88,1,11,0.0034349506225848005,0.0047230571060541005,0.15371404036066982,0.14276513525118076,0.00021468441391155003,0.02125375697724345,4
4659.0,15058,16222,16,22,1164,716,665,88,1,11,0.0034342133505044,0.00472204335694355,0.1536810474350719,0.14273449238033914,0.000214638334406525,0.021249195106245976,4
4660.0,15061,16222,16,22,1161,716,665,88,1,11,0.0034334763948497852,0.004721030042918455,0.1536480686695279,0.1427038626609442,0.00021459227467811158,0.021244635193133046,4
4661.0,15064,16222,16,22,1158,716,665,88,1,11,0.0034327397554172923,0.004720017163698777,0.15361510405492385,0.14267324608453122,0.00021454623471358077,0.021240077236644495,4
4662.0,15067,16222,16,22,1155,716,665,88,1,11,0.003432003432003432,0.004719004719004719,0.15358215358215357,0.14264264264264265,0.0002145002145002145,0.021235521235521235,4
4663.0,15070,16222,16,22,1152,716,665,88,1,11,0.0034312674244048897,0.0047179927085567236,0.1535492172421188,0.14261205232682822,0.0002144542140253056,0.021230967188505253,4
4664.0,15073,16222,16,22,1149,716,666,88,1,11,0.003430531732418525,0.0047169811320754715,0.153516295025729,0.1427958833619211,0.0002144082332761578,0.02122641509433962,4
4665.0,15076,16225,16,22,1149,716,667,88,1,11,0.0034297963558413717,0.004715969989281886,0.1534833869239014,0.1429796355841372,0.00021436227224008573,0.02122186495176849,4
4666.0,15079,16228,16,22,1149,716,667,88,1,11,0.0034290612944706386,0.004714959279897128,0.15345049292756108,0.14294899271324474,0.0002143163309044149,0.021217316759537076,4
4667.0,15082,16228,16,22,1146,717,667,88,1,11,0.0034283265481037067,0.004713949003642597,0.15363188343689738,0.1429183629740733,0.00021427040925648167,0.021212770516391685,4
4668.0,15085,16236,16,22,1151,717,667,88,1,11,0.003427592116538132,0.004712939160239932,0.15359897172236503,0.14288774635818338,0.00021422450728363326,0.021208226221079693,4
4669.0,15088,16236,16,22,1148,717,667,88,1,11,0.0034268579995716426,0.004711929749411009,0.15356607410580425,0.14285714285714285,0.00021417862497322766,0.02120368387234954,4
4670.0,15091,16236,16,22,1145,717,667,88,1,11,0.003426124197002141,0.004710920770877944,0.15353319057815845,0.14282655246252676,0.00021413276231263382,0.02119914346895075,4
4671.0,15094,16236,16,22,1142,717,667,88,1,11,0.003425390708627703,0.004709912224363092,0.15350032113037893,0.14279597516591735,0.00021408691928923143,0.02119460500963391,4
4672.0,15097,16236,16,22,1139,717,668,88,1,11,0.003424657534246575,0.004708904109589041,0.15346746575342465,0.1429794520547945,0.00021404109589041095,0.021190068493150686,4
4673.0,15100,16239,16,22,1139,718,668,88,1,11,0.0034239246736571796,0.004707896426278622,0.15364861973036592,0.14294885512518724,0.00021399529210357372,0.0211855339182538,4
4674.0,15103,16247,16,22,1144,718,668,88,1,11,0.0034231921266581087,0.004706889174154899,0.15361574668378264,0.14291827128797605,0.0002139495079161318,0.021181001283697046,4
4675.0,15106,16247,16,22,1141,718,668,88,1,11,0.003422459893048128,0.004705882352941176,0.15358288770053477,0.14288770053475935,0.000213903743315508,0.021176470588235293,4
4676.0,15109,16247,16,22,1138,718,668,88,1,11,0.003421727972626176,0.004704875962360992,0.15355004277159967,0.14285714285714285,0.000213857998289136,0.021171941830624465,4
4677.0,15112,16247,16,22,1135,718,668,88,1,11,0.003420996365191362,0.004703870002138123,0.15351721188796236,0.14282659824673935,0.00021381227282446012,0.021167415009621552,4
4678.0,15115,16247,16,22,1132,718,668,88,1,11,0.003420265070542967,0.00470286447199658,0.15348439504061565,0.14279606669516887,0.00021376656690893543,0.021162890123984607,4
4679.0,15118,16247,16,22,1129,718,668,89,1,11,0.0034195340884804444,0.004701859371660611,0.15345159222055996,0.14276554819405857,0.00021372088053002778,0.021372088053002777,4
4680.0,15121,16249,16,22,1128,718,668,89,1,11,0.003418803418803419,0.004700854700854701,0.15341880341880343,0.14273504273504273,0.00021367521367521368,0.021367521367521368,4
4681.0,15124,16249,16,22,1125,718,668,89,1,11,0.0034180730613116855,0.004699850459303568,0.1533860286263619,0.14270455030976287,0.00021362956633198035,0.021362956633198035,4
4682.0,15127,16249,16,22,1122,718,668,89,1,11,0.0034173430158052115,0.004698846646732166,0.15335326783425887,0.14267407090986758,0.00021358393848782572,0.021358393848782572,4
4683.0,15130,16249,16,22,1119,718,668,89,1,11,0.003416613282084134,0.004697843262865684,0.15332052103352553,0.1426436045270126,0.00021353833013025838,0.021353833013025837,4
4684.0,15133,16249,16,22,1116,718,668,89,1,11,0.0034158838599487617,0.004696840307429547,0.15328778821520067,0.1426131511528608,0.0002134927412467976,0.02134927412467976,4
4685.0,15136,16249,16,22,1113,718,669,89,1,11,0.003415154749199573,0.004695837780149413,0.15325506937033084,0.14279615795090714,0.00021344717182497332,0.021344717182497332,4
4686.0,15139,16252,16,22,1113,718,669,89,1,11,0.0034144259496372174,0.004694835680751174,0.15322236448997012,0.14276568501920614,0.0002134016218523261,0.021340162185232606,4
4687.0,15142,16252,16,22,1110,718,669,89,1,11,0.0034136974610625135,0.004693834008960956,0.1531896735651803,0.14273522509067635,0.0002133560913164071,0.021335609131640707,4
4688.0,15145,16252,16,22,1107,718,669,89,1,11,0.0034129692832764505,0.00469283276450512,0.15315699658703072,0.1427047781569966,0.00021331058020477816,0.021331058020477817,4
4689.0,15148,16252,16,22,1104,718,669,89,1,11,0.0034122414160801876,0.004691831947110258,0.15312433354659843,0.14267434420985284,0.00021326508850501172,0.021326508850501174,4
4690.0,15151,16252,16,22,1101,718,669,89,1,11,0.003411513859275053,0.004690831556503198,0.153091684434968,0.14264392324093816,0.00021321961620469082,0.021321961620469083,4
4691.0,15154,16252,16,22,1098,718,669,89,1,11,0.003410786612662545,0.004689831592411,0.15305904924323172,0.14261351524195268,0.00021317416329140907,0.021317416329140908,4
4692.0,15157,16252,16,22,1095,719,669,89,1,11,0.0034100596760443308,0.004688832054560955,0.15323955669224212,0.1425831202046036,0.00021312872975277067,0.021312872975277068,4
4693.0,15160,16260,16,22,1100,719,669,89,1,11,0.0034093330492222457,0.004687832942680588,0.15320690389942468,0.14255273812060515,0.00021308331557639036,0.021308331557639035,4
4694.0,15163,16260,16,22,1097,719,669,89,1,11,0.0034086067319982955,0.004686834256497656,0.15317426501917342,0.14252236898167875,0.00021303792074989347,0.021303792074989347,4
4695.0,15166,16260,16,22,1094,719,669,89,1,11,0.0034078807241746537,0.004685835995740149,0.1531416400425985,0.14249201277955273,0.00021299254526091586,0.021299254526091587,4
4696.0,15169,16260,16,22,1091,720,669,89,1,11,0.0034071550255536627,0.004684838160136286,0.15332197614991483,0.14246166950596253,0.00021294718909710392,0.02129471890971039,4
4697.0,15172,16268,16,22,1096,720,669,89,1,11,0.0034064296359378327,0.00468384074941452,0.15328933361720248,0.14243133915265063,0.00021290185224611454,0.021290185224611454,4
4698.0,15175,16268,16,22,1093,720,669,89,1,11,0.0034057045551298426,0.004682843763303533,0.1532567049808429,0.14240102171136654,0.00021285653469561516,0.021285653469561516,4
4699.0,15178,16268,16,22,1090,720,669,89,1,11,0.003404979782932539,0.004681847201532241,0.15322409023196426,0.1423707171738668,0.00021281123643328368,0.02128112364332837,4
4700.0,15181,16268,16,22,1087,720,670,89,1,11,0.003404255319148936,0.004680851063829788,0.15319148936170213,0.1425531914893617,0.0002127659574468085,0.02127659574468085,4
4701.0,15184,16271,16,22,1087,720,670,89,1,11,0.0034035311635822164,0.004679855349925548,0.15315890236119975,0.1425228674750053,0.00021272069772388852,0.021272069772388852,4
4702.0,15187,16271,16,22,1084,720,671,89,1,11,0.0034028073160357296,0.004678860059549128,0.15312632922160782,0.14270523181624842,0.0002126754572522331,0.02126754572522331,4
4703.0,15190,16274,16,22,1084,720,671,89,1,11,0.0034020837763129915,0.004677865192430364,0.15309376993408463,0.1426748883691261,0.00021263023601956197,0.0212630236019562,4
4704.0,15193,16274,16,22,1081,721,671,89,1,11,0.003401360544217687,0.00467687074829932,0.15327380952380953,0.14264455782312926,0.00021258503401360543,0.021258503401360544,4
4705.0,15196,16282,16,22,1086,721,671,89,1,11,0.0034006376195536664,0.004675876726886291,0.1532412327311371,0.14261424017003188,0.00021253985122210415,0.021253985122210415,4
4706.0,15199,16282,16,22,1083,721,671,89,1,11,0.003399915002124947,0.004674883127921802,0.15320866978325542,0.14258393540161496,0.00021249468763280918,0.021249468763280918,4
4707.0,15202,16282,16,22,1080,721,671,89,1,11,0.0033991926917357126,0.004673889951136605,0.15317612067134057,0.14255364350966646,0.00021244954323348204,0.021244954323348206,4
4708.0,15205,16282,16,22,1077,721,671,89,1,11,0.0033984706881903144,0.004672897196261682,0.15314358538657605,0.1425233644859813,0.00021240441801189465,0.021240441801189464,4
4709.0,15208,16282,16,22,1074,722,671,89,1,11,0.0033977489912932683,0.004671904863028244,0.15332342323210874,0.14249309832236143,0.00021235931195582927,0.021235931195582928,4
4710.0,15211,16290,16,22,1079,722,671,89,1,11,0.003397027600849257,0.004670912951167728,0.1532908704883227,0.1424628450106157,0.00021231422505307856,0.021231422505307854,4
4711.0,15214,16290,16,22,1076,722,672,89,1,11,0.003396306516663129,0.004669921460411802,0.1532583315644237,0.1426448736998514,0.00021226915729144556,0.021226915729144556,4
4712.0,15217,16293,16,22,1076,722,672,89,1,11,0.003395585738539898,0.00466893039049236,0.1532258064516129,0.14261460101867574,0.00021222410865874363,0.021222410865874362,4
4713.0,15220,16293,16,22,1073,722,672,89,1,11,0.003394865266284744,0.0046679397411415234,0.15319329514109908,0.14258434118395927,0.0002121790791427965,0.021217907914279653,4
4714.0,15223,16293,16,22,1070,722,672,89,1,11,0.0033941450997030122,0.004666949512091642,0.15316079762409843,0.14255409418752651,0.00021213406873143826,0.021213406873143825,4
4715.0,15226,16293,16,22,1067,723,672,89,1,11,0.003393425238600212,0.0046659597030752915,0.15334040296924709,0.1425238600212089,0.00021208907741251324,0.021208907741251327,4
4716.0,15229,16301,16,22,1072,723,673,89,1,11,0.0033927056827820186,0.004664970313825276,0.15330788804071246,0.14270568278201867,0.00021204410517387616,0.021204410517387615,4
4717.0,15232,16304,16,22,1072,723,673,89,1,11,0.0033919864320542717,0.004663981344074624,0.1532753868984524,0.1426754292982828,0.00021199915200339198,0.0211999152003392,4
4718.0,15235,16304,16,22,1069,723,673,89,1,11,0.003391267486222976,0.0046629927935565915,0.1532428995337007,0.14264518863925393,0.000211954217888936,0.0211954217888936,4
4719.0,15238,16304,16,22,1066,723,673,89,1,11,0.0033905488450943,0.004662004662004662,0.15321042593769865,0.142614960796779,0.00021190930281839374,0.02119093028183937,4
4720.0,15241,16304,16,22,1063,724,673,89,1,11,0.003389830508474576,0.004661016949152543,0.15338983050847457,0.14258474576271185,0.000211864406779661,0.0211864406779661,4
4721.0,15244,16312,16,22,1068,725,673,89,1,11,0.003389112476170303,0.004660029654734167,0.15356915907646684,0.14255454352891336,0.00021181952976064393,0.021181952976064393,4
4722.0,15247,16320,16,22,1073,726,673,89,1,11,0.0033883947479881405,0.004659042778483694,0.15374841168996187,0.14252435408725117,0.00021177467174925878,0.021177467174925878,4
4723.0,15250,16328,16,22,1078,726,673,90,1,11,0.0033876773237349143,0.004658056320135507,0.15371585856447173,0.14249417742959983,0.00021172983273343214,0.021384713106076647,4
4724.0,15253,16330,16,22,1077,726,673,90,1,11,0.003386960203217612,0.0046570702794242165,0.15368331922099915,0.1424640135478408,0.00021168501270110075,0.021380186282811176,4
4725.0,15256,16330,16,22,1074,726,673,90,1,11,0.0033862433862433864,0.004656084656084656,0.15365079365079365,0.14243386243386244,0.00021164021164021165,0.021375661375661374,4
4726.0,15259,16330,16,22,1071,726,673,90,1,11,0.0033855268726195515,0.004655099449851883,0.15361828184511214,0.14240372407955987,0.00021159542953872197,0.02137113838341092,4
4727.0,15262,16330,16,22,1068,726,673,90,1,11,0.0033848106621535857,0.0046541146604611805,0.15358578379521895,0.1423735984768352,0.0002115506663845991,0.02136661730484451,4
4728.0,15265,16330,16,22,1065,727,673,90,1,11,0.00338409475465313,0.004653130287648054,0.15376480541455162,0.1423434856175973,0.00021150592216582064,0.021362098138747884,4
4729.0,15268,16338,16,22,1070,727,674,90,1,11,0.0033833791499259885,0.004652146331148234,0.1537322901247621,0.14252484669063226,0.00021146119687037428,0.021357580883907802,4
4730.0,15271,16341,16,22,1070,728,674,90,1,11,0.0033826638477801266,0.004651162790697674,0.15391120507399578,0.14249471458773785,0.00021141649048625792,0.02135306553911205,4
4731.0,15274,16349,16,22,1075,728,675,90,1,11,0.0033819488480236735,0.004650179666032551,0.15387867258507715,0.14267596702599875,0.0002113718030014796,0.02134855210314944,4
4732.0,15277,16352,16,22,1075,728,675,90,1,11,0.0033812341504649195,0.004649196956889264,0.15384615384615385,0.1426458157227388,0.00021132713440405747,0.021344040574809806,4
4733.0,15280,16352,16,22,1072,728,676,90,1,11,0.003380519754912318,0.004648214663004437,0.15381364884851045,0.14282695964504544,0.00021128248468201986,0.021339530952884007,4
4734.0,15283,16355,16,22,1072,728,677,90,1,11,0.0033798056611744824,0.004647232784114913,0.15378115758343897,0.14300802703844528,0.00021123785382340515,0.02133502323616392,4
4735.0,15286,16358,16,22,1072,728,678,90,1,11,0.00337909186906019,0.004646251319957761,0.15374868004223866,0.14318901795142555,0.00021119324181626187,0.02133051742344245,4
4736.0,15289,16361,16,22,1072,729,678,90,1,11,0.0033783783783783786,0.0046452702702702705,0.15392736486486486,0.14315878378378377,0.00021114864864864866,0.021326013513513514,4
4737.0,15292,16369,16,22,1077,729,678,90,1,11,0.0033776651889381466,0.004644289634789952,0.1538948701709943,0.14312856238125396,0.00021110407430863416,0.02132151150517205,4
4738.0,15295,16369,16,22,1074,729,678,90,1,11,0.0033769523005487546,0.004643309413254538,0.15386238919375264,0.14309835373575347,0.00021105951878429716,0.021317011397214015,4
4739.0,15298,16369,16,22,1071,729,678,90,1,11,0.0033762397130196243,0.0046423296054019835,0.15382992192445663,0.1430681578392066,0.00021101498206372652,0.02131251318843638,4
4740.0,15301,16369,16,22,1068,729,678,90,1,11,0.0033755274261603376,0.004641350210970464,0.15379746835443037,0.14303797468354432,0.0002109704641350211,0.021308016877637132,4
4741.0,15304,16369,16,22,1065,729,678,90,1,11,0.003374815439780637,0.004640371229698376,0.15376502847500528,0.1430078042607045,0.0002109259649862898,0.02130352246361527,4
4742.0,15307,16369,16,22,1062,729,678,90,1,11,0.003374103753690426,0.004639392661324336,0.15373260227752003,0.1429776465626318,0.00021088148460565162,0.021299029945170814,4
4743.0,15310,16369,16,22,1059,729,678,90,1,11,0.003373392367699768,0.004638414505587181,0.15370018975332067,0.14294750158127767,0.0002108370229812355,0.021294539321104786,4
4744.0,15313,16369,16,22,1056,729,678,90,1,11,0.003372681281618887,0.00463743676222597,0.15366779089376054,0.14291736930860033,0.00021079258010118043,0.021290050590219226,4
4745.0,15316,16369,16,22,1053,729,678,90,1,11,0.0033719704952581667,0.004636459430979979,0.1536354056902002,0.1428872497365648,0.00021074815595363542,0.021285563751317176,4
4746.0,15319,16369,16,22,1050,729,678,90,1,11,0.00337126000842815,0.004635482511588706,0.15360303413400758,0.14285714285714285,0.00021070375052675939,0.021281078803202697,4
4747.0,15322,16369,16,22,1047,729,678,90,1,11,0.0033705498209395408,0.004634506003791869,0.15357067621655782,0.14282704866231305,0.0002106593638087213,0.02127659574468085,4
4748.0,15325,16369,16,22,1044,729,678,90,1,11,0.003369839932603201,0.004633529907329402,0.15353833192923336,0.14279696714406065,0.00021061499578770007,0.02127211457455771,4
4749.0,15328,16369,16,22,1041,730,678,90,1,11,0.0033691303432301536,0.004632554221941461,0.15371657190987575,0.14276689829437778,0.0002105706464518846,0.021267635291640344,4
4750.0,15331,16377,16,22,1046,730,678,90,1,11,0.003368421052631579,0.0046315789473684215,0.15368421052631578,0.14273684210526316,0.0002105263157894737,0.02126315789473684,4
4751.0,15334,16377,16,22,1043,730,679,90,1,11,0.003367712060618817,0.004630604083350874,0.15365186276573353,0.14291728057251105,0.00021048200378867606,0.021258682382656283,4
4752.0,15337,16380,16,22,1043,730,679,90,1,11,0.003367003367003367,0.004629629629629629,0.15361952861952863,0.1428872053872054,0.00021043771043771043,0.021254208754208755,4
4753.0,15340,16380,16,22,1040,730,679,90,1,11,0.003366294971596886,0.004628655585945719,0.15358720807910795,0.14285714285714285,0.00021039343572480537,0.021249737008205344,4
4754.0,15343,16380,16,22,1037,730,679,90,1,11,0.0033655868742111907,0.004627681952040387,0.15355490113588557,0.1428270929743374,0.00021034917963819942,0.02124526714345814,4
4755.0,15346,16380,16,22,1034,730,679,90,1,11,0.0033648790746582543,0.0046267087276551,0.15352260778128285,0.14279705573080967,0.0002103049421661409,0.02124079915878023,4
4756.0,15349,16380,16,22,1031,730,679,90,1,11,0.00336417157275021,0.004625735912531539,0.15349032800672835,0.14276703111858705,0.00021026072329688813,0.021236333052985702,4
4757.0,15352,16380,16,22,1028,730,680,90,1,11,0.0033634643682993485,0.004624763506411604,0.15345806180365776,0.1429472356527223,0.00021021652301870928,0.021231868824889637,4
4758.0,15355,16383,16,22,1028,731,680,90,1,11,0.003362757461118117,0.004623791509037411,0.15363598150483396,0.14291719209751996,0.0002101723413198823,0.021227406473308112,4
4759.0,15358,16391,16,22,1033,732,680,90,1,11,0.0033620508510191216,0.004622819920151292,0.1538138264341248,0.14288716116831268,0.0002101281781886951,0.021222945997058207,4
4760.0,15361,16399,16,22,1038,732,680,90,1,11,0.0033613445378151263,0.004621848739495798,0.15378151260504203,0.14285714285714285,0.0002100840336134454,0.021218487394957984,4
4761.0,15364,16399,16,22,1035,732,680,90,1,11,0.0033606385213190504,0.004620877966813695,0.15374921235034655,0.14282713715605966,0.00021003990758244065,0.021214030665826507,4
4762.0,15367,16399,16,22,1032,732,681,90,1,11,0.0033599328013439733,0.004619907601847963,0.15371692566148676,0.14300713985720287,0.00020999580008399833,0.02120957580848383,4
4763.0,15370,16402,16,22,1032,732,682,90,1,11,0.003359227377703128,0.004618937644341801,0.15368465252991811,0.14318706697459585,0.0002099517111064455,0.021205122821750997,4
4764.0,15373,16405,16,22,1032,733,682,90,1,11,0.0033585222502099076,0.004617968094038623,0.1538623005877414,0.1431570109151973,0.00020990764063811922,0.02120067170445004,4
4765.0,15376,16413,16,22,1037,734,682,90,1,11,0.0033578174186778592,0.004616998950682056,0.1540398740818468,0.14312696747114376,0.0002098635886673662,0.021196222455403986,4
4766.0,15379,16421,16,22,1042,734,682,90,1,11,0.003357112882920688,0.004616030214015947,0.15400755350398657,0.14309693663449433,0.000209819555182543,0.021191775073436843,4
4767.0,15382,16421,16,22,1039,734,682,90,1,11,0.003356408642752255,0.0046150618837843506,0.1539752464862597,0.14306691839731486,0.00020977554017201594,0.02118732955737361,4
4768.0,15385,16421,16,22,1036,734,683,90,1,11,0.003355704697986577,0.004614093959731544,0.15394295302013422,0.143246644295302,0.00020973154362416107,0.02118288590604027,4
4769.0,15388,16424,16,22,1036,734,683,90,1,11,0.003355001048437828,0.004613126441602013,0.15391067309708534,0.14321660725518975,0.00020968756552736424,0.021178444118263785,4
4770.0,15391,16424,16,22,1033,734,683,90,1,11,0.0033542976939203353,0.004612159329140462,0.1538784067085954,0.1431865828092243,0.00020964360587002095,0.021174004192872117,4
4771.0,15394,16424,16,22,1030,734,684,90,1,11,0.003353594634248585,0.004611192622091804,0.15384615384615385,0.14336617061412701,0.00020959966464053657,0.021169566128694195,4
4772.0,15397,16427,16,22,1030,734,684,90,1,11,0.003352891869237217,0.004610226320201173,0.15381391450125734,0.14333612740989102,0.00020955574182732607,0.021165129924559933,4
4773.0,15400,16427,16,22,1027,734,684,90,1,11,0.0033521893987010264,0.004609260423213911,0.1537816886654096,0.1433060967944689,0.00020951183741881415,0.02116069557930023,4
4774.0,15403,16427,16,22,1024,734,684,90,1,11,0.0033514872224549644,0.004608294930875576,0.15374947633012148,0.14327607875994972,0.00020946795140343527,0.021156263091746962,4
4775.0,15406,16427,16,22,1021,734,684,90,1,11,0.003350785340314136,0.004607329842931937,0.153717277486911,0.1432460732984293,0.0002094240837696335,0.021151832460732985,4
4776.0,15409,16427,16,22,1018,734,684,91,1,11,0.0033500837520938024,0.0046063651591289785,0.1536850921273032,0.14321608040201006,0.00020938023450586265,0.02135678391959799,4
4777.0,15412,16429,16,22,1017,734,685,91,1,11,0.0033493824576093785,0.004605400879212895,0.15365292024283023,0.14339543646640152,0.00020933640360058616,0.021352313167259787,4
4778.0,15415,16432,16,22,1017,734,686,91,1,11,0.0033486814566764337,0.0046044370029300966,0.1536207618250314,0.14357471745500208,0.0002092925910422771,0.021347844286312263,4
4779.0,15418,16435,16,22,1017,734,686,91,1,11,0.0033479807491106927,0.004603473530027202,0.15358861686545303,0.14354467461812095,0.0002092487968194183,0.021343377275580666,4
4780.0,15421,16435,16,22,1014,734,686,91,1,11,0.0033472803347280333,0.004602510460251046,0.15355648535564853,0.14351464435146444,0.00020920502092050208,0.021338912133891212,4
4781.0,15424,16435,16,22,1011,734,686,91,1,11,0.003346580213344489,0.004601547793348672,0.15352436728717841,0.14348462664714495,0.00020916126333403055,0.021334448860071114,4
4782.0,15427,16435,16,22,1008,734,687,91,1,11,0.003345880384776244,0.004600585529067336,0.1534922626516102,0.14366373902132998,0.00020911752404851526,0.02132998745294856,4
4783.0,15430,16438,16,22,1008,734,687,91,1,11,0.00334518084883964,0.004599623667154506,0.15346017144051852,0.14363370269705206,0.0002090738030524775,0.02132552791135271,4
4784.0,15433,16438,16,22,1005,734,687,91,1,11,0.0033444816053511705,0.00459866220735786,0.15342809364548496,0.1436036789297659,0.00020903010033444816,0.021321070234113712,4
4785.0,15436,16438,16,22,1002,734,687,91,1,11,0.003343782654127482,0.004597701149425287,0.15339602925809823,0.14357366771159874,0.0002089864158829676,0.021316614420062698,4
4786.0,15439,16438,16,22,999,734,687,91,1,11,0.003343083994985374,0.00459674049310489,0.15336397826995404,0.1435436690346845,0.0002089427496865859,0.02131216046803176,4
4787.0,15442,16438,16,22,996,734,687,91,1,11,0.0033423856277418006,0.004595780238144976,0.1533319406726551,0.14351368289116356,0.00020889910173386254,0.02130770837685398,4
4788.0,15445,16438,16,22,993,734,688,91,1,11,0.003341687552213868,0.004594820384294068,0.1532999164578112,0.14369256474519632,0.00020885547201336674,0.021303258145363407,4
4789.0,15448,16441,16,22,993,734,688,91,1,11,0.003340989768218835,0.0045938609313008975,0.15326790561703904,0.1436625600334099,0.00020881186051367718,0.021298809772395073,4
4790.0,15451,16441,16,22,990,734,688,91,1,11,0.003340292275574113,0.004592901878914405,0.15323590814196242,0.14363256784968684,0.00020876826722338206,0.02129436325678497,4
4791.0,15454,16441,16,22,987,735,688,91,1,11,0.0033395950740972655,0.00459194322688374,0.15341264871634314,0.14360258818618243,0.0002087246921310791,0.021289918597370068,4
4792.0,15457,16449,16,22,992,735,689,91,1,11,0.00333889816360601,0.004590984974958264,0.15338063439065108,0.14378130217028381,0.00020868113522537563,0.021285475792988316,4
4793.0,15460,16452,16,22,992,735,689,91,1,11,0.003338201543918214,0.004590027122887545,0.15334863342374297,0.1437513039849781,0.00020863759649488838,0.021281034842478615,4
4794.0,15463,16452,16,22,989,735,689,91,1,11,0.003337505214851898,0.00458906967042136,0.15331664580725907,0.14372131831455986,0.00020859407592824363,0.02127659574468085,4
4795.0,15466,16452,16,22,986,735,689,91,1,11,0.0033368091762252345,0.004588112617309697,0.15328467153284672,0.14369134515119916,0.00020855057351407716,0.021272158498435872,4
4796.0,15469,16452,16,22,983,735,689,91,1,11,0.003336113427856547,0.0045871559633027525,0.15325271059216014,0.14366138448707255,0.0002085070892410342,0.021267723102585488,4
4797.0,15472,16452,16,22,980,735,689,91,1,11,0.003335417969564311,0.004586199708150928,0.15322076297686055,0.14363143631436315,0.00020846362309776944,0.021263289555972485,4
4798.0,15475,16452,16,22,977,735,689,91,1,11,0.003334722801167153,0.004585243851604835,0.15318882867861608,0.14360150062526053,0.00020842017507294707,0.0212588578574406,4
4799.0,15478,16452,16,22,974,735,689,91,1,11,0.003334027922483851,0.004584288393415295,0.1531569076891019,0.14357157741196083,0.00020837674515524068,0.02125442800583455,4
4800.0,15481,16452,16,22,971,735,689,91,1,11,0.0033333333333333335,0.004583333333333333,0.153125,0.14354166666666668,0.00020833333333333335,0.02125,4
4801.0,15484,16452,16,22,968,735,689,91,1,11,0.0033326390335346803,0.0045823786711101855,0.15309310560299938,0.14351176838158716,0.00020828993959591752,0.021245573838783588,4
4802.0,15487,16452,16,22,965,735,689,91,1,11,0.003331945022907122,0.004581424406497293,0.15306122448979592,0.14348188254893796,0.00020824656393169514,0.0212411495210329,4
4803.0,15490,16452,16,22,962,735,689,91,1,11,0.0033312513012700396,0.004580470539246304,0.15302935665209244,0.14345200916094109,0.00020820320632937748,0.021236727045596503,4
4804.0,15493,16452,16,22,959,735,689,91,1,11,0.0033305578684429643,0.004579517069109076,0.15299750208159868,0.14342214820982516,0.00020815986677768527,0.021232306411323898,4
4805.0,15496,16452,16,22,956,735,689,91,1,11,0.0033298647242455777,0.004578563995837669,0.1529656607700312,0.1433922996878252,0.0002081165452653486,0.021227887617065556,4
4806.0,15499,16452,16,22,953,735,689,91,1,11,0.0033291718684977114,0.004577611319184353,0.15293383270911362,0.1433624635871827,0.00020807324178110696,0.02122347066167291,4
4807.0,15502,16452,16,22,950,735,689,91,1,11,0.0033284793010193467,0.004576659038901602,0.15290201789057625,0.1433326399001456,0.00020802995631370917,0.021219055543998337,4
4808.0,15505,16452,16,22,947,735,689,91,1,11,0.0033277870216306157,0.004575707154742097,0.1528702163061564,0.1433028286189684,0.00020798668885191348,0.021214642262895173,4
4809.0,15508,16452,16,22,944,735,689,91,1,11,0.0033270950301517986,0.004574755666458723,0.15283842794759825,0.14327302973591183,0.0002079434393844874,0.021210230817217717,4
4810.0,15511,16452,16,22,941,735,689,91,1,11,0.0033264033264033266,0.004573804573804574,0.15280665280665282,0.14324324324324325,0.0002079002079002079,0.021205821205821207,4
4811.0,15514,16452,16,22,938,736,689,91,1,11,0.0033257119102057782,0.004572853876532945,0.1529827478694658,0.14321346913323632,0.00020785699438786114,0.02120141342756184,4
4812.0,15517,16460,16,22,943,736,689,91,1,11,0.0033250207813798837,0.00457190357439734,0.15295095594347466,0.14318370739817124,0.00020781379883624273,0.02119700748129676,4
4813.0,15520,16460,16,22,940,736,689,91,1,11,0.0033243299397465197,0.004570953667151465,0.15291917722833992,0.1431539580303345,0.00020777062123415748,0.021192603365884063,4
4814.0,15523,16460,16,22,937,736,689,91,1,11,0.0033236393851267137,0.004570004154549232,0.15288741171582884,0.1431242210220191,0.0002077274615704196,0.0211882010801828,4
4815.0,15526,16460,16,22,934,737,689,91,1,11,0.0033229491173416407,0.004569055036344756,0.15306334371754932,0.1430944963655244,0.00020768431983385254,0.02118380062305296,4
4816.0,15529,16468,16,22,939,737,690,91,1,11,0.0033222591362126247,0.004568106312292359,0.15303156146179403,0.14327242524916944,0.00020764119601328904,0.02117940199335548,4
4817.0,15532,16471,16,22,939,738,690,91,1,11,0.003321569441561138,0.004567157982146564,0.15320739049200746,0.14324268216732405,0.00020759809009757111,0.021175005189952252,4
4818.0,15535,16479,16,22,944,738,690,91,1,11,0.0033208800332088003,0.0045662100456621,0.15317559153175592,0.1432129514321295,0.00020755500207555002,0.021170610211706103,4
4819.0,15538,16479,16,22,941,739,690,91,1,11,0.0033201909109773814,0.004565262502593899,0.1533513177007678,0.14318323303589955,0.00020751193193608634,0.021166217057480806,4
4820.0,15541,16487,16,22,946,739,690,91,1,11,0.0033195020746887966,0.004564315352697096,0.1533195020746888,0.14315352697095435,0.0002074688796680498,0.02116182572614108,4
4821.0,15544,16487,16,22,943,739,690,91,1,11,0.003318813524165111,0.0045633685957270275,0.15328769964737607,0.1431238332296204,0.00020742584526031943,0.021157436216552583,4
4822.0,15547,16487,16,22,940,739,691,91,1,11,0.0033181252592285357,0.004562422231439237,0.153255910410618,0.14330153463293238,0.00020738282870178348,0.021153048527581916,4
4823.0,15550,16490,16,22,940,739,691,91,1,11,0.0033174372797014308,0.004561476259589467,0.15322413435620982,0.14327182251710555,0.00020733982998133942,0.02114866265809662,4
4824.0,15553,16490,16,22,937,739,692,91,1,11,0.003316749585406302,0.004560530679933665,0.15319237147595358,0.14344941956882257,0.00020729684908789387,0.021144278606965175,4
4825.0,15556,16493,16,22,937,739,692,91,1,11,0.003316062176165803,0.004559585492227979,0.15316062176165804,0.143419689119171,0.0002072538860103627,0.021139896373056993,4
4826.0,15559,16493,16,22,934,739,692,91,1,11,0.003315375051802735,0.0045586406962287605,0.15312888520513884,0.1433899709904683,0.00020721094073767094,0.021135515955242438,4
4827.0,15562,16493,16,22,931,740,692,91,1,11,0.0033146882121400456,0.0045576962916925624,0.1533043298114771,0.14336026517505698,0.00020716801325875285,0.02113113735239279,4
4828.0,15565,16501,16,22,936,741,692,91,1,11,0.0033140016570008283,0.004556752278376139,0.15347970173985087,0.14333057166528584,0.00020712510356255177,0.02112676056338028,4
4829.0,15568,16509,16,22,941,741,692,91,1,11,0.0033133153862083247,0.004555808656036446,0.15344791882377304,0.14330089045351005,0.0002070822116380203,0.02112238558707807,4
4830.0,15571,16509,16,22,938,741,692,91,1,11,0.0033126293995859213,0.004554865424430642,0.153416149068323,0.1432712215320911,0.00020703933747412008,0.02111801242236025,4
4831.0,15574,16509,16,22,935,741,692,91,1,11,0.0033119436969571516,0.004553922583316084,0.1533843924653281,0.14324156489339682,0.00020699648105982198,0.021113641068101843,4
4832.0,15575,16509,17,22,934,741,692,91,1,11,0.0035182119205298015,0.004552980132450331,0.15335264900662252,0.14321192052980133,0.00020695364238410596,0.021109271523178808,4
4833.0,15594,16621,17,22,1027,741,692,91,1,11,0.0035174839644113386,0.004552038071591144,0.15332091868404718,0.14318228843368508,0.0002069108214359611,0.02110490378646803,4
4834.0,15595,16621,17,23,1026,741,692,91,1,11,0.003516756309474555,0.004757964418700869,0.15328920148944974,0.14315266859743483,0.0002068680182043856,0.021100537856847332,4
4835.0,15640,16915,17,23,1275,741,692,91,1,11,0.003516028955532575,0.004756980351602895,0.15325749741468458,0.14312306101344363,0.00020682523267838676,0.021096173733195448,4
4836.0,15643,16915,17,23,1272,741,692,91,1,11,0.003515301902398677,0.004755996691480562,0.1532258064516129,0.14309346567411083,0.00020678246484698098,0.02109181141439206,4
4837.0,15646,16915,17,23,1269,742,692,91,1,11,0.0035145751498862933,0.0047550134380814554,0.15340086830680175,0.14306388257184205,0.0002067397146991937,0.02108745089931776,4
4838.0,15649,16923,17,23,1274,743,692,91,1,11,0.003513848697809012,0.0047540305911533695,0.15357585779247623,0.1430343116990492,0.00020669698222405952,0.02108309218685407,4
4839.0,15652,16931,17,23,1279,744,692,91,1,11,0.0035131225459805746,0.0047530481504443065,0.15375077495350278,0.14300475304815044,0.00020665426741062204,0.021078735275883446,4
4840.0,15655,16939,17,23,1284,745,692,91,1,11,0.0035123966942148762,0.004752066115702479,0.15392561983471073,0.14297520661157026,0.00020661157024793388,0.021074380165289255,4
4841.0,15658,16947,17,23,1289,745,692,91,1,11,0.0035116711423259657,0.004751084486676307,0.15389382359016732,0.1429456723817393,0.0002065688907250568,0.021070026853955794,4
4842.0,15661,16947,17,23,1286,745,692,91,1,11,0.003510945890128046,0.004750103263114415,0.15386204047914084,0.1429161503510946,0.00020652622883106156,0.021065675340768277,4
4843.0,15664,16947,17,23,1283,745,693,91,1,11,0.003510220937435474,0.004749122444765641,0.15383027049349576,0.14309312409663433,0.00020648358455502787,0.021061325624612843,4
4844.0,15667,16950,17,23,1283,745,693,91,1,11,0.003509496284062758,0.004748142031379026,0.15379851362510322,0.1430635838150289,0.00020644095788604458,0.021056977704376548,4
4845.0,15670,16950,17,23,1280,745,693,91,1,11,0.0035087719298245615,0.004747162022703818,0.15376676986584106,0.14303405572755418,0.0002063983488132095,0.021052631578947368,4
4846.0,15673,16950,17,23,1277,745,693,91,1,11,0.0035080478745356997,0.0047461824184894755,0.1537350392075939,0.14300453982666117,0.0002063557573256294,0.021048287247214196,4
4847.0,15676,16950,17,23,1274,745,693,91,1,11,0.003507324118011141,0.004745203218485661,0.15370332164225295,0.1429750361048071,0.00020631318341242006,0.021043944708066847,4
4848.0,15679,16950,17,23,1271,746,693,91,1,11,0.0035066006600660065,0.004744224422442244,0.15387788778877887,0.14294554455445543,0.00020627062706270627,0.02103960396039604,4
4849.0,15682,16958,17,23,1276,746,693,92,1,11,0.00350587750051557,0.004743246030109301,0.15384615384615385,0.1429160651680759,0.00020622808826562179,0.021241493091359042,4
4850.0,15685,16960,17,23,1275,746,693,92,1,11,0.0035051546391752578,0.0047422680412371136,0.15381443298969072,0.14288659793814432,0.0002061855670103093,0.021237113402061854,4
4851.0,15688,16960,17,23,1272,746,693,92,1,11,0.0035044320758606472,0.00474129045557617,0.15378272521129663,0.14285714285714285,0.00020614306328592042,0.021232735518449803,4
4852.0,15691,16960,17,23,1269,746,694,92,1,11,0.003503709810387469,0.004740313272877164,0.1537510305028854,0.14303380049464137,0.00020610057708161583,0.02122835943940643,4
4853.0,15694,16963,17,23,1269,746,695,92,1,11,0.0035029878425716053,0.004739336492890996,0.1537193488563775,0.14321038532866268,0.000206058108386565,0.021223985163816197,4
4854.0,15697,16966,17,23,1269,747,695,92,1,11,0.0035022661722290895,0.004738360115368768,0.15389369592089,0.14318088174701277,0.00020601565718994644,0.021219612690564483,4
4855.0,15700,16974,17,23,1274,747,695,92,1,11,0.003501544799176107,0.004737384140061792,0.15386199794026775,0.1431513903192585,0.00020597322348094748,0.02121524201853759,4
4856.0,15703,16974,17,23,1271,747,695,92,1,11,0.003500823723228995,0.004736408566721581,0.15383031301482702,0.14312191103789126,0.00020593080724876442,0.021210873146622736,4
4857.0,15706,16974,17,23,1268,747,695,92,1,11,0.0035001029442042414,0.004735433395099856,0.15379864113650402,0.14309244389540868,0.00020588840848260242,0.02120650607370805,4
4858.0,15709,16974,17,23,1265,747,696,92,1,11,0.003499382461918485,0.004734458624948539,0.15376698229724167,0.1432688349114862,0.0002058460271716756,0.021202140798682587,4
4859.0,15712,16977,17,23,1265,747,696,92,1,11,0.003498662276188516,0.004733484256019757,0.15373533648898952,0.14323934966042395,0.00020580366330520683,0.021197777320436303,4
4860.0,15715,16977,17,23,1262,747,696,92,1,11,0.0034979423868312758,0.004732510288065843,0.1537037037037037,0.14320987654320988,0.00020576131687242798,0.02119341563786008,4
4861.0,15718,16977,17,23,1259,747,696,92,1,11,0.003497222793663855,0.004731536720839333,0.15367208393334705,0.14318041555235547,0.0002057189878625797,0.02118905574984571,4
4862.0,15721,16977,17,23,1256,747,696,92,1,11,0.0034965034965034965,0.004730563554092966,0.15364047716988893,0.14315096668037844,0.00020567667626491157,0.02118469765528589,4
4863.0,15724,16977,17,23,1253,747,696,92,1,11,0.003495784495167592,0.004729590787579683,0.15360888340530537,0.1431215299198026,0.00020563438206868187,0.021180341353074235,4
4864.0,15727,16977,17,23,1250,747,696,92,1,11,0.0034950657894736842,0.0047286184210526315,0.15357730263157895,0.14309210526315788,0.00020559210526315788,0.021175986842105265,4
4865.0,15730,16977,17,23,1247,747,696,92,1,11,0.0034943473792394654,0.00472764645426516,0.15354573484069886,0.14306269270298047,0.00020554984583761563,0.02117163412127441,4
4866.0,15733,16977,17,23,1244,747,696,92,1,11,0.0034936292642827787,0.004726674886970818,0.1535141800246609,0.14303329223181258,0.0002055076037813399,0.02116728318947801,4
4867.0,15736,16977,17,23,1241,748,696,92,1,11,0.003492911444421615,0.004725703718923361,0.15368810355455106,0.1430039038422026,0.0002054653790836244,0.021162934045613313,4
4868.0,15739,16985,17,23,1246,748,696,92,1,11,0.003492193919474117,0.004724732949876746,0.15365653245686114,0.142974527526705,0.00020542317173377156,0.021158586688578472,4
4869.0,15742,16985,17,23,1243,748,696,92,1,11,0.0034914766892585746,0.00472376257958513,0.1536249743273773,0.14294516327788045,0.00020538098172109262,0.02115424111727254,4
4870.0,15745,16985,17,23,1240,748,696,92,1,11,0.003490759753593429,0.004722792607802875,0.1535934291581109,0.14291581108829568,0.0002053388090349076,0.021149897330595482,4
4871.0,15748,16985,17,23,1237,749,696,92,1,11,0.0034900431122972695,0.004721823034284541,0.15376719359474442,0.1428864709505235,0.00020529665366454526,0.021145555327448162,4
4872.0,15751,16993,17,23,1242,749,696,92,1,11,0.0034893267651888342,0.004720853858784894,0.15373563218390804,0.14285714285714285,0.00020525451559934318,0.021141215106732347,4
4873.0,15754,16993,17,23,1239,750,696,92,1,11,0.00348861071208701,0.004719885081058896,0.15390929612148574,0.14282782680073877,0.00020521239482864764,0.02113687666735071,4
4874.0,15757,17001,17,23,1244,750,696,92,1,11,0.003487894952810833,0.004718916700861715,0.15387771850636028,0.14279852277390234,0.0002051702913418137,0.021132540008206812,4
4875.0,15760,17001,17,23,1241,750,697,92,1,11,0.0034871794871794873,0.004717948717948718,0.15384615384615385,0.14297435897435898,0.00020512820512820512,0.021128205128205128,4
4876.0,15763,17004,17,23,1241,750,698,92,1,11,0.003486464315012305,0.0047169811320754715,0.15381460213289583,0.1431501230516817,0.00020508613617719443,0.021123872026251024,4
4877.0,15766,17007,17,23,1241,751,698,92,1,11,0.003485749436128768,0.004716013942997745,0.15398810744310026,0.14312077096575765,0.0002050440844781628,0.02111954070125077,4
4878.0,15769,17015,17,23,1246,751,698,92,1,11,0.0034850348503485036,0.004715047150471505,0.15395653956539565,0.14309143091430915,0.0002050020500205002,0.02111521115211152,4
4879.0,15772,17015,17,23,1243,751,698,92,1,11,0.003484320557491289,0.00471408075425292,0.15392498462799753,0.14306210288993645,0.00020496003279360525,0.021110883377741342,4
4880.0,15775,17015,17,23,1240,751,699,92,1,11,0.0034836065573770492,0.004713114754098361,0.15389344262295082,0.14323770491803278,0.00020491803278688525,0.02110655737704918,4
4881.0,15778,17018,17,23,1240,751,699,92,1,11,0.0034828928498258555,0.004712149149764392,0.1538619135423069,0.1432083589428396,0.0002048760499897562,0.02110223314894489,4
4882.0,15781,17018,17,23,1237,751,700,92,1,11,0.003482179434657927,0.004711183941007784,0.1538303973781237,0.14338385907414994,0.00020483408439164277,0.021097910692339204,4
4883.0,15784,17021,17,23,1237,751,700,92,1,11,0.003481466311693631,0.004710219127585501,0.1537988941224657,0.1433544951873848,0.00020479213598197828,0.021093590006143765,4
4884.0,15787,17021,17,23,1234,751,700,92,1,11,0.003480753480753481,0.004709254709254709,0.15376740376740378,0.14332514332514332,0.00020475020475020476,0.02108927108927109,4
4885.0,15790,17021,17,23,1231,751,700,92,1,11,0.003480040941658137,0.004708290685772774,0.15373592630501534,0.14329580348004095,0.00020470829068577277,0.021084953940634595,4
4886.0,15793,17021,17,23,1228,751,701,92,1,11,0.0034793286942284077,0.004707327056897258,0.15370446172738436,0.14347114203847727,0.00020466639377814163,0.021080638559148587,4
4887.0,15796,17024,17,23,1228,751,701,92,1,11,0.0034786167382852467,0.004706363822385922,0.1536730100266012,0.14344178432576224,0.0002046245140167792,0.02107632494372826,4
4888.0,15799,17024,17,23,1225,751,701,92,1,11,0.0034779050736497546,0.004705400981996726,0.15364157119476268,0.14341243862520459,0.00020458265139116204,0.02107201309328969,4
4889.0,15802,17024,17,23,1222,751,702,92,1,11,0.0034771937001431786,0.0047044385354878294,0.15361014522397218,0.1435876457353242,0.00020454080589077522,0.021067703006749847,4
4890.0,15805,17027,17,23,1222,751,702,92,1,11,0.003476482617586912,0.004703476482617587,0.15357873210633946,0.14355828220858896,0.00020449897750511248,0.021063394683026586,4
4891.0,15808,17027,17,23,1219,751,702,92,1,11,0.0034757718258024944,0.004702514823144551,0.15354733183398078,0.14352893068902065,0.00020445716622367614,0.02105908812103864,4
4892.0,15811,17027,17,23,1216,752,702,92,1,11,0.003475061324611611,0.004701553556827474,0.15372035977105478,0.14349959116925592,0.0002044153720359771,0.02105478331970564,4
4893.0,15814,17035,17,23,1221,752,702,92,1,11,0.0034743511138360926,0.0047005926834253016,0.15368894338851422,0.14347026364193746,0.00020437359493153485,0.021050480277948088,4
4894.0,15817,17035,17,23,1218,752,703,92,1,11,0.003473641193297916,0.00469963220269718,0.1536575398447078,0.14364527993461382,0.0002043318348998774,0.021046178994687373,4
4895.0,15820,17038,17,23,1218,752,703,92,1,11,0.0034729315628192034,0.004698672114402451,0.15362614913176711,0.1436159346271706,0.00020429009193054137,0.02104187946884576,4
4896.0,15823,17038,17,23,1215,752,703,92,1,11,0.003472222222222222,0.004697712418300653,0.15359477124183007,0.14358660130718953,0.0002042483660130719,0.021037581699346407,4
4897.0,15826,17038,17,23,1212,753,703,92,1,11,0.0034715131713293854,0.004696753114151521,0.15376761282417806,0.14355727996732692,0.00020420665713702266,0.021033285685113336,4
4898.0,15829,17046,17,23,1217,754,703,92,1,11,0.0034708044099632505,0.0046957942017149855,0.15394038383013475,0.143527970600245,0.0002041649652919559,0.021028991425071458,4
4899.0,15832,17054,17,23,1222,754,703,92,1,11,0.00347009593794652,0.004694835680751174,0.15390896101245152,0.14349867319861195,0.00020412329046744235,0.02102469891814656,4
4900.0,15835,17054,17,23,1219,754,703,92,1,11,0.0034693877551020408,0.004693877551020408,0.15387755102040818,0.14346938775510204,0.00020408163265306123,0.021020408163265305,4
4901.0,15838,17054,17,23,1216,754,704,92,1,11,0.0034686798612528057,0.004692919812283207,0.15384615384615385,0.14364415425423382,0.00020403999183840033,0.021016119159355234,4
4902.0,15841,17057,17,23,1216,754,704,92,1,11,0.00346797225622195,0.004691962464300286,0.15381476948184414,0.14361485108119135,0.0002039983680130559,0.021011831905344756,4
4903.0,15844,17057,17,23,1213,754,704,92,1,11,0.0034672649398327553,0.0046910055068325514,0.15378339791964105,0.14358555986130941,0.00020395676116663266,0.021007546400163165,4
4904.0,15847,17057,17,23,1210,754,705,92,1,11,0.003466557911908646,0.004690048939641109,0.1537520391517129,0.14376019575856444,0.0002039151712887439,0.02100326264274062,4
4905.0,15850,17060,17,23,1210,755,705,92,1,11,0.0034658511722731908,0.004689092762487258,0.15392456676860347,0.1437308868501529,0.00020387359836901122,0.020998980632008155,4
4906.0,15853,17068,17,23,1215,756,705,92,1,11,0.003465144720750102,0.004688136975132491,0.154097024052181,0.1437015898899307,0.00020383204239706482,0.020994700366897677,4
4907.0,15856,17076,17,23,1220,756,705,92,1,11,0.0034644385571632364,0.004687181577338496,0.15406562054208273,0.14367230487059304,0.0002037905033625433,0.02099042184634196,4
4908.0,15859,17076,17,23,1217,756,705,92,1,11,0.0034637326813365932,0.004686226568867156,0.15403422982885084,0.14364303178484109,0.00020374898125509371,0.020986145069274653,4
4909.0,15862,17076,17,23,1214,756,705,92,1,11,0.0034630270930943166,0.004685271949480546,0.1540028519046649,0.14361377062538194,0.00020370747606437156,0.02098187003463027,4
4910.0,15865,17076,17,23,1211,756,705,92,1,11,0.0034623217922606924,0.004684317718940937,0.1539714867617108,0.14358452138492872,0.00020366598778004074,0.020977596741344195,4
4911.0,15868,17076,17,23,1208,756,705,92,1,11,0.0034616167786601505,0.004683363877010792,0.15394013439218082,0.14355528405620036,0.00020362451639177357,0.020973325188352678,4
4912.0,15871,17076,17,23,1205,756,705,92,1,11,0.0034609120521172636,0.004682410423452769,0.15390879478827363,0.14352605863192183,0.00020358306188925082,0.020969055374592833,4
4913.0,15874,17076,17,23,1202,756,706,92,1,11,0.0034602076124567475,0.004681457358029717,0.15387746794219417,0.1437003867290861,0.0002035416242621616,0.020964787299002648,4
4914.0,15877,17079,17,23,1202,756,706,92,1,11,0.0034595034595034596,0.004680504680504681,0.15384615384615385,0.14367114367114367,0.0002035002035002035,0.02096052096052096,4
4915.0,15880,17079,17,23,1199,756,706,92,1,11,0.0034587995930824007,0.0046795523906408955,0.15381485249237029,0.14364191251271619,0.0002034587995930824,0.020956256358087486,4
4916.0,15883,17079,17,23,1196,757,706,92,1,11,0.0034580960130187145,0.00467860048820179,0.15398698128559804,0.1436126932465419,0.0002034174125305126,0.0209519934906428,4
4917.0,15886,17087,17,23,1201,757,706,92,1,11,0.0034573927191376857,0.004677648972950987,0.1539556640227781,0.14358348586536507,0.0002033760423022168,0.02094773235712833,4
4918.0,15889,17087,17,23,1198,757,706,92,1,11,0.0034566897112647418,0.004676697844652297,0.15392435949572997,0.14355429036193573,0.00020333468889792598,0.020943472956486377,4
4919.0,15892,17087,17,23,1195,757,706,92,1,11,0.0034559869892254523,0.00467574710306973,0.15389306769668631,0.14352510672900995,0.00020329335230737954,0.020939215287660094,4
4920.0,15895,17087,17,23,1192,757,706,92,1,11,0.0034552845528455283,0.00467479674796748,0.15386178861788619,0.1434959349593496,0.0002032520325203252,0.020934959349593496,4
4921.0,15898,17087,17,23,1189,757,706,92,1,11,0.003454582401950823,0.004673846779109937,0.15383052225157487,0.14346677504572242,0.000203210729526519,0.020930705141231458,4
4922.0,15901,17087,17,23,1186,757,706,92,1,11,0.00345388053636733,0.004672897196261682,0.15379926859000406,0.14343762698090207,0.0002031694433157253,0.02092645266151971,4
4923.0,15904,17087,17,23,1183,758,706,92,1,11,0.0034531789559211863,0.004671947999187487,0.15397115579930937,0.1434084907576681,0.00020312817387771684,0.020922201909404834,4
4924.0,15907,17095,17,23,1188,758,706,92,1,11,0.0034524776604386675,0.004670999187652315,0.15393988627132413,0.14337936636880586,0.00020308692120227456,0.02091795288383428,4
4925.0,15910,17095,17,23,1185,758,706,92,1,11,0.0034517766497461928,0.0046700507614213195,0.15390862944162437,0.1433502538071066,0.0002030456852791878,0.020913705583756347,4
4926.0,15913,17095,17,23,1182,758,706,92,1,11,0.003451075923670321,0.004669102720259845,0.15387738530247666,0.14332115306536744,0.00020300446609825416,0.02090946000812018,4
4927.0,15916,17095,17,23,1179,759,706,92,1,11,0.003450375482037751,0.004668155063933428,0.15404911710980312,0.1432920641363913,0.00020296326364927948,0.020905216155875785,4
4928.0,15919,17103,17,23,1184,759,706,92,1,11,0.0034496753246753245,0.004667207792207792,0.15401785714285715,0.143262987012987,0.00020292207792207794,0.020900974025974024,4
4929.0,15922,17103,17,23,1181,759,706,92,1,11,0.003448975451410022,0.004666260904848854,0.15398660986001217,0.14323392168796917,0.0002028809089064719,0.020896733617366606,4
4930.0,15925,17103,17,23,1178,759,706,93,1,11,0.0034482758620689655,0.004665314401622718,0.1539553752535497,0.14320486815415823,0.00020283975659229209,0.021095334685598377,4
4931.0,15928,17105,17,23,1177,759,706,93,1,11,0.003447576556479416,0.00466436828229568,0.15392415331575746,0.14317582640438045,0.00020279862096937742,0.02109105658081525,4
4932.0,15931,17105,17,23,1174,759,706,93,1,11,0.0034468775344687753,0.004663422546634225,0.15389294403892945,0.14314679643146797,0.00020275750202757503,0.021086780210867802,4
4933.0,15934,17105,17,23,1171,759,706,93,1,12,0.0034461787958645854,0.004662477194405028,0.1538617474153659,0.14311777822825866,0.00020271639975674033,0.021285221974457733,4
4934.0,15935,17106,17,23,1171,759,706,93,1,12,0.003445480340494528,0.004661532225374949,0.15383056343737334,0.14308877178759627,0.00020267531414673692,0.02128090798540738,4
4935.0,15936,17106,18,23,1170,759,706,93,1,12,0.00364741641337386,0.004660587639311043,0.15379939209726443,0.14305977710233028,0.00020263424518743666,0.02127659574468085,4
4936.0,15955,17221,18,23,1266,759,706,93,1,12,0.003646677471636953,0.004659643435980551,0.15376823338735818,0.14303079416531606,0.0002025931928687196,0.02127228525121556,4
4937.0,15958,17221,18,23,1263,759,706,93,1,12,0.0036459388292485314,0.004658699615150901,0.15373708729997976,0.14300182296941463,0.00020255215718047398,0.02126797650394977,4
4938.0,15961,17221,18,23,1260,759,706,93,1,12,0.0036452004860267314,0.004657756176589712,0.15370595382746052,0.14297286350749291,0.0002025111381125962,0.0212636695018226,4
4939.0,15964,17221,18,23,1257,759,706,93,1,12,0.003644462441789836,0.004656813120064791,0.15367483296213807,0.14294391577242357,0.00020247013565499088,0.021259364243774042,4
4940.0,15967,17221,18,23,1254,759,707,93,1,12,0.0036437246963562753,0.00465587044534413,0.1536437246963563,0.1431174089068826,0.00020242914979757084,0.02125506072874494,4
4941.0,15970,17224,18,23,1254,759,707,93,1,12,0.0036429872495446266,0.004654928152195912,0.15361262902246509,0.14308844363489173,0.00020238818053025704,0.021250758955676987,4
4942.0,15973,17224,18,23,1251,759,707,93,1,12,0.003642250101173614,0.0046539862403885066,0.15358154593282072,0.14305949008498584,0.00020234722784297855,0.021246458923512748,4
4943.0,15976,17224,18,23,1248,759,707,93,1,12,0.003641513251062108,0.004653044709690472,0.15355047541978556,0.14303054825005057,0.00020230629172567267,0.02124216063119563,4
4944.0,15979,17224,18,23,1245,759,707,93,1,12,0.0036407766990291263,0.00465210355987055,0.15351941747572814,0.14300161812297735,0.0002022653721682848,0.021237864077669904,4
4945.0,15982,17224,18,23,1242,759,707,93,1,12,0.003640040444893832,0.004651162790697674,0.15348837209302327,0.1429726996966633,0.00020222446916076846,0.021233569261880688,4
4946.0,15985,17224,18,23,1239,759,708,93,1,12,0.003639304488475536,0.004650222401940962,0.15345733926405175,0.1431459765467044,0.0002021835826930853,0.021229276182773957,4
4947.0,15988,17227,18,23,1239,759,708,93,1,12,0.0036385688295936932,0.004649282393369719,0.15342631898120074,0.14311704063068525,0.00020214271275520516,0.021224984839296544,4
4948.0,15991,17227,18,23,1236,760,708,93,1,12,0.003637833468067906,0.004648342764753436,0.15359741309620048,0.14308811641067098,0.0002021018593371059,0.02122069523039612,4
4949.0,15994,17235,18,23,1241,760,708,93,1,12,0.003637098403717923,0.00464740351586179,0.15356637704586784,0.14305920387957163,0.00020206102242877348,0.021216407355021217,4
4950.0,15997,17235,18,23,1238,760,708,93,1,12,0.0036363636363636364,0.004646464646464647,0.15353535353535352,0.14303030303030304,0.00020202020202020202,0.021212121212121213,4
4951.0,16000,17235,18,23,1235,760,708,93,1,12,0.003635629165825086,0.004645526156332054,0.1535043425570592,0.1430014138557867,0.00020197939810139365,0.021207836800646335,4
4952.0,16003,17235,18,23,1232,760,708,93,1,12,0.0036348949919224557,0.0046445880452342485,0.15347334410339256,0.1429725363489499,0.00020193861066235866,0.021203554119547656,4
4953.0,16006,17235,18,23,1229,760,708,93,1,12,0.0036341611144760752,0.004643650312941652,0.15344235816676763,0.14294367050272563,0.0002018978396931153,0.021199273167777106,4
4954.0,16009,17235,18,23,1226,760,708,93,1,12,0.0036334275333064193,0.004642712959224869,0.15341138473960436,0.14291481631005248,0.00020185708518368994,0.021194993944287446,4
4955.0,16012,17235,18,23,1223,760,708,93,1,12,0.003632694248234107,0.004641775983854692,0.15338042381432895,0.14288597376387488,0.00020181634712411706,0.02119071644803229,4
4956.0,16015,17235,18,23,1220,761,708,93,1,12,0.0036319612590799033,0.004640839386602098,0.15355125100887812,0.14285714285714285,0.00020177562550443906,0.0211864406779661,4
4957.0,16018,17243,18,23,1225,762,708,93,1,12,0.0036312285656647167,0.004639903167238249,0.15372200927980634,0.1428283235828122,0.00020173492031470649,0.02118216663304418,4
4958.0,16021,17251,18,23,1230,762,708,93,1,12,0.003630496167809601,0.00463896732553449,0.1536910044372731,0.1427995159338443,0.0002016942315449778,0.02117789431222267,4
4959.0,16024,17251,18,23,1227,762,708,93,1,12,0.003629764065335753,0.004638031861262351,0.15366001209921354,0.14277071990320628,0.00020165355918531962,0.02117362371445856,4
4960.0,16027,17251,18,23,1224,762,708,93,1,12,0.0036290322580645163,0.004637096774193548,0.1536290322580645,0.14274193548387096,0.00020161290322580645,0.021169354838709676,4
4961.0,16030,17251,18,23,1221,762,708,93,1,12,0.0036283007458173754,0.00463616206409998,0.1535980649062689,0.14271316266881678,0.00020157226365652087,0.02116508768393469,4
4962.0,16033,17251,18,23,1218,762,708,93,1,12,0.0036275695284159614,0.004635227730753728,0.15356711003627568,0.14268440145102781,0.00020153164046755341,0.021160822249093107,4
4963.0,16036,17251,18,23,1215,763,708,93,1,12,0.0036268386056820473,0.00463429377392706,0.153737658674189,0.14265565182349385,0.00020149103364900262,0.021156558533145273,4
4964.0,16039,17259,18,23,1220,763,708,93,1,12,0.0036261079774375505,0.004633360193392426,0.15370668815471394,0.1426269137792103,0.000201450443190975,0.02115229653505238,4
4965.0,16042,17259,18,23,1217,763,708,93,1,12,0.0036253776435045317,0.004632426988922457,0.15367573011077543,0.14259818731117824,0.0002014098690835851,0.021148036253776436,4
4966.0,16045,17259,18,23,1214,763,708,93,1,12,0.003624647603705195,0.004631494160289972,0.1536447845348369,0.14256947241240436,0.0002013693113169553,0.021143777688280307,4
4967.0,16048,17259,18,23,1211,763,708,93,1,12,0.0036239178578618887,0.004630561707267968,0.15361385141936781,0.14254076907590094,0.00020132876988121604,0.02113952083752768,4
4968.0,16051,17259,18,23,1208,763,708,93,1,12,0.0036231884057971015,0.004629629629629629,0.1535829307568438,0.14251207729468598,0.00020128824476650564,0.021135265700483092,4
4969.0,16054,17259,18,23,1205,763,708,93,1,12,0.0036224592473334677,0.004628697927148319,0.15355202253974642,0.14248339706178306,0.0002012477359629704,0.021131012276111895,4
4970.0,16057,17259,18,23,1202,763,709,93,1,12,0.0036217303822937627,0.004627766599597585,0.15352112676056337,0.1426559356136821,0.00020120724346076458,0.02112676056338028,4
4971.0,16060,17262,18,23,1202,764,709,93,1,12,0.003621001810500905,0.004626835646751157,0.15369141017903842,0.14262723798028565,0.0002011667672500503,0.02112251056125528,4
4972.0,16063,17270,18,23,1207,765,709,93,1,12,0.0036202735317779565,0.004625905068382945,0.15386162510056314,0.1425985518905873,0.00020112630732099757,0.021118262268704748,4
4973.0,16066,17278,18,23,1212,765,709,93,1,12,0.0036195455459481197,0.004624974864267042,0.1538306857027951,0.14256987733762316,0.00020108586366378444,0.021114015684697365,4
4974.0,16069,17278,18,23,1209,765,709,93,1,12,0.0036188178528347406,0.004624045034177724,0.15379975874547647,0.14254121431443506,0.0002010454362685967,0.021109770808202654,4
4975.0,16072,17278,18,23,1206,765,709,93,1,12,0.0036180904522613066,0.004623115577889447,0.15376884422110554,0.14251256281407035,0.00020100502512562814,0.021105527638190954,4
4976.0,16075,17278,18,23,1203,765,709,93,1,12,0.003617363344051447,0.004622186495176849,0.1537379421221865,0.142483922829582,0.00020096463022508038,0.02110128617363344,4
4977.0,16078,17278,18,23,1200,765,709,93,1,12,0.003616636528028933,0.004621257785814748,0.15370705244122965,0.14245529435402854,0.00020092425155716296,0.02109704641350211,4
4978.0,16081,17278,18,23,1197,766,709,93,1,12,0.0036159100040176776,0.004620329449578144,0.1538770590598634,0.1424266773804741,0.0002008838891120932,0.02109280835676979,4
4979.0,16084,17286,18,23,1202,766,709,93,1,12,0.003615183771841735,0.004619401486242217,0.15384615384615385,0.14239807190198836,0.0002008435428800964,0.021088572002410124,4
4980.0,16087,17286,18,23,1199,766,709,93,1,12,0.0036144578313253013,0.004618473895582329,0.1538152610441767,0.14236947791164659,0.00020080321285140563,0.02108433734939759,4
4981.0,16090,17286,18,23,1196,766,709,93,1,12,0.0036137321822927123,0.004617546677374022,0.15378438064645653,0.14234089540252962,0.0002007628990162618,0.02108010439670749,4
4982.0,16093,17286,18,23,1193,766,709,93,1,12,0.0036130068245684463,0.004616619831393015,0.1537535126455239,0.1423123243677238,0.0002007226013649137,0.021075873143315937,4
4983.0,16096,17286,18,23,1190,767,709,93,1,12,0.003612281757977122,0.004615693357415212,0.15392333935380292,0.1422837648003211,0.0002006823198876179,0.02107164358819988,4
4984.0,16099,17294,18,23,1195,767,709,93,1,12,0.0036115569823434992,0.004614767255216694,0.153892455858748,0.14225521669341895,0.00020064205457463884,0.021067415730337078,4
4985.0,16102,17294,18,23,1192,767,710,93,1,12,0.0036108324974924774,0.004613841524573721,0.1538615847542628,0.1424272818455366,0.00020060180541624874,0.02106318956870612,4
4986.0,16105,17297,18,23,1192,767,710,93,1,12,0.0036101083032490976,0.004612916165262736,0.1538307260328921,0.14239871640593663,0.00020056157240272763,0.0210589651022864,4
4987.0,16108,17297,18,23,1189,767,710,93,1,12,0.00360938439943854,0.004611991177060357,0.1537998796871867,0.14237016242229797,0.00020052135552436334,0.021054742330058152,4
4988.0,16111,17297,18,23,1186,767,710,93,1,12,0.0036086607858861267,0.004611066559743384,0.1537690457097033,0.14234161988773056,0.00020048115477145148,0.021050521251002405,4
4989.0,16114,17297,18,23,1183,767,711,93,1,12,0.0036079374624173183,0.004610142313088796,0.1537382240930046,0.14251352976548406,0.00020044097013429546,0.021046301864101023,4
4990.0,16117,17300,18,23,1183,767,711,93,1,12,0.0036072144288577155,0.004609218436873747,0.15370741482965933,0.14248496993987975,0.0002004008016032064,0.021042084168336674,4
4991.0,16120,17300,18,23,1180,767,711,93,1,12,0.0036064916850330597,0.004608294930875576,0.15367661791224205,0.14245642155880586,0.0002003606491685033,0.021037868162692847,4
4992.0,16123,17300,18,23,1177,767,711,93,1,12,0.003605769230769231,0.004607371794871795,0.15364583333333334,0.1424278846153846,0.00020032051282051281,0.021033653846153848,4
4993.0,16126,17300,18,23,1174,767,711,93,1,12,0.0036050470658922492,0.004606449028640096,0.15361506108551973,0.14239935910274384,0.0002002803925495694,0.021029441217704788,4
4994.0,16129,17300,18,23,1171,767,711,93,1,12,0.003604325190228274,0.00460552663195835,0.15358430116139368,0.1423708450140168,0.00020024028834601522,0.0210252302763316,4
4995.0,16132,17300,18,23,1168,767,711,93,1,12,0.0036036036036036037,0.004604604604604604,0.15355355355355355,0.14234234234234233,0.0002002002002002002,0.021021021021021023,4
4996.0,16135,17300,18,23,1165,767,711,93,1,12,0.003602882305844676,0.004603682946357086,0.15352281825460368,0.1423138510808647,0.00020016012810248197,0.021016813450760608,4
4997.0,16138,17300,18,23,1162,767,711,93,1,12,0.003602161296778067,0.004602761656994196,0.1534920952571543,0.14228537122273363,0.00020012007204322593,0.021012607564538724,4
4998.0,16141,17300,18,23,1159,767,712,93,1,12,0.003601440576230492,0.004601840736294518,0.15346138455382152,0.14245698279311725,0.00020008003201280514,0.02100840336134454,4
4999.0,16144,17303,18,23,1159,767,713,93,1,12,0.0036007201440288058,0.004600920184036807,0.15343068613722743,0.14262852570514103,0.00020004000800160032,0.021004200840168033,4
5000.0,16147,17306,18,23,1159,767,713,93,1,12,0.0036,0.0046,0.1534,0.1426,0.0002,0.021,4
5001.0,16150,17306,18,23,1156,767,713,93,1,12,0.003599280143971206,0.004599080183963208,0.15336932613477305,0.14257148570285944,0.0001999600079984003,0.020995800839832032,4
5002.0,16153,17306,18,23,1153,767,713,93,1,12,0.003598560575769692,0.004598160735705718,0.15333866453418632,0.14254298280687724,0.00019992003198720512,0.020991603358656536,4
5003.0,16156,17306,18,23,1150,767,713,93,1,12,0.003597841295222866,0.004597241655006996,0.15330801519088547,0.14251449130521687,0.0001998800719568259,0.02098740755546672,4
5004.0,16159,17306,18,23,1147,768,713,93,1,12,0.0035971223021582736,0.004596322941646682,0.15347721822541965,0.14248601119104717,0.00019984012789768185,0.020983213429256596,4
5005.0,16162,17314,18,23,1152,768,713,93,1,12,0.0035964035964035964,0.004595404595404595,0.15344655344655345,0.14245754245754247,0.0001998001998001998,0.02097902097902098,4
5006.0,16165,17314,18,23,1149,768,713,93,1,12,0.003595685177786656,0.004594486616060727,0.1534159009188973,0.14242908509788255,0.00019976028765481422,0.020974830203755495,4
5007.0,16168,17314,18,23,1146,769,713,93,1,12,0.0035949670461354103,0.004593569003395246,0.15358498102656282,0.14240063910525264,0.00019972039145196724,0.020970641102456562,4
5008.0,16171,17322,18,23,1151,769,713,93,1,12,0.003594249201277955,0.004592651757188498,0.15355431309904152,0.14237220447284346,0.00019968051118210862,0.020966453674121407,4
5009.0,16174,17322,18,23,1148,770,713,93,1,12,0.0035935316430425234,0.0045917348772210025,0.15372329806348572,0.14234378119385108,0.00019964064683569574,0.020962267917748054,4
5010.0,16177,17330,18,23,1153,770,713,93,1,12,0.003592814371257485,0.004590818363273453,0.1536926147704591,0.14231536926147706,0.0001996007984031936,0.020958083832335328,4
5011.0,16180,17330,18,23,1150,770,713,93,1,12,0.003592097385751347,0.004589902215126721,0.15366194372380762,0.14228696866892837,0.00019956096587507485,0.02095390141688286,4
5012.0,16183,17330,18,23,1147,770,713,93,1,12,0.003591380686352753,0.0045889864325618515,0.15363128491620112,0.14225857940941738,0.00019952114924181964,0.02094972067039106,4
5013.0,16186,17330,18,23,1144,770,713,93,1,12,0.003590664272890485,0.004588071015360064,0.15360063834031518,0.14223020147616197,0.00019948134849391582,0.020945541591861162,4
5014.0,16189,17330,18,23,1141,770,713,93,1,12,0.0035899481451934583,0.0045871559633027525,0.15357000398883128,0.14220183486238533,0.00019944156362185878,0.020941364180295175,4
5015.0,16192,17330,18,23,1138,770,713,93,1,12,0.003589232303090728,0.0045862412761714854,0.1535393818544367,0.14217347956131604,0.00019940179461615153,0.020937188434695914,4
5016.0,16195,17330,18,23,1135,770,714,93,1,12,0.0035885167464114833,0.004585326953748007,0.15350877192982457,0.1423444976076555,0.00019936204146730463,0.020933014354066987,4
5017.0,16198,17333,18,23,1135,770,714,93,1,12,0.0035878014749850507,0.004584412995814232,0.15347817420769383,0.142316125174407,0.00019932230416583617,0.020928841937412797,4
5018.0,16201,17333,18,23,1132,771,714,93,1,12,0.0035870864886408927,0.004583499402152252,0.15364687126345158,0.1422877640494221,0.00019928258270227183,0.02092467118373854,4
5019.0,16204,17341,18,23,1137,771,714,93,1,12,0.0035863717872086074,0.004582586172544332,0.15361625821876868,0.14225941422594143,0.00019924287706714485,0.02092050209205021,4
5020.0,16207,17341,18,23,1134,771,714,93,1,12,0.0035856573705179283,0.004581673306772908,0.15358565737051794,0.14223107569721116,0.00019920318725099602,0.02091633466135458,4
5021.0,16210,17341,18,23,1131,771,714,93,1,12,0.0035849432383987254,0.004580760804620594,0.15355506871141206,0.14220274845648279,0.00019916351324437363,0.020912168890659232,4
5022.0,16211,17341,19,23,1130,771,714,93,1,12,0.003783353245718837,0.004579848665870172,0.15352449223416964,0.14217443249701314,0.00019912385503783353,0.02090800477897252,4
5023.0,16230,17456,19,23,1226,771,714,93,1,12,0.0037826000398168426,0.004578936890304599,0.15349392793151503,0.1421461278120645,0.00019908421262193908,0.020903842325303602,4
5024.0,16233,17456,19,23,1223,771,714,93,1,12,0.003781847133757962,0.004578025477707006,0.15346337579617833,0.14211783439490447,0.00019904458598726116,0.02089968152866242,4
5025.0,16236,17456,19,23,1220,772,714,93,1,12,0.003781094527363184,0.004577114427860697,0.1536318407960199,0.14208955223880598,0.0001990049751243781,0.020895522388059702,4
5026.0,16239,17464,19,23,1225,772,714,93,1,12,0.003780342220453641,0.004576203740549145,0.15360127337843216,0.14206128133704735,0.00019896538002387584,0.020891364902506964,4
5027.0,16242,17464,19,23,1222,773,714,93,1,12,0.0037795902128506067,0.004575293415555998,0.15376964392281678,0.14203302168291226,0.00019892580067634773,0.020887209071016512,4
5028.0,16245,17472,19,23,1227,774,714,93,1,12,0.003778838504375497,0.004574383452665076,0.15393794749403342,0.14200477326968974,0.0001988862370723946,0.020883054892601432,4
5029.0,16248,17480,19,23,1232,774,715,93,1,12,0.003778087094849871,0.00457347385166037,0.15390733744283158,0.1421753827798767,0.00019884668920262477,0.0208789023662756,4
5030.0,16251,17483,19,23,1232,774,715,93,1,12,0.0037773359840954273,0.0045725646123260435,0.15387673956262427,0.14214711729622267,0.00019880715705765408,0.020874751491053677,4
5031.0,16254,17483,19,23,1229,774,715,93,1,12,0.003776585171934009,0.0045716557344464325,0.15384615384615385,0.1421188630490956,0.00019876764062810574,0.020870602265951103,4
5032.0,16257,17483,19,23,1226,775,715,93,1,12,0.0037758346581875995,0.0045707472178060414,0.15401430842607314,0.1420906200317965,0.0001987281399046105,0.0208664546899841,4
5033.0,16260,17491,19,23,1231,775,715,93,1,12,0.003775084442678323,0.004569839062189549,0.15398370753030002,0.14206238823763162,0.00019868865487780648,0.02086230876216968,4
5034.0,16263,17491,19,23,1228,775,715,93,1,12,0.0037743345252284465,0.004568931267381803,0.15395311879221296,0.14203416765991259,0.0001986491855383393,0.020858164481525627,4
5035.0,16266,17491,19,23,1225,776,715,93,1,12,0.0037735849056603774,0.004568023833167826,0.15412115193644488,0.1420059582919563,0.00019860973187686197,0.020854021847070508,4
5036.0,16269,17499,19,23,1230,776,715,93,1,12,0.003772835583796664,0.004567116759332804,0.15409054805401112,0.141977760127085,0.00019857029388403494,0.02084988085782367,4
5037.0,16272,17499,19,23,1227,776,715,93,1,12,0.003772086559459996,0.0045662100456621,0.15405995632320826,0.14194957315862616,0.0001985308715505261,0.02084574151280524,4
5038.0,16275,17499,19,23,1224,776,715,93,1,12,0.0037713378324732037,0.004565303691941246,0.1540293767368003,0.14192139737991266,0.0001984914648670107,0.020841603811036124,4
5039.0,16278,17499,19,23,1221,776,715,93,1,12,0.003770589402659258,0.0045643976979559435,0.15399880928755705,0.1418932327842826,0.00019845207382417147,0.020837467751538004,4
5040.0,16281,17499,19,23,1218,776,716,93,1,12,0.00376984126984127,0.004563492063492064,0.15396825396825398,0.14206349206349206,0.0001984126984126984,0.020833333333333332,4
5041.0,16284,17502,19,23,1218,776,716,93,1,12,0.0037690934338424917,0.004562586788335648,0.1539377107716723,0.14203531045427495,0.00019837333862328903,0.02082920055544535,4
5042.0,16287,17502,19,23,1215,776,716,93,1,12,0.003768345894486315,0.004561681872272907,0.15390717969059897,0.14200714002380008,0.00019833399444664816,0.020825069416898056,4
5043.0,16290,17502,19,23,1212,776,716,93,1,12,0.003767598651596272,0.004560777315090224,0.15387666071782669,0.1419789807654174,0.000198294665873488,0.02082093991671624,4
5044.0,16293,17502,19,23,1209,776,716,93,1,12,0.003766851704996035,0.004559873116574148,0.15384615384615385,0.14195083267248215,0.00019825535289452815,0.020816812053925455,4
5045.0,16296,17502,19,23,1206,777,716,93,1,12,0.0037661050545094153,0.0045589692765113975,0.15401387512388504,0.1419226957383548,0.00019821605550049553,0.02081268582755203,4
5046.0,16299,17510,19,23,1211,777,716,93,1,12,0.0037653586999603647,0.0045580657946888625,0.1539833531510107,0.14189456995640112,0.00019817677368212446,0.020808561236623068,4
5047.0,16302,17510,19,23,1208,778,716,93,1,12,0.003764612641172974,0.0045571626708936,0.15415098078066178,0.14186645531999206,0.00019813750743015652,0.020804438280166437,4
5048.0,16305,17518,19,23,1213,778,716,93,1,12,0.003763866877971474,0.0045562599049128365,0.1541204437400951,0.14183835182250396,0.00019809825673534074,0.020800316957210775,4
5049.0,16308,17518,19,23,1210,778,716,93,1,12,0.003763121410180234,0.004555357496533967,0.15408991879580114,0.1418102594573183,0.00019805902158843335,0.020796197266785502,4
5050.0,16311,17518,19,23,1207,779,716,93,1,12,0.0037623762376237622,0.004554455445544554,0.15425742574257426,0.14178217821782177,0.00019801980198019803,0.020792079207920793,4
5051.0,16314,17526,19,23,1212,780,716,93,1,12,0.0037616313601267076,0.00455355375173233,0.1544248663630964,0.14175410809740646,0.00019798059790140566,0.020787962779647593,4
5052.0,16317,17534,19,23,1217,780,716,93,1,12,0.003760886777513856,0.004552652414885194,0.1543942992874109,0.1417260490894695,0.0001979414093428345,0.020783847980997625,4
5053.0,16320,17534,19,23,1214,781,716,93,1,12,0.0037601424896101326,0.004551751434791213,0.15456164654660598,0.1416980011874134,0.00019790223629527012,0.020779734811003363,4
5054.0,16323,17542,19,23,1219,782,716,93,1,12,0.0037593984962406013,0.004550850811238623,0.15472892758211318,0.14166996438464582,0.00019786307874950534,0.02077562326869806,4
5055.0,16326,17550,19,23,1224,782,716,94,1,12,0.003758654797230465,0.004549950544015826,0.1546983184965381,0.14164193867457964,0.00019782393669634025,0.020969337289812068,4
5056.0,16329,17552,19,23,1223,783,716,94,1,12,0.0037579113924050634,0.004549050632911392,0.15486550632911392,0.14161392405063292,0.00019778481012658228,0.020965189873417722,4
5057.0,16332,17560,19,23,1228,783,716,94,1,12,0.0037571682815898755,0.004548151077714059,0.15483488234130907,0.14158592050622898,0.00019774569903104609,0.020961044097290885,4
5058.0,16335,17560,19,23,1225,783,717,94,1,12,0.003756425464610518,0.004547251878212732,0.15480427046263345,0.1417556346381969,0.00019770660340055358,0.02095689996045868,4
5059.0,16338,17563,19,23,1225,783,717,94,1,12,0.0037556829412927458,0.004546353034196481,0.1547736706859063,0.14172761415299467,0.000197667523225934,0.020952757461949002,4
5060.0,16341,17563,19,23,1222,783,717,94,1,12,0.0037549407114624506,0.004545454545454545,0.15474308300395256,0.141699604743083,0.0001976284584980237,0.020948616600790514,4
5061.0,16344,17563,19,23,1219,783,717,94,1,12,0.003754198774945663,0.004544556411776329,0.15471250740960285,0.14167160640189685,0.00019758940920766647,0.020944477376012644,4
5062.0,16347,17563,19,23,1216,783,717,94,1,12,0.00375345713156855,0.004543658632951403,0.1546819438956934,0.14164361912287635,0.00019755037534571315,0.020940339786645595,4
5063.0,16350,17563,19,23,1213,783,717,94,1,12,0.0037527157811574167,0.0045427612087695045,0.15465139245506618,0.1416156428994667,0.00019751135690302193,0.020936203831720325,4
5064.0,16353,17563,19,23,1210,783,718,94,1,12,0.0037519747235387046,0.004541864139020537,0.15462085308056872,0.14178515007898895,0.00019747235387045813,0.02093206951026856,4
5065.0,16356,17566,19,23,1210,784,718,94,1,12,0.003751233958538993,0.004540967423494571,0.1547877591312932,0.14175715695952615,0.00019743336623889436,0.020927936821322803,4
5066.0,16359,17574,19,23,1215,784,718,94,1,12,0.003750493485984998,0.0045400710619818395,0.15475720489538097,0.14172917489143308,0.00019739439399921041,0.020923805763916305,4
5067.0,16362,17574,19,23,1212,784,718,94,1,12,0.003749753305703572,0.0045391750542727455,0.15472666271955793,0.14170120386816656,0.00019735543714229328,0.020919676337083085,4
5068.0,16365,17574,19,23,1209,784,719,94,1,12,0.003749013417521705,0.004538279400157853,0.15469613259668508,0.14187056037884768,0.0001973164956590371,0.020915548539857932,4
5069.0,16368,17577,19,23,1209,785,719,94,1,12,0.003748273821266522,0.004537384099427895,0.15486289208916945,0.1418425724995068,0.00019727756954034326,0.020911422371276387,4
5070.0,16371,17585,19,23,1214,785,719,94,1,12,0.003747534516765286,0.004536489151873767,0.15483234714003946,0.1418145956607495,0.0001972386587771203,0.020907297830374753,4
5071.0,16374,17585,19,23,1211,785,719,94,1,12,0.0037467955038453953,0.004535594557286532,0.1548018142378229,0.14178662985604418,0.00019719976336028398,0.0209031749161901,4
5072.0,16377,17585,19,23,1208,786,719,94,1,12,0.003746056782334385,0.004534700315457414,0.1549684542586751,0.14175867507886436,0.0001971608832807571,0.02089905362776025,4
5073.0,16380,17593,19,23,1213,786,719,94,1,12,0.003745318352059925,0.0045338064261778045,0.15493790656416323,0.14173073132268874,0.00019712201852946975,0.020894933964123792,4
5074.0,16383,17593,19,23,1210,787,719,94,1,12,0.003744580212849823,0.004532912889239259,0.1551044540796216,0.14170279858100118,0.00019708316909735908,0.02089081592432006,4
5075.0,16386,17601,19,23,1215,787,719,94,1,12,0.00374384236453202,0.004532019704433498,0.15507389162561577,0.14167487684729063,0.00019704433497536947,0.020886699507389164,4
5076.0,16389,17601,19,23,1212,787,719,94,1,12,0.0037431048069345944,0.004531126871552403,0.15504334121355398,0.14164696611505123,0.00019700551615445234,0.020882584712371945,4
5077.0,16392,17601,19,23,1209,787,719,94,1,12,0.0037423675398857593,0.004530234390388024,0.15501280283632066,0.14161906637778215,0.00019696671262556627,0.020878471538310024,4
5078.0,16395,17601,19,23,1206,787,719,94,1,12,0.0037416305632138637,0.004529342260732572,0.15498227648680582,0.1415911776289878,0.00019692792437967703,0.020874359984245767,4
5079.0,16398,17601,19,23,1203,787,719,94,1,12,0.003740893876747391,0.004528450482378421,0.1549517621579051,0.14156329986217758,0.00019688915140775743,0.02087025004922229,4
5080.0,16401,17601,19,23,1200,787,719,94,1,12,0.0037401574803149606,0.00452755905511811,0.1549212598425197,0.14153543307086613,0.0001968503937007874,0.020866141732283464,4
5081.0,16404,17601,19,23,1197,787,719,94,1,12,0.0037394213737453256,0.0045266679787443415,0.15489076953355638,0.1415075772485731,0.000196811651249754,0.020862035032473924,4
5082.0,16407,17601,19,23,1194,787,719,94,1,12,0.003738685556867375,0.00452577725304998,0.15486029122392758,0.1414797323888233,0.0001967729240456513,0.02085792994883904,4
5083.0,16410,17601,19,23,1191,787,719,94,1,12,0.0037379500295101316,0.004524886877828055,0.15482982490655126,0.14145189848514655,0.0001967342120794806,0.020853826480424945,4
5084.0,16413,17601,19,23,1188,787,719,94,1,12,0.003737214791502754,0.004523996852871755,0.1547993705743509,0.1414240755310779,0.0001966955153422502,0.020849724626278522,4
5085.0,16416,17601,19,24,1185,787,719,94,1,12,0.003736479842674533,0.00471976401179941,0.15476892822025565,0.14139626352015733,0.00019665683382497542,0.020845624385447393,4
5086.0,16461,17903,19,24,1442,787,720,94,1,12,0.0037357451828548957,0.0047188360204482895,0.15473849783720015,0.1415650806134487,0.00019661816751867872,0.020841525756979944,4
5087.0,16464,17906,19,24,1442,787,721,94,1,12,0.0037350108118734027,0.004717908393945351,0.15470807941812464,0.1417338313347749,0.00019657951641438963,0.0208374287399253,4
5088.0,16467,17909,19,24,1442,787,721,94,1,12,0.0037342767295597485,0.0047169811320754715,0.15467767295597484,0.14170597484276728,0.00019654088050314466,0.020833333333333332,4
5089.0,16470,17909,19,24,1439,787,721,94,1,12,0.003733542935743761,0.004716054234623698,0.1546472784437021,0.14167812929848694,0.00019650225977598743,0.02082923953625467,4
5090.0,16473,17909,19,24,1436,788,721,94,1,12,0.0037328094302554026,0.004715127701375246,0.15481335952848724,0.14165029469548135,0.00019646365422396856,0.02082514734774067,4
5091.0,16476,17917,19,24,1441,788,721,94,1,12,0.0037320762129247694,0.004714201532115498,0.15478295030445885,0.14162247102730308,0.00019642506383814575,0.02082105676684345,4
5092.0,16479,17917,19,24,1438,788,721,94,1,12,0.0037313432835820895,0.004713275726630008,0.15475255302435192,0.1415946582875098,0.00019638648860958367,0.020816967792615867,4
5093.0,16482,17917,19,24,1435,789,721,94,1,12,0.003730610642057726,0.004712350284704497,0.15491851560966033,0.14156685646966424,0.00019634792852935403,0.020812880424111526,4
5094.0,16485,17925,19,24,1440,789,721,94,1,12,0.003729878288182175,0.004711425206124852,0.15488810365135453,0.14153906556733412,0.00019630938358853554,0.020808794660384766,4
5095.0,16488,17925,19,24,1437,789,721,94,1,12,0.003729146221786065,0.004710500490677135,0.15485770363101078,0.14151128557409226,0.00019627085377821394,0.020804710500490677,4
5096.0,16491,17925,19,24,1434,790,721,94,1,12,0.003728414442700157,0.004709576138147566,0.15502354788069073,0.14148351648351648,0.00019623233908948196,0.020800627943485087,4
5097.0,16494,17933,19,24,1439,790,722,94,1,12,0.0037276829507553464,0.004708652148322542,0.15499313321561703,0.14165195212870316,0.00019619383951343929,0.020796546988424564,4
5098.0,16497,17936,19,24,1439,790,722,94,1,12,0.00372695174578266,0.004707728520988623,0.15496273048254217,0.14162416633974106,0.00019615535504119262,0.02079246763436642,4
5099.0,16500,17936,19,24,1436,790,722,94,1,12,0.0037262208276132576,0.004706805255932536,0.15493233967444597,0.14159639144930378,0.00019611688566385565,0.0207883898803687,4
5100.0,16503,17936,19,24,1433,790,722,94,1,12,0.0037254901960784314,0.004705882352941176,0.15490196078431373,0.1415686274509804,0.000196078431372549,0.020784313725490194,4
5101.0,16506,17936,19,24,1430,790,723,94,1,12,0.003724759851009606,0.004704959811801608,0.15487159380513624,0.14173691433052343,0.00019603999215840032,0.020780239168790432,4
5102.0,16509,17939,19,24,1430,790,724,94,1,12,0.003724029792238338,0.004704037632301058,0.15484123872990985,0.14190513524108192,0.0001960015680125441,0.020776166209329674,4
5103.0,16512,17942,19,24,1430,790,725,94,1,12,0.003723300019596316,0.004703115814226925,0.1548108955516363,0.14207329022143836,0.0001959631589261219,0.02077209484616892,4
5104.0,16515,17945,19,24,1430,790,726,94,1,12,0.0037225705329153604,0.004702194357366771,0.15478056426332287,0.14224137931034483,0.00019592476489028212,0.020768025078369907,4
5105.0,16518,17948,19,24,1430,790,727,94,1,12,0.0037218413320274243,0.004701273261508325,0.15475024485798236,0.142409402546523,0.0001958863858961802,0.020763956904995103,4
5106.0,16521,17951,19,24,1430,790,727,94,1,12,0.0037211124167645907,0.004700352526439483,0.15471993732863298,0.14238151194672935,0.00019584802193497845,0.020759890325107718,4
5107.0,16524,17951,19,24,1427,790,727,94,1,12,0.003720383786959076,0.004699432151948306,0.1546896416682984,0.14235363226943412,0.00019580967299784609,0.020755825337771684,4
5108.0,16527,17951,19,24,1424,790,727,94,1,12,0.0037196554424432263,0.004698512137823023,0.15465935787000784,0.1423257635082224,0.00019577133907595928,0.020751761942051684,4
5109.0,16530,17951,19,24,1421,790,727,94,1,12,0.0037189273830495204,0.004697592483852026,0.15462908592679586,0.1422979056566843,0.00019573302016050108,0.020747700137013114,4
5110.0,16533,17951,19,24,1418,790,727,94,1,12,0.0037181996086105675,0.004696673189823875,0.15459882583170254,0.14227005870841486,0.00019569471624266145,0.020743639921722113,4
5111.0,16536,17951,19,24,1415,791,727,94,1,12,0.0037174721189591076,0.004695754255527294,0.15476423400508707,0.14224222265701428,0.00019565642731363725,0.02073958129524555,4
5112.0,16539,17959,19,24,1420,792,727,94,1,12,0.0037167449139280124,0.004694835680751174,0.15492957746478872,0.14221439749608764,0.00019561815336463224,0.020735524256651018,4
5113.0,16542,17967,19,24,1425,792,727,94,1,12,0.0037160179933502834,0.004693917465284568,0.15489927635439077,0.14218658321924507,0.00019557989438685703,0.020731468805006845,4
5114.0,16545,17967,19,24,1422,792,727,94,1,12,0.0037152913570590537,0.004692999608916699,0.15486898709425106,0.1421587798201017,0.00019554165037152912,0.02072741493938209,4
5115.0,16548,17967,19,24,1419,792,727,94,1,12,0.0037145650048875855,0.00469208211143695,0.15483870967741936,0.1421309872922776,0.00019550342130987292,0.02072336265884653,4
5116.0,16551,17967,19,24,1416,792,727,94,1,12,0.003713838936669273,0.004691164972634871,0.15480844409695074,0.14210320562939796,0.00019546520719311962,0.02071931196247068,4
5117.0,16554,17967,19,24,1413,792,728,94,1,12,0.0037131131522376393,0.004690248192300176,0.15477819034590581,0.14227086183310533,0.00019542700801250732,0.020715262849325778,4
5118.0,16557,17970,19,24,1413,792,729,94,1,12,0.0037123876514263384,0.004689331770222743,0.15474794841735054,0.14243845252051582,0.00019538882375928098,0.020711215318483783,4
5119.0,16560,17973,19,24,1413,792,730,94,1,12,0.003711662434069154,0.004688415706192616,0.15471771830435632,0.1426059777300254,0.0001953506544246923,0.020707169369017387,4
5120.0,16563,17976,19,24,1413,792,730,94,1,12,0.0037109375,0.0046875,0.1546875,0.142578125,0.0001953125,0.020703125,4
5121.0,16566,17976,19,24,1410,792,730,94,1,12,0.003710212849052919,0.0046865846514352666,0.1546572934973638,0.1425502831478227,0.00019527436047646945,0.02069908221050576,4
5122.0,16569,17976,19,24,1407,792,730,94,1,12,0.003709488481062085,0.004685669660288949,0.15462709878953534,0.14252245216712223,0.0001952362358453729,0.02069504099960953,4
5123.0,16572,17976,19,24,1404,792,731,94,1,12,0.0037087643958617997,0.004684755026351747,0.15459691586960767,0.1426898301776303,0.00019519812609798947,0.020691001366386883,4
5124.0,16575,17979,19,24,1404,792,731,94,1,12,0.003708040593286495,0.00468384074941452,0.15456674473067916,0.14266198282591724,0.000195160031225605,0.02068696330991413,4
5125.0,16578,17979,19,24,1401,792,731,94,1,12,0.0037073170731707315,0.0046829268292682925,0.15453658536585366,0.1426341463414634,0.0001951219512195122,0.020682926829268294,4
5126.0,16581,17979,19,24,1398,792,731,94,1,12,0.0037065938353492,0.0046820132657042525,0.15450643776824036,0.1426063207179087,0.00019508388607101054,0.020678891923527117,4
5127.0,16584,17979,19,24,1395,793,731,94,1,12,0.0037058708796567194,0.004681100058513751,0.15467134776672517,0.14257850594889798,0.0001950458357714063,0.020674858591769065,4
5128.0,16587,17987,19,24,1400,793,731,94,1,12,0.0037051482059282373,0.0046801872074883,0.1546411856474259,0.14255070202808112,0.0001950078003120125,0.020670826833073322,4
5129.0,16590,17987,19,24,1397,794,731,94,1,12,0.00370442581399883,0.004679274712419575,0.15480600506921427,0.14252290894911288,0.00019496977968414895,0.02066679664651979,4
5130.0,16593,17995,19,24,1402,794,731,94,1,12,0.003703703703703704,0.004678362573099415,0.15477582846003898,0.142495126705653,0.0001949317738791423,0.020662768031189084,4
5131.0,16596,17995,19,24,1399,794,731,94,1,12,0.0037029818748781913,0.004677450789319821,0.15474566361333073,0.1424673552913662,0.00019489378288832586,0.020658740986162542,4
5132.0,16599,17995,19,24,1396,795,731,94,1,12,0.0037022603273577552,0.004676539360872954,0.1549103663289166,0.14243959469992207,0.00019485580670303975,0.020654715510522212,4
5133.0,16602,18003,19,24,1401,795,731,94,1,12,0.0037015390609779855,0.004675628287551139,0.1548801870251315,0.14241184492499512,0.0001948178453146308,0.020650691603350868,4
5134.0,16605,18003,19,24,1398,796,731,94,1,12,0.0037008180755746006,0.004674717569146864,0.15504479937670432,0.1423841059602649,0.00019477989871445267,0.020646669263731984,4
5135.0,16608,18011,19,24,1403,796,731,94,1,12,0.003700097370983447,0.004673807205452775,0.15501460564751704,0.14235637779941576,0.00019474196689386563,0.020642648490749756,4
5136.0,16611,18011,19,24,1400,796,731,94,1,12,0.0036993769470404984,0.004672897196261682,0.15498442367601245,0.14232866043613707,0.00019470404984423675,0.020638629283489095,4
5137.0,16614,18011,19,24,1397,796,731,94,1,12,0.003698656803581857,0.0046719875413665565,0.15495425345532413,0.14230095386412303,0.00019466614755693986,0.020634611641035625,4
5138.0,16617,18011,19,24,1394,796,731,94,1,12,0.0036979369404437526,0.004671078240560529,0.1549240949785909,0.14227325807707278,0.00019462826002335538,0.020630595562475672,4
5139.0,16620,18011,19,24,1391,796,731,94,1,12,0.0036972173574625414,0.004670169293636894,0.154893948238957,0.1422455730686904,0.0001945903872348706,0.020626581046896283,4
5140.0,16623,18011,19,24,1388,796,732,94,1,12,0.003696498054474708,0.004669260700389105,0.154863813229572,0.1424124513618677,0.0001945525291828794,0.020622568093385214,4
5141.0,16626,18014,19,24,1388,796,732,94,1,12,0.0036957790313168646,0.004668352460610776,0.15483368994359073,0.14238475004862866,0.00019451468585878233,0.020618556701030927,4
5142.0,16629,18014,19,24,1385,796,732,94,1,12,0.003695060287825749,0.004667444574095682,0.15480357837417347,0.1423570595099183,0.00019447685725398678,0.020614546868922598,4
5143.0,16632,18014,19,24,1382,797,732,94,1,12,0.0036943418238382267,0.00466653704063776,0.1549679175578456,0.14232937973945167,0.00019443904335990667,0.020610538596150106,4
5144.0,16635,18022,19,24,1387,797,732,94,1,12,0.0036936236391912907,0.004665629860031105,0.15493779160186624,0.1423017107309487,0.00019440124416796267,0.020606531881804044,4
5145.0,16638,18022,19,24,1384,797,733,94,1,12,0.0036929057337220603,0.004664723032069971,0.15490767735665695,0.14246841593780368,0.00019436345966958212,0.020602526724975704,4
5146.0,16641,18025,19,24,1384,797,733,94,1,12,0.003692188107267781,0.004663816556548776,0.1548775748153906,0.14244073066459387,0.000194325689856199,0.020598523124757094,4
5147.0,16644,18025,19,25,1381,797,733,94,1,12,0.0036914707596658247,0.004857198367981349,0.1548474839712454,0.14241305614921312,0.00019428793471925395,0.020594521080240916,4
5148.0,16689,18319,19,25,1630,798,733,94,1,12,0.003690753690753691,0.004856254856254856,0.155011655011655,0.14238539238539238,0.00019425019425019425,0.020590520590520592,4
5149.0,16692,18327,19,25,1635,798,733,94,1,12,0.0036900369003690036,0.004855311711011847,0.15498154981549817,0.14235773936686735,0.0001942124684404739,0.020586521654690233,4
5150.0,16695,18327,19,25,1632,798,733,94,1,12,0.0036893203883495147,0.0048543689320388345,0.1549514563106796,0.14233009708737865,0.0001941747572815534,0.02058252427184466,4
5151.0,16698,18327,19,25,1629,798,733,94,1,12,0.0036886041545331006,0.0048534265191225,0.15492137449039023,0.14230246554067172,0.00019413706076490002,0.0205785284410794,4
5152.0,16701,18327,19,25,1626,798,733,94,1,12,0.003687888198757764,0.004852484472049689,0.15489130434782608,0.1422748447204969,0.00019409937888198756,0.020574534161490684,4
5153.0,16704,18327,19,25,1623,798,733,94,1,12,0.003687172520861634,0.004851542790607413,0.15486124587618863,0.14224723462060934,0.00019406171162429653,0.020570541432175432,4
5154.0,16707,18327,19,25,1620,798,733,94,1,12,0.0036864571206829647,0.004850601474582848,0.1548311990686845,0.1422196352347691,0.00019402405898331392,0.020566550252231277,4
5155.0,16710,18327,19,25,1617,798,733,94,1,12,0.0036857419980601356,0.004849660523763337,0.1548011639185257,0.14219204655674103,0.00019398642095053346,0.020562560620756547,4
5156.0,16713,18327,19,25,1614,798,734,94,1,12,0.0036850271528316523,0.004848719937936384,0.1547711404189294,0.14235841737781227,0.0001939487975174554,0.020558572536850273,4
5157.0,16716,18330,19,25,1614,798,734,94,1,12,0.003684312584836145,0.004847779716889665,0.15474112856311809,0.14233081248788054,0.00019391118867558658,0.020554585999612178,4
5158.0,16719,18330,19,25,1611,799,734,94,1,12,0.003683598293912369,0.004846839860411012,0.15490500193873594,0.1423032183016673,0.00019387359441644047,0.02055060100814269,4
5159.0,16722,18338,19,25,1616,800,734,94,1,12,0.0036828842798992054,0.004845900368288428,0.1550688117852297,0.14227563481294825,0.0001938360147315371,0.020546617561542933,4
5160.0,16725,18346,19,25,1621,800,734,94,1,12,0.003682170542635659,0.0048449612403100775,0.15503875968992248,0.14224806201550388,0.0001937984496124031,0.02054263565891473,4
5161.0,16728,18346,19,25,1618,801,734,94,1,12,0.0036814570819608604,0.00484402247626429,0.15520248013950785,0.14222049990311955,0.00019376089905057158,0.020538655299360588,4
5162.0,16731,18354,19,25,1623,801,735,94,1,12,0.0036807438977140643,0.0048430840759395586,0.15517241379310345,0.14238667183262302,0.00019372336303758234,0.02053467648198373,4
5163.0,16734,18357,19,25,1623,801,735,94,1,12,0.0036800309897346505,0.00484214603912454,0.15514235909355026,0.14235909355026147,0.0001936858415649816,0.02053069920588805,4
5164.0,16737,18357,19,25,1620,801,736,94,1,12,0.0036793183578621223,0.004841208365608056,0.1551123160340821,0.14252517428350117,0.00019364833462432224,0.020526723470178157,4
5165.0,16740,18360,19,25,1620,802,736,94,1,12,0.0036786060019361085,0.00484027105517909,0.1552758954501452,0.14249757986447242,0.0001936108422071636,0.02052274927395934,4
5166.0,16743,18368,19,25,1625,802,737,94,1,12,0.003677893921796361,0.004839334107626791,0.15524583817266743,0.1426635694928378,0.00019357336430507162,0.02051877661633759,4
5167.0,16746,18371,19,25,1625,802,737,94,1,12,0.0036771821172827557,0.0048383975227404685,0.15521579252951423,0.142635958970389,0.00019353590090961874,0.020514805496419587,4
5168.0,16749,18371,19,25,1622,802,737,94,1,12,0.003676470588235294,0.004837461300309598,0.15518575851393188,0.14260835913312694,0.0001934984520123839,0.020510835913312694,4
5169.0,16752,18371,19,25,1619,802,737,94,1,12,0.0036757593344940993,0.004836525440123815,0.155155736119172,0.14258076997485006,0.0001934610176049526,0.020506867866124975,4
5170.0,16755,18371,19,25,1616,802,737,94,1,12,0.0036750483558994195,0.004835589941972921,0.15512572533849128,0.1425531914893617,0.00019342359767891682,0.020502901353965184,4
5171.0,16758,18371,19,25,1613,803,737,94,1,12,0.0036743376522916263,0.004834654805646877,0.1552891123573777,0.14252562367046992,0.00019338619222587506,0.02049893637594276,4
5172.0,16761,18379,19,25,1618,803,737,94,1,12,0.0036736272235112144,0.004833720030935808,0.15525908739365815,0.14249806651198763,0.00019334880123743234,0.020494972931167827,4
5173.0,16764,18379,19,25,1615,803,737,94,1,12,0.0036729170693988013,0.004832785617630002,0.15522907403827566,0.14247052000773247,0.00019331142470520006,0.02049101101875121,4
5174.0,16767,18379,19,25,1612,803,738,94,1,12,0.0036722071897951295,0.004831851565519907,0.15519907228449942,0.14263625821414766,0.00019327406262079628,0.020487050637804406,4
5175.0,16770,18382,19,25,1612,803,738,94,1,12,0.003671497584541063,0.004830917874396135,0.15516908212560387,0.1426086956521739,0.0001932367149758454,0.020483091787439612,4
5176.0,16773,18382,19,25,1609,803,738,94,1,12,0.0036707882534775887,0.004829984544049459,0.15513910355486862,0.14258114374034003,0.00019319938176197836,0.020479134466769706,4
5177.0,16776,18382,19,25,1606,804,738,94,1,12,0.003670079196445818,0.004829051574270813,0.15530229862854936,0.1425536024724744,0.00019316206297083252,0.020475178674908247,4
5178.0,16779,18390,19,25,1611,804,738,94,1,12,0.0036693704132869836,0.004828118964851294,0.1552723059096176,0.1425260718424102,0.00019312475859405175,0.020471224410969487,4
5179.0,16782,18390,19,25,1608,804,738,94,1,12,0.0036686619038424407,0.0048271867155821584,0.15524232477312222,0.14249855184398533,0.00019308746862328635,0.020467271674068352,4
5180.0,16785,18390,19,25,1605,804,738,94,1,12,0.003667953667953668,0.004826254826254826,0.1552123552123552,0.14247104247104247,0.00019305019305019305,0.020463320463320462,4
5181.0,16788,18390,19,25,1602,804,738,94,1,12,0.003667245705462266,0.004825323296660877,0.15518239722061378,0.14244354371742907,0.00019301293186643504,0.020459370777842115,4
5182.0,16791,18390,19,25,1599,804,738,94,1,12,0.0036665380162099574,0.00482439212659205,0.1551524507912003,0.1424160555769973,0.00019297568506368199,0.02045542261675029,4
5183.0,16794,18390,19,25,1596,804,738,94,1,12,0.0036658306000385875,0.0048234613158402466,0.15512251591742235,0.14238857804360408,0.00019293845263360988,0.020451475979162647,4
5184.0,16797,18390,19,25,1593,804,738,94,1,12,0.0036651234567901233,0.004822530864197531,0.1550925925925926,0.1423611111111111,0.00019290123456790122,0.02044753086419753,4
5185.0,16800,18390,19,25,1590,804,738,94,1,12,0.0036644165863066536,0.0048216007714561235,0.15506268081002894,0.14233365477338478,0.00019286403085824494,0.020443587270973965,4
5186.0,16803,18390,19,25,1587,804,739,94,1,12,0.0036637099884303894,0.004820671037408407,0.1550327805630544,0.14249903586579252,0.0001928268414963363,0.020439645198611647,4
5187.0,16806,18393,19,25,1587,804,739,94,1,12,0.003663003663003663,0.004819741661846925,0.1550028918449971,0.1424715635241951,0.000192789666473877,0.020435704646230964,4
5188.0,16809,18393,19,25,1584,804,739,94,1,12,0.0036622976098689285,0.00481881264456438,0.15497301464919044,0.14244410177332306,0.00019275250578257516,0.020431765612952967,4
5189.0,16812,18393,19,25,1581,804,740,94,1,12,0.003661591828868761,0.004817883985353632,0.15494314896897282,0.14260936596646753,0.0001927153594141453,0.020427828097899402,4
5190.0,16815,18396,19,25,1581,804,740,94,1,12,0.0036608863198458576,0.004816955684007707,0.15491329479768787,0.14258188824662812,0.0001926782273603083,0.02042389210019268,4
5191.0,16818,18396,19,25,1578,804,740,94,1,12,0.003660181082643036,0.004816027740319784,0.15488345212868426,0.1425544211134656,0.00019264110961279138,0.020419957618955886,4
5192.0,16821,18396,19,25,1575,804,741,94,1,12,0.0036594761171032356,0.004815100154083205,0.15485362095531588,0.1427195685670262,0.0001926040061633282,0.020416024653312787,4
5193.0,16824,18399,19,25,1575,804,741,94,1,12,0.003658771423069517,0.004814172925091469,0.15482380127094164,0.14269208549971116,0.00019256691700365877,0.02041209320238783,4
5194.0,16827,18399,19,25,1572,804,742,94,1,12,0.0036580670003850597,0.004813246053138236,0.1547939930689257,0.14285714285714285,0.00019252984212552945,0.02040816326530612,4
5195.0,16830,18402,19,25,1572,804,742,94,1,12,0.0036573628488931666,0.004812319538017324,0.15476419634263716,0.14282964388835417,0.00019249278152069297,0.020404234841193455,4
5196.0,16833,18402,19,25,1569,805,742,94,1,12,0.0036566589684372593,0.00481139337952271,0.15492686682063125,0.14280215550423403,0.00019245573518090838,0.02040030792917629,4
5197.0,16836,18410,19,25,1574,805,742,94,1,12,0.0036559553588608813,0.004810467577448528,0.1548970559938426,0.1427746776986723,0.00019241870309794111,0.02039638252838176,4
5198.0,16839,18410,19,25,1571,805,742,94,1,12,0.0036552520200076955,0.004809542131589073,0.15486725663716813,0.14274721046556368,0.00019238168526356292,0.020392458637937667,4
5199.0,16842,18410,19,25,1568,805,742,94,1,12,0.0036545489517214847,0.004808617041738796,0.15483746874398924,0.14271975379880747,0.00019234468166955183,0.020388536256972494,4
5200.0,16845,18410,19,25,1565,805,742,94,1,12,0.003653846153846154,0.004807692307692308,0.1548076923076923,0.1426923076923077,0.0001923076923076923,0.020384615384615383,4
5201.0,16848,18410,19,25,1562,806,742,94,1,12,0.003653143626225726,0.004806767929244376,0.15497019803883869,0.1426648721399731,0.00019227071716977504,0.020380696019996154,4
5202.0,16851,18418,19,25,1567,806,742,94,1,12,0.0036524413687043446,0.004805843906189927,0.15494040753556323,0.14263744713571702,0.00019223375624759708,0.020376778162245292,4
5203.0,16854,18418,19,25,1564,806,742,94,1,12,0.003651739381126273,0.0048049202383240435,0.15491062848356718,0.14261003267345762,0.00019219680953296174,0.020372861810493945,4
5204.0,16857,18418,19,25,1561,806,742,94,1,12,0.0036510376633358955,0.0048039969254419675,0.15488086087624903,0.1425826287471176,0.0001921598770176787,0.020368946963873945,4
5205.0,16860,18418,19,25,1558,806,742,94,1,12,0.003650336215177714,0.004803073967339097,0.1548511047070125,0.1425552353506244,0.00019212295869356388,0.020365033621517772,4
5206.0,16863,18418,19,25,1555,806,742,94,1,12,0.0036496350364963502,0.004802151363810988,0.15482135996926624,0.1425278524779101,0.0001920860545524395,0.020361121782558587,4
5207.0,16866,18418,19,25,1552,806,742,94,1,12,0.003648934127136547,0.004801229114653352,0.15479162665642404,0.14250048012291147,0.00019204916458613405,0.02035721144613021,4
5208.0,16869,18418,19,25,1549,806,742,94,1,12,0.0036482334869431645,0.004800307219662059,0.15476190476190477,0.1424731182795699,0.00019201228878648233,0.020353302611367127,4
5209.0,16872,18418,19,25,1546,806,742,94,1,12,0.0036475331157611824,0.004799385678633135,0.15473219427913226,0.14244576694183145,0.0001919754271453254,0.02034939527740449,4
5210.0,16875,18418,19,25,1543,806,742,94,1,12,0.0036468330134357004,0.0047984644913627635,0.1547024952015355,0.14241842610364683,0.00019193857965451057,0.02034548944337812,4
5211.0,16878,18418,19,25,1540,806,742,94,1,12,0.0036461331798119364,0.004797543657647284,0.15467280752254844,0.1423910957589714,0.00019190174630589137,0.020341585108424487,4
5212.0,16881,18418,19,25,1537,806,742,94,1,12,0.0036454336147352263,0.004796623177283192,0.15464313123561013,0.14236377590176516,0.0001918649270913277,0.020337682271680736,4
5213.0,16884,18418,19,25,1534,806,742,94,1,12,0.0036447343180510262,0.00479570305006714,0.1546134663341646,0.14233646652599272,0.0001918281220026856,0.020333780932284672,4
5214.0,16887,18418,19,25,1531,806,742,94,1,12,0.00364403528960491,0.004794783275795934,0.15458381281166092,0.14230916762562332,0.00019179133103183735,0.02032988108937476,4
5215.0,16890,18418,19,25,1528,806,742,94,1,12,0.0036433365292425695,0.004793863854266539,0.15455417066155322,0.14228187919463087,0.00019175455417066154,0.020325982742090125,4
5216.0,16893,18418,19,25,1525,806,742,94,1,12,0.0036426380368098157,0.004792944785276074,0.1545245398773006,0.14225460122699388,0.00019171779141104295,0.020322085889570553,4
5217.0,16896,18418,19,25,1522,806,742,94,1,12,0.003641939812152578,0.0047920260686218135,0.15449492045236726,0.1422273337166954,0.00019168104274487253,0.020318190530956487,4
5218.0,16899,18418,19,25,1519,807,742,94,1,12,0.003641241855116903,0.004791107704101188,0.15465695668838636,0.14220007665772327,0.00019164430816404754,0.020314296665389038,4
5219.0,16902,18426,19,25,1524,807,742,94,1,12,0.003640544165548956,0.004790189691511784,0.15462732324200038,0.14217283004406975,0.00019160758766047136,0.020310404292009962,4
5220.0,16905,18426,19,25,1521,807,742,94,1,12,0.0036398467432950193,0.004789272030651341,0.15459770114942528,0.1421455938697318,0.00019157088122605365,0.020306513409961684,4
5221.0,16908,18426,19,25,1518,807,742,94,1,12,0.003639149588201494,0.004788354721317755,0.15456809040413713,0.14211836812871098,0.0001915341888527102,0.020302624018387283,4
5222.0,16911,18426,19,25,1515,807,742,94,1,12,0.0036384527001148987,0.004787437763309077,0.154538490999617,0.14209115281501342,0.00019149751053236308,0.020298736116430488,4
5223.0,16914,18426,19,25,1512,807,742,94,1,12,0.0036377560788818687,0.0047865211564235115,0.15450890292935096,0.1420639479226498,0.00019146084625694046,0.02029484970323569,4
5224.0,16917,18426,19,25,1509,807,742,94,1,12,0.0036370597243491577,0.004785604900459418,0.15447932618683002,0.14203675344563552,0.00019142419601837673,0.020290964777947933,4
5225.0,16920,18426,19,25,1506,807,742,94,1,12,0.0036363636363636364,0.004784688995215311,0.15444976076555023,0.14200956937799042,0.00019138755980861245,0.02028708133971292,4
5226.0,16923,18426,19,25,1503,807,742,94,1,12,0.0036356678147722926,0.004783773440489858,0.15442020665901263,0.141982395713739,0.00019135093761959434,0.020283199387677,4
5227.0,16926,18426,19,25,1500,807,743,94,1,12,0.003634972259422231,0.004782858236081882,0.15439066386072317,0.14214654677635355,0.0001913143294432753,0.020279318920987183,4
5228.0,16929,18429,19,25,1500,807,744,94,1,12,0.0036342769701606732,0.004781943381790359,0.1543611323641928,0.1423106350420811,0.00019127773527161438,0.020275439938791124,4
5229.0,16932,18432,19,25,1500,807,744,94,1,12,0.003633581946834959,0.004781028877414419,0.15433161216293748,0.14228341939185313,0.00019124115509657678,0.02027156244023714,4
5230.0,16935,18432,19,25,1497,807,744,94,1,12,0.003632887189292543,0.004780114722753346,0.15430210325047802,0.14225621414913958,0.00019120458891013384,0.02026768642447419,4
5231.0,16938,18432,19,25,1494,807,744,94,1,12,0.003632192697380998,0.004779200917606577,0.1542726056203403,0.14222901930797172,0.00019116803670426305,0.020263811890651882,4
5232.0,16941,18432,19,25,1491,807,744,94,1,12,0.0036314984709480123,0.0047782874617737,0.15424311926605505,0.14220183486238533,0.00019113149847094801,0.020259938837920488,4
5233.0,16944,18432,19,25,1488,807,744,94,1,12,0.003630804509841391,0.004777374355054462,0.15421364418115804,0.1421746608064208,0.00019109497420217848,0.02025606726543092,4
5234.0,16947,18432,19,25,1485,807,744,94,1,12,0.0036301108139090562,0.004776461597248758,0.1541841803591899,0.14214749713412303,0.00019105846388995032,0.020252197172334733,4
5235.0,16950,18432,19,25,1482,807,745,94,1,12,0.003629417382999045,0.004775549188156638,0.15415472779369627,0.14231136580706782,0.00019102196752626553,0.020248328557784145,4
5236.0,16953,18435,19,25,1482,807,745,94,1,12,0.003628724216959511,0.004774637127578304,0.15412528647822765,0.14228418640183346,0.00019098548510313216,0.02024446142093201,4
5237.0,16956,18435,19,25,1479,807,746,94,1,12,0.0036280313156387247,0.004773725415314111,0.15409585640633952,0.14244796639297308,0.00019094901661256445,0.02024059576093183,4
5238.0,16959,18438,19,25,1479,807,746,94,1,12,0.0036273386788850705,0.004772814051164567,0.15406643757159222,0.14242077128675068,0.00019091256204658267,0.020236731576937762,4
5239.0,16962,18438,19,25,1476,808,746,94,1,12,0.003626646306547051,0.00477190303493033,0.15422790608894826,0.14239358656232107,0.0001908761213972132,0.0202328688681046,4
5240.0,16965,18446,19,25,1481,808,746,94,1,12,0.0036259541984732823,0.004770992366412214,0.15419847328244274,0.14236641221374047,0.00019083969465648855,0.020229007633587787,4
5241.0,16968,18446,19,25,1478,808,747,94,1,12,0.0036252623545124977,0.004770082045411181,0.15416905170768938,0.14253005151688608,0.00019080328181644724,0.020225147872543408,4
5242.0,16971,18449,19,25,1478,808,747,94,1,12,0.0036245707745135446,0.0047691720717283476,0.1541396413582602,0.14250286150324304,0.00019076688286913393,0.020221289584128194,4
5243.0,16974,18449,19,25,1475,808,747,94,1,12,0.0036238794583253863,0.004768262445164982,0.1541102422277322,0.14247568186152965,0.00019073049780659929,0.020217432767499523,4
5244.0,16977,18449,19,25,1472,808,747,94,1,12,0.0036231884057971015,0.004767353165522502,0.15408085430968727,0.14244851258581237,0.00019069412662090009,0.02021357742181541,4
5245.0,16980,18449,19,25,1469,808,747,94,1,12,0.0036224976167778837,0.004766444232602479,0.1540514775977121,0.14242135367016207,0.00019065776930409913,0.020209723546234508,4
5246.0,16983,18449,19,25,1466,809,747,94,1,12,0.0036218070911170418,0.004765535646206634,0.15421273351124667,0.14239420510865422,0.00019062142584826535,0.020205871139916128,4
5247.0,16986,18457,19,25,1471,809,747,95,1,12,0.0036211168286639983,0.00476462740613684,0.15418334286258814,0.1423670668953688,0.0001905850962454736,0.020392605298265677,4
5248.0,16989,18459,19,25,1470,809,747,95,1,12,0.003620426829268293,0.004763719512195122,0.15415396341463414,0.14233993902439024,0.00019054878048780488,0.020388719512195123,4
5249.0,16992,18459,19,25,1467,810,747,95,1,12,0.003619737092779577,0.004762811964183654,0.1543151076395504,0.1423128214898076,0.00019051247856734617,0.020384835206706038,4
5250.0,16995,18467,19,25,1472,810,747,95,1,12,0.003619047619047619,0.004761904761904762,0.15428571428571428,0.1422857142857143,0.00019047619047619048,0.02038095238095238,4
5251.0,16998,18467,19,25,1469,811,747,95,1,12,0.0036183584079223004,0.004760997905160921,0.1544467720434203,0.14225861740620835,0.00019043991620643687,0.020377071034088746,4
5252.0,17001,18475,19,25,1474,811,748,95,1,12,0.0036176694592536178,0.00476009139375476,0.15441736481340443,0.14242193450114243,0.0001904036557501904,0.020373191165270373,4
5253.0,17004,18478,19,25,1474,811,749,95,1,12,0.003616980772891681,0.004759185227489054,0.1543879687797449,0.14258518941557205,0.00019036740909956216,0.02036931277365315,4
5254.0,17007,18481,19,25,1474,811,749,95,1,12,0.003616292348686715,0.00475827940616673,0.15435858393604873,0.14255805100875524,0.00019033117624666921,0.020365435858393604,4
5255.0,17010,18481,19,25,1471,811,750,95,1,12,0.003615604186489058,0.004757373929590866,0.1543292102759277,0.142721217887726,0.00019029495718363463,0.020361560418648905,4
5256.0,17013,18484,19,25,1471,811,750,95,1,12,0.0036149162861491627,0.004756468797564688,0.1542998477929985,0.14269406392694065,0.0001902587519025875,0.020357686453576863,4
5257.0,17016,18484,19,25,1468,811,750,95,1,12,0.0036142286475175957,0.004755564009891573,0.15427049648088265,0.14266692029674719,0.00019022256039566293,0.02035381396233593,4
5258.0,17019,18484,19,25,1465,811,751,95,1,12,0.0036135412704450362,0.004754659566375047,0.15424115633320654,0.14282997337390643,0.0001901863826550019,0.020349942944085205,4
5259.0,17022,18487,19,25,1465,811,752,95,1,12,0.003612854154782278,0.004753755466818787,0.15421182734360145,0.14299296444190912,0.00019015021867275147,0.02034607339798441,4
5260.0,17025,18490,19,25,1465,811,752,95,1,12,0.003612167300380228,0.004752851711026616,0.15418250950570342,0.1429657794676806,0.00019011406844106463,0.020342205323193915,4
5261.0,17028,18490,19,25,1462,811,752,95,1,12,0.003611480707089907,0.004751948298802509,0.1541532028131534,0.14293860482797946,0.00019007793195210037,0.02033833871887474,4
5262.0,17031,18490,19,25,1459,811,753,95,1,12,0.0036107943747624477,0.004751045229950589,0.1541239072595971,0.14310148232611175,0.00019004180919802356,0.020334473584188523,4
5263.0,17034,18493,19,25,1459,812,753,95,1,12,0.0036101083032490976,0.004750142504275128,0.15428462853885616,0.14307429222876686,0.00019000570017100514,0.02033060991829755,4
5264.0,17037,18501,19,25,1464,812,753,95,1,12,0.003609422492401216,0.004749240121580547,0.15425531914893617,0.14304711246200608,0.00018996960486322188,0.020326747720364743,4
5265.0,17040,18501,19,25,1461,812,753,95,1,12,0.0036087369420702755,0.004748338081671415,0.15422602089268755,0.14301994301994303,0.0001899335232668566,0.020322886989553656,4
5266.0,17043,18501,19,25,1458,812,753,96,1,12,0.0036080516521078618,0.00474743638435245,0.15419673376376755,0.14299278389669579,0.00018989745537409798,0.020508925180402583,4
5267.0,17046,18503,19,25,1457,812,753,96,1,12,0.003607366622365673,0.004746535029428517,0.15416745775583823,0.14296563508638693,0.00018986140117714068,0.020505031327131194,4
5268.0,17049,18503,19,25,1454,812,753,96,1,12,0.00360668185269552,0.004745634016704632,0.15413819286256644,0.1429384965831435,0.00018982536066818528,0.02050113895216401,4
5269.0,17052,18503,19,25,1451,812,753,96,1,12,0.003605997342949326,0.004744733345985955,0.15410893907762382,0.14291136838109697,0.0001897893338394382,0.02049724805465933,4
5270.0,17055,18503,19,25,1448,812,753,96,1,12,0.003605313092979127,0.004743833017077799,0.1540796963946869,0.1428842504743833,0.00018975332068311195,0.02049335863377609,4
5271.0,17058,18503,19,25,1445,812,753,96,1,12,0.003604629102637071,0.00474293302978562,0.15405046480743692,0.14285714285714285,0.00018971732119142478,0.020489470688673878,4
5272.0,17061,18503,19,25,1442,812,753,96,1,12,0.003603945371775417,0.004742033383915023,0.15402124430955993,0.1428300455235205,0.00018968133535660092,0.0204855842185129,4
5273.0,17064,18503,19,25,1439,812,754,96,1,12,0.003603261900246539,0.004741134079271762,0.15399203489474683,0.14299260383083634,0.00018964536317087047,0.020481699222454013,4
5274.0,17067,18506,19,25,1439,812,754,96,1,12,0.00360257868790292,0.004740235115661737,0.1539628365566932,0.142965491088358,0.00018960940462646946,0.020477815699658702,4
5275.0,17070,18506,19,25,1436,812,754,96,1,12,0.0036018957345971565,0.004739336492890996,0.15393364928909953,0.1429383886255924,0.0001895734597156398,0.020473933649289098,4
5276.0,17073,18506,19,25,1433,812,754,96,1,12,0.003601213040181956,0.0047384382107657315,0.15390447308567096,0.14291129643669448,0.00018953752843062926,0.02047005307050796,4
5277.0,17076,18506,19,25,1430,812,754,96,1,12,0.0036005306045101384,0.004737540269092288,0.1538753079401175,0.1428842145158234,0.00018950161076369148,0.02046617396247868,4
5278.0,17079,18506,19,25,1427,812,754,96,1,13,0.0035998484274346342,0.004736642667677151,0.15384615384615385,0.14285714285714285,0.00018946570670708602,0.020651762031072374,4
5279.0,17080,18507,19,25,1427,812,754,96,1,14,0.0035991665088084867,0.004735745406326956,0.15381701079749951,0.14283008145482098,0.00018942981625307822,0.020837279787838607,4
5280.0,17081,18508,19,25,1427,813,754,96,1,14,0.0035984848484848487,0.004734848484848485,0.15397727272727274,0.1428030303030303,0.0001893939393939394,0.020833333333333332,4
5281.0,17082,18516,19,25,1434,813,754,96,1,14,0.0035978034463169852,0.004733951903048665,0.15394811588714258,0.14277598939594774,0.0001893580761219466,0.020829388373414127,4
5282.0,17083,18516,19,26,1433,813,754,96,1,14,0.0035971223021582736,0.004922377887163953,0.1539189700870882,0.14274895872775464,0.0001893222264293828,0.020825444907232107,4
5283.0,17128,18810,19,26,1682,813,754,96,1,14,0.0035964414158621994,0.004921446148021957,0.15388983532084044,0.14272193829263677,0.0001892863903085368,0.02082150293393905,4
5284.0,17131,18810,19,26,1679,813,754,96,1,14,0.003595760787282362,0.004920514761544285,0.15386071158213474,0.14269492808478426,0.00018925056775170325,0.020817562452687358,4
5285.0,17134,18810,19,26,1676,813,755,96,1,14,0.0035950804162724692,0.004919583727530747,0.15383159886471146,0.14285714285714285,0.0001892147587511826,0.020813623462630087,4
5286.0,17137,18813,19,26,1676,813,756,96,1,14,0.0035944003026863415,0.004918653045781309,0.15380249716231556,0.14301929625425652,0.00018917896329928113,0.02080968596292092,4
5287.0,17140,18816,19,26,1676,813,756,96,1,14,0.003593720446377908,0.004917722716096085,0.1537734064686968,0.14299224512956307,0.00018914318138831096,0.020805749952714205,4
5288.0,17143,18816,19,26,1673,813,756,96,1,14,0.0035930408472012103,0.004916792738275341,0.15374432677760969,0.14296520423600606,0.00018910741301059002,0.0208018154311649,4
5289.0,17146,18816,19,26,1670,813,756,96,1,14,0.003592361505010399,0.004915863112119493,0.1537152580828134,0.14293817356778218,0.00018907165815844205,0.020797882397428625,4
5290.0,17149,18816,19,26,1667,814,756,96,1,14,0.0035916824196597355,0.004914933837429111,0.15387523629489602,0.14291115311909264,0.0001890359168241966,0.020793950850661626,4
5291.0,17152,18824,19,26,1672,814,756,96,1,14,0.003591003591003591,0.004914004914004914,0.15384615384615385,0.1428841428841429,0.000189000189000189,0.02079002079002079,4
5292.0,17155,18824,19,26,1669,815,756,96,1,14,0.0035903250188964475,0.0049130763416477706,0.15400604686318972,0.14285714285714285,0.0001889644746787604,0.020786092214663644,4
5293.0,17158,18832,19,26,1674,815,756,96,1,14,0.0035896467031928964,0.0049121481201587006,0.15397695068959003,0.1428301530323068,0.0001889287738522577,0.020782165123748347,4
5294.0,17161,18832,19,26,1671,815,756,96,1,14,0.0035889686437476386,0.004911220249338874,0.1539478655081224,0.14280317340385343,0.00018889308651303362,0.0207782395164337,4
5295.0,17164,18832,19,26,1668,815,757,96,1,14,0.0035882908404154864,0.004910292728989613,0.153918791312559,0.1429650613786591,0.00018885741265344664,0.02077431539187913,4
5296.0,17167,18835,19,26,1668,815,757,96,1,14,0.0035876132930513596,0.004909365558912387,0.15388972809667673,0.1429380664652568,0.00018882175226586103,0.020770392749244714,4
5297.0,17170,18835,19,26,1665,815,757,96,1,14,0.0035869360015102886,0.004908438738908816,0.15386067585425714,0.1429110817443836,0.00018878610534264677,0.020766471587691147,4
5298.0,17173,18835,19,26,1662,815,757,96,1,14,0.003586258965647414,0.004907512268780672,0.15383163457908644,0.14288410721026804,0.00018875047187617969,0.020762551906379767,4
5299.0,17176,18835,19,26,1659,815,758,96,1,14,0.0035855821853179844,0.004906586148329874,0.15380260426495565,0.1430458577090017,0.0001887148518588413,0.02075863370447254,4
5300.0,17179,18838,19,26,1659,815,758,96,1,14,0.0035849056603773585,0.004905660377358491,0.15377358490566037,0.1430188679245283,0.00018867924528301886,0.020754716981132074,4
5301.0,17182,18838,19,26,1656,815,758,96,1,14,0.0035842293906810036,0.004904734955668742,0.15374457649500095,0.14299188832295792,0.00018864365214110544,0.0207508017355216,4
5302.0,17185,18838,19,26,1653,816,758,96,1,14,0.0035835533760844966,0.004903809883062995,0.15390418709920783,0.14296491889852886,0.0001886080724254998,0.02074688796680498,4
5303.0,17188,18846,19,26,1658,817,758,96,1,14,0.0035828776164435225,0.004902885159343767,0.15406373750707147,0.1429379596454837,0.00018857250612860644,0.02074297567414671,4
5304.0,17191,18854,19,26,1663,817,758,96,1,14,0.003582202111613876,0.004901960784313725,0.1540346907993967,0.14291101055806937,0.0001885369532428356,0.020739064856711915,4
5305.0,17194,18854,19,26,1660,817,759,96,1,14,0.0035815268614514608,0.0049010367577756835,0.15400565504241281,0.14307257304429782,0.00018850141376060322,0.020735155513666354,4
5306.0,17197,18857,19,26,1660,817,760,96,1,14,0.003580851865812288,0.004900113079532605,0.15397663022992839,0.14323407463249152,0.00018846588767433095,0.020731247644176404,4
5307.0,17200,18860,19,26,1660,817,760,96,1,14,0.003580177124552478,0.004899189749387601,0.15394761635575654,0.1432070849820991,0.0001884303749764462,0.020727341247409083,4
5308.0,17203,18860,19,26,1657,817,761,96,1,14,0.0035795026375282594,0.0048982667671439335,0.15391861341371516,0.14336850037678975,0.00018839487565938207,0.020723436322532027,4
5309.0,17206,18863,19,26,1657,817,761,96,1,14,0.003578828404595969,0.00489734413260501,0.15388962139762666,0.14334149557355433,0.00018835938971557733,0.020719532868713506,4
5310.0,17209,18863,19,26,1654,817,761,96,1,14,0.0035781544256120526,0.004896421845574388,0.15386064030131827,0.1433145009416196,0.00018832391713747646,0.02071563088512241,4
5311.0,17212,18863,19,26,1651,817,761,96,1,14,0.0035774807004330636,0.004895499905855771,0.15383167011862173,0.14328751647524007,0.00018828845791752966,0.02071173037092826,4
5312.0,17215,18863,19,26,1648,817,762,96,1,14,0.0035768072289156625,0.004894578313253012,0.1538027108433735,0.1434487951807229,0.00018825301204819278,0.020707831325301206,4
5313.0,17218,18866,19,26,1648,817,762,96,1,14,0.0035761340109166195,0.004893657067570111,0.15377376246941465,0.14342179559570864,0.00018821757952192734,0.020703933747412008,4
5314.0,17221,18866,19,26,1645,817,762,96,1,14,0.0035754610462928114,0.004892736168611215,0.1537448249905909,0.14339480617237485,0.0001881821603312006,0.020700037636432068,4
5315.0,17224,18866,19,26,1642,817,762,96,1,14,0.003574788334901223,0.004891815616180621,0.1537158984007526,0.1433678269049859,0.00018814675446848542,0.020696142991533398,4
5316.0,17227,18866,19,26,1639,818,762,96,1,14,0.0035741158765989467,0.004890895410082769,0.15387509405568095,0.1433408577878104,0.00018811136192626034,0.02069224981188864,4
5317.0,17230,18874,19,26,1644,818,762,96,1,14,0.003573443671243182,0.004889975550122249,0.15384615384615385,0.1433138988151213,0.0001880759826970096,0.020688358096671054,4
5318.0,17233,18874,19,26,1641,818,762,97,1,14,0.0035727717186912374,0.004889056036103798,0.15381722452049643,0.14328694998119593,0.000188040616773223,0.020872508461827755,4
5319.0,17236,18876,19,26,1640,818,762,97,1,14,0.0035721000188005266,0.0048881368678322995,0.15378830607257002,0.14326001128031585,0.00018800526414739614,0.02086858432036097,4
5320.0,17239,18876,19,26,1637,818,763,97,1,14,0.0035714285714285713,0.004887218045112782,0.1537593984962406,0.14342105263157895,0.00018796992481203009,0.02086466165413534,4
5321.0,17242,18879,19,26,1637,818,763,97,1,14,0.0035707573764330014,0.004886299567750423,0.1537305017853787,0.14339409885359894,0.00018793459875963165,0.020860740462319113,4
5322.0,17245,18879,19,26,1634,818,763,97,1,14,0.003570086433671552,0.004885381435550545,0.15370161593385945,0.14336715520481022,0.00018789928598271326,0.020856820744081173,4
5323.0,17248,18879,19,26,1631,818,763,97,1,14,0.0035694157430020664,0.004884463648318617,0.15367274093556266,0.14334022167950403,0.00018786398647379298,0.02085290249859102,4
5324.0,17251,18879,19,26,1628,818,763,97,1,14,0.0035687453042824945,0.004883546205860256,0.15364387678437266,0.14331329827197595,0.00018782870022539445,0.02084898572501878,4
5325.0,17254,18879,19,26,1625,818,764,97,1,14,0.003568075117370892,0.004882629107981221,0.1536150234741784,0.14347417840375587,0.00018779342723004695,0.020845070422535212,4
5326.0,17257,18882,19,26,1625,818,764,97,1,14,0.0035674051821254224,0.00488171235448742,0.15358618099887344,0.14344723995493805,0.0001877581674802854,0.020841156590311678,4
5327.0,17260,18882,19,26,1622,818,764,97,1,14,0.0035667354984043552,0.004880795945184907,0.15355734935235593,0.1434203116200488,0.00018772292096865028,0.02083724422752018,4
5328.0,17263,18882,19,26,1619,818,765,97,1,14,0.003566066066066066,0.00487987987987988,0.15352852852852852,0.14358108108108109,0.00018768768768768769,0.020833333333333332,4
5329.0,17266,18885,19,26,1619,818,765,97,1,14,0.0035653968849690375,0.004878964158378683,0.15349971852129857,0.14355413773691125,0.00018765246762994934,0.020829423906924376,4
5330.0,17269,18885,19,26,1616,818,766,97,1,14,0.0035647279549718574,0.004878048780487805,0.15347091932457785,0.14371482176360226,0.0001876172607879925,0.020825515947467167,4
5331.0,17272,18888,19,26,1616,819,766,97,1,14,0.0035640592759332208,0.004877133746013881,0.15362971299943726,0.1436878634402551,0.00018758206715438003,0.020821609454136185,4
5332.0,17275,18896,19,26,1621,819,766,97,1,14,0.003563390847711928,0.004876219054763691,0.15360090022505626,0.1436609152288072,0.00018754688672168043,0.020817704426106528,4
5333.0,17278,18896,19,26,1618,819,766,97,1,14,0.0035627226701668855,0.004875304706544159,0.15357209825614102,0.14363397712357023,0.00018751171948246765,0.02081380086255391,4
5334.0,17281,18896,19,26,1615,819,766,97,1,14,0.0035620547431571056,0.004874390701162355,0.15354330708661418,0.14360704911886013,0.00018747656542932134,0.02080989876265467,4
5335.0,17284,18896,19,26,1612,820,766,97,1,14,0.003561387066541706,0.004873477038425492,0.15370196813495782,0.14358013120899718,0.00018744142455482662,0.020805998125585753,4
5336.0,17287,18904,19,26,1617,820,766,97,1,14,0.00356071964017991,0.004872563718140929,0.15367316341829085,0.14355322338830584,0.0001874062968515742,0.020802098950524737,4
5337.0,17290,18904,19,26,1614,821,766,97,1,14,0.0035600524639310474,0.0048716507401161705,0.15383174067828367,0.14352632565111487,0.00018737118231216038,0.020798201236649803,4
5338.0,17293,18912,19,26,1619,821,766,97,1,14,0.0035593855376545524,0.004870738104158861,0.1538029224428625,0.1434994379917572,0.00018733608092918696,0.020794304983139753,4
5339.0,17296,18912,19,26,1616,821,766,97,1,14,0.0035587188612099642,0.004869825810076793,0.15377411500280952,0.14347256040457015,0.00018730099269526128,0.020790410189174,4
5340.0,17299,18912,19,26,1613,821,766,97,1,14,0.0035580524344569287,0.0048689138576779025,0.15374531835205993,0.14344569288389514,0.00018726591760299626,0.020786516853932586,4
5341.0,17302,18912,19,26,1610,822,766,97,1,14,0.0035573862572551955,0.004868002246770268,0.15390376334019845,0.14341883542407788,0.0001872308556450103,0.020782624976596144,4
5342.0,17305,18920,19,26,1615,822,766,97,1,14,0.00355672032946462,0.004867090977162112,0.1538749532010483,0.14339198801946837,0.00018719580681392738,0.020778734556345938,4
5343.0,17308,18920,19,26,1612,822,766,97,1,14,0.003556054650945162,0.004866180048661801,0.15384615384615385,0.14336515066442074,0.00018716077110237696,0.020774845592363842,4
5344.0,17311,18920,19,26,1609,822,766,97,1,14,0.003555389221556886,0.0048652694610778445,0.15381736526946108,0.1433383233532934,0.00018712574850299402,0.020770958083832336,4
5345.0,17314,18920,19,26,1606,822,766,97,1,14,0.0035547240411599626,0.0048643592142188965,0.1537885874649205,0.143311506080449,0.00018709073900841907,0.020767072029934518,4
5346.0,17317,18920,19,26,1603,822,766,97,1,14,0.003554059109614665,0.004863449307893753,0.1537598204264871,0.14328469884025438,0.00018705574261129816,0.020763187429854096,4
5347.0,17320,18920,19,26,1600,822,766,97,1,14,0.003553394426781373,0.004862539741911353,0.15373106414812043,0.1432579016270806,0.0001870207593042828,0.02075930428277539,4
5348.0,17323,18920,19,26,1597,822,766,97,1,14,0.0035527299925205685,0.0048616305160807775,0.15370231862378458,0.14323111443530293,0.00018698578908002991,0.02075542258788332,4
5349.0,17326,18920,19,26,1594,822,766,97,1,14,0.0035520658066928398,0.004860721630211255,0.15367358384744811,0.1432043372593008,0.0001869508319312021,0.02075154234436343,4
5350.0,17329,18920,19,26,1591,823,766,97,1,14,0.0035514018691588786,0.00485981308411215,0.1538317757009346,0.14317757009345794,0.00018691588785046728,0.020747663551401868,4
5351.0,17332,18928,19,26,1596,824,766,97,1,14,0.0035507381797794803,0.004858904877592973,0.15398990842833116,0.14315081293216222,0.00018688095683049897,0.020743786208185386,4
5352.0,17335,18936,19,26,1601,824,766,97,1,14,0.0035500747384155456,0.004857997010463378,0.15396113602391628,0.1431240657698057,0.0001868460388639761,0.020739910313901346,4
5353.0,17338,18936,19,26,1598,825,766,97,1,14,0.0035494115449280776,0.004857089482533159,0.15411918550345602,0.1430973286007846,0.00018681113394358303,0.02073603586773772,4
5354.0,17341,18944,19,26,1603,825,766,97,1,14,0.0035487485991781845,0.004856182293612252,0.154090399701158,0.14307060141949943,0.00018677624206200972,0.02073216286888308,4
5355.0,17344,18944,19,26,1600,825,766,97,1,14,0.0035480859010270775,0.004855275443510738,0.15406162464985995,0.1430438842203548,0.00018674136321195143,0.02072829131652661,4
5356.0,17347,18944,19,26,1597,825,766,97,1,14,0.003547423450336072,0.0048543689320388345,0.15403286034353997,0.1430171769977595,0.00018670649738610905,0.020724421209858103,4
5357.0,17350,18944,19,26,1594,825,766,97,1,14,0.003546761246966586,0.004853462759006907,0.1540041067761807,0.14299047974612655,0.00018667164457718873,0.02072055254806795,4
5358.0,17353,18944,19,26,1591,825,766,97,1,14,0.0035460992907801418,0.0048525569242254575,0.1539753639417693,0.1429637924598731,0.0001866368047779022,0.020716685330347144,4
5359.0,17356,18944,19,26,1588,825,766,97,1,14,0.0035454375816383653,0.004851651427505131,0.15394663183429744,0.14293711513342042,0.0001866019779809666,0.02071281955588729,4
5360.0,17359,18944,19,26,1585,825,766,97,1,14,0.0035447761194029852,0.004850746268656716,0.15391791044776118,0.14291044776119402,0.00018656716417910448,0.020708955223880596,4
5361.0,17362,18944,19,26,1582,825,766,97,1,14,0.003544114903935833,0.004849841447491139,0.15388919977616117,0.14288379033762358,0.00018653236336504383,0.020705092333519866,4
5362.0,17365,18944,19,26,1579,825,766,97,1,14,0.0035434539350988436,0.00484893696381947,0.15386049981350242,0.14285714285714285,0.0001864975755315181,0.020701230883998507,4
5363.0,17368,18944,19,26,1576,825,767,97,1,14,0.0035427932127540555,0.004848032817452918,0.15383181055379452,0.1430169681148611,0.00018646280067126608,0.020697370874510537,4
5364.0,17371,18947,19,26,1576,825,767,97,1,14,0.0035421327367636092,0.004847129008202834,0.15380313199105144,0.1429903057419836,0.00018642803877703205,0.02069351230425056,4
5365.0,17374,18947,19,26,1573,825,768,97,1,14,0.0035414725069897483,0.004846225535880708,0.15377446411929171,0.14315004659832245,0.0001863932898415657,0.020689655172413793,4
5366.0,17377,18950,19,26,1573,825,768,97,1,14,0.0035408125232948193,0.004845322400298174,0.1537458069325382,0.14312336936265374,0.00018635855385762206,0.02068579947819605,4
5367.0,17380,18950,19,26,1570,825,768,97,1,14,0.003540152785541271,0.004844419601267002,0.15371716042481834,0.14309670206819453,0.0001863238308179616,0.02068194522079374,4
5368.0,17383,18950,19,26,1567,825,768,97,1,14,0.0035394932935916544,0.004843517138599106,0.15368852459016394,0.14307004470938897,0.00018628912071535022,0.020678092399403873,4
5369.0,17386,18950,19,26,1564,825,768,97,1,14,0.0035388340473086234,0.004842615012106538,0.1536598994226113,0.1430433972806854,0.00018625442354255913,0.020674241013224064,4
5370.0,17389,18950,19,26,1561,825,769,97,1,14,0.003538175046554935,0.00484171322160149,0.15363128491620112,0.14320297951582867,0.00018621973929236498,0.020670391061452513,4
5371.0,17392,18953,19,26,1561,825,769,97,1,14,0.003537516291193446,0.004840811766896295,0.1536026810649786,0.1431763172593558,0.0001861850679575498,0.02066654254328803,4
5372.0,17395,18953,19,26,1558,825,770,97,1,14,0.003536857781087118,0.004839910647803425,0.15357408786299329,0.14333581533879375,0.00018615040953090097,0.020662695457930008,4
5373.0,17398,18956,19,26,1558,826,770,97,1,14,0.0035361995160990136,0.004839009864135492,0.15373162106830449,0.14330913828401265,0.00018611576400521124,0.02065884980457845,4
5374.0,17401,18964,19,26,1563,826,770,97,1,14,0.0035355414960922963,0.004838109415705247,0.15370301451432825,0.14328247115742462,0.00018608113137327876,0.020655005582433942,4
5375.0,17404,18964,19,26,1560,826,770,97,1,14,0.0035348837209302326,0.0048372093023255815,0.15367441860465117,0.14325581395348838,0.00018604651162790697,0.020651162790697675,4
5376.0,17407,18964,19,26,1557,826,770,97,1,14,0.0035342261904761905,0.004836309523809524,0.15364583333333334,0.14322916666666666,0.00018601190476190475,0.020647321428571428,4
5377.0,17410,18964,19,26,1554,826,770,97,1,14,0.0035335689045936395,0.004835410079970244,0.1536172586944393,0.14320252929142643,0.0001859773107680863,0.02064348149525758,4
5378.0,17413,18964,19,26,1551,826,770,97,1,14,0.003532911863146151,0.004834510970621049,0.15358869468203792,0.14317590182223874,0.0001859427296392711,0.020639642989959094,4
5379.0,17416,18964,19,26,1548,826,770,97,1,14,0.0035322550659973974,0.004833612195575386,0.15356014129020265,0.14314928425357873,0.00018590816136828406,0.02063580591187953,4
5380.0,17419,18964,19,26,1545,826,770,97,1,14,0.0035315985130111526,0.0048327137546468404,0.15353159851301115,0.14312267657992564,0.0001858736059479554,0.020631970260223047,4
5381.0,17422,18964,19,26,1542,826,770,97,1,14,0.0035309422040512915,0.004831815647649135,0.15350306634454564,0.14309607879576286,0.00018583906337112061,0.02062813603419439,4
5382.0,17425,18964,19,26,1539,826,770,97,1,14,0.003530286138981791,0.004830917874396135,0.1534745447788926,0.14306949089557786,0.0001858045336306206,0.020624303232998884,4
5383.0,17428,18964,19,26,1536,826,770,97,1,14,0.0035296303176667286,0.004830020434701839,0.15344603381014305,0.14304291287386217,0.0001857700167193015,0.020620471855842468,4
5384.0,17431,18964,19,26,1533,827,770,97,1,14,0.0035289747399702824,0.0048291233283803865,0.1536032689450223,0.14301634472511143,0.00018573551263001485,0.02061664190193165,4
5385.0,17434,18972,19,26,1538,827,770,98,1,14,0.003528319405756732,0.004828226555246054,0.15357474466109564,0.14298978644382543,0.00018570102135561745,0.020798514391829157,4
5386.0,17437,18974,19,26,1537,827,771,98,1,14,0.003527664314890457,0.004827330115113257,0.15354623096917935,0.14314890456739696,0.0001856665428889714,0.0207946528035648,4
5387.0,17440,18977,19,26,1537,827,771,98,1,14,0.0035270094672359385,0.004826434007796547,0.15351772786337478,0.14312233153888992,0.00018563207722294413,0.02079079264896974,4
5388.0,17443,18977,19,26,1534,827,771,98,1,14,0.003526354862657758,0.004825538233110616,0.1534892353377877,0.14309576837416482,0.0001855976243504083,0.020786933927245732,4
5389.0,17446,18977,19,26,1531,827,771,98,1,14,0.0035257005010205975,0.004824642790870292,0.15346075338652812,0.14306921506773057,0.00018556318426424197,0.020783076637595103,4
5390.0,17449,18977,19,26,1528,827,771,98,1,14,0.0035250463821892395,0.004823747680890538,0.15343228200371056,0.1430426716141002,0.00018552875695732838,0.02077922077922078,4
5391.0,17452,18977,19,26,1525,827,771,98,1,14,0.003524392506028566,0.004822852902986459,0.15340382118345391,0.14301613800779076,0.0001854943424225561,0.020775366351326284,4
5392.0,17455,18977,19,26,1522,827,771,98,1,14,0.0035237388724035606,0.004821958456973294,0.1533753709198813,0.14298961424332343,0.000185459940652819,0.020771513353115726,4
5393.0,17458,18977,19,26,1519,827,771,98,1,14,0.0035230854811793065,0.0048210643426664194,0.15334693120712034,0.14296310031522344,0.00018542555164101615,0.020767661783793807,4
5394.0,17461,18977,19,26,1516,827,772,98,1,14,0.0035224323322209862,0.00482017055988135,0.15331850203930292,0.14312198739340007,0.0001853911753800519,0.020763811642565813,4
5395.0,17464,18980,19,26,1516,828,772,98,1,14,0.0035217794253938834,0.004819277108433735,0.15347544022242818,0.14309545875810936,0.00018535681186283596,0.02075996292863763,4
5396.0,17467,18988,19,26,1521,828,772,98,1,14,0.0035211267605633804,0.004818383988139363,0.15344699777613047,0.1430689399555226,0.00018532246108228317,0.020756115641215715,4
5397.0,17470,18988,19,26,1518,828,772,98,1,14,0.0035204743375949602,0.004817491198814156,0.15341856586992775,0.14304243098017416,0.00018528812303131369,0.020752269779507133,4
5398.0,17473,18988,19,26,1515,828,772,98,1,14,0.0035198221563542053,0.004816598740274175,0.1533901444979622,0.14301593182660244,0.0001852537977028529,0.020748425342719527,4
5399.0,17476,18988,19,26,1512,828,772,98,1,14,0.0035191702167067978,0.0048157066123356174,0.15336173365438044,0.1429894424893499,0.00018521948508983145,0.020744582330061122,4
5400.0,17479,18988,19,26,1509,829,772,98,1,14,0.0035185185185185185,0.004814814814814815,0.15351851851851853,0.14296296296296296,0.00018518518518518518,0.02074074074074074,4
5401.0,17482,18996,19,26,1514,829,773,98,1,14,0.003517867061655249,0.004813923347528236,0.15349009442695796,0.14312164413997408,0.00018515089798185522,0.020736900573967782,4
5402.0,17485,18999,19,26,1514,829,773,98,1,14,0.003517215845982969,0.004813032210292484,0.15346168085894113,0.143095149944465,0.00018511662347278786,0.02073306182895224,4
5403.0,17488,18999,19,26,1511,829,774,98,1,14,0.0035165648713677586,0.004812141402924301,0.15343327780862484,0.14325374791782344,0.00018508236165093466,0.02072922450490468,4
5404.0,17491,19002,19,26,1511,829,774,98,1,14,0.003515914137675796,0.0048112509252405625,0.15340488527017024,0.14322723908216137,0.0001850481125092524,0.02072538860103627,4
5405.0,17494,19002,19,26,1508,829,774,98,1,14,0.003515263644773358,0.004810360777058279,0.15337650323774282,0.14320074005550415,0.00018501387604070305,0.02072155411655874,4
5406.0,17497,19002,19,26,1505,829,775,98,1,14,0.003514613392526822,0.004809470958194599,0.1533481317055124,0.1433592304846467,0.0001849796522382538,0.020717721050684423,4
5407.0,17500,19005,19,26,1505,829,775,98,1,14,0.0035139633808026634,0.004808581468466802,0.15331977066765304,0.1433327168485297,0.000184945441094877,0.020713889402626227,4
5408.0,17503,19005,19,26,1502,830,775,98,1,14,0.0035133136094674558,0.004807692307692308,0.15347633136094674,0.14330621301775148,0.0001849112426035503,0.020710059171597635,4
5409.0,17506,19013,19,26,1507,831,775,98,1,14,0.003512664078387872,0.004806803475688667,0.1536328341652801,0.14327971898687372,0.00018487705675725643,0.02070623035681272,4
5410.0,17509,19021,19,26,1512,831,775,98,1,14,0.003512014787430684,0.004805914972273568,0.15360443622920517,0.14325323475046212,0.00018484288354898336,0.020702402957486137,4
5411.0,17512,19021,19,26,1509,831,775,98,1,14,0.0035113657364627612,0.004805026797264831,0.15357604878950287,0.14322676030308631,0.00018480872297172427,0.02069857697283312,4
5412.0,17515,19021,19,26,1506,832,775,98,1,14,0.003510716925351072,0.004804138950480414,0.15373244641537326,0.14320029563932002,0.00018477457501847746,0.020694752402069475,4
5413.0,17518,19029,19,26,1511,832,775,98,1,14,0.0035100683539626824,0.004803251431738408,0.15370404581562905,0.14317384075374098,0.00018474043968224645,0.020690929244411602,4
5414.0,17521,19029,19,26,1508,832,775,98,1,14,0.003509420022164758,0.004802364240857037,0.1536756557074252,0.14314739564093093,0.0001847063169560399,0.020687107499076467,4
5415.0,17524,19029,19,26,1505,832,775,98,1,14,0.0035087719298245615,0.004801477377654663,0.1536472760849492,0.14312096029547552,0.00018467220683287164,0.020683287165281627,4
5416.0,17527,19029,19,26,1502,832,775,99,1,14,0.0035081240768094534,0.0048005908419497785,0.1536189069423929,0.14309453471196454,0.00018463810930576072,0.02086410635155096,4
5417.0,17530,19031,19,26,1501,832,775,100,1,14,0.003507476462986893,0.004799704633561012,0.15359054827395238,0.14306811888499169,0.00018460402436773122,0.02104485877792136,4
5418.0,17533,19033,19,26,1500,832,775,100,1,14,0.0035068290882244372,0.004798818752307124,0.15356220007382798,0.14304171280915468,0.00018456995201181247,0.021040974529346623,4
5419.0,17536,19033,19,26,1497,832,775,100,1,14,0.0035061819523897397,0.004797933198007013,0.1535338623362244,0.1430153164790552,0.00018453589223103894,0.02103709171433844,4
5420.0,17539,19033,19,26,1494,832,775,100,1,14,0.0035055350553505533,0.004797047970479705,0.15350553505535056,0.1429889298892989,0.00018450184501845018,0.02103321033210332,4
5421.0,17542,19033,19,26,1491,832,776,100,1,14,0.003504888396974728,0.004796163069544364,0.15347721822541965,0.14314702084486258,0.00018446781036709093,0.021029330381848368,4
5422.0,17545,19036,19,26,1491,832,777,100,1,14,0.0035042419771302105,0.004795278495020288,0.1534489118406492,0.1433050534857986,0.00018443378827001107,0.02102545186278126,4
5423.0,17548,19039,19,26,1491,833,777,100,1,14,0.003503595795685045,0.004794394246726904,0.1536050156739812,0.1432786280656463,0.00018439977872026554,0.02102157477411027,4
5424.0,17551,19047,19,26,1496,833,777,100,1,14,0.0035029498525073746,0.004793510324483776,0.15357669616519173,0.14325221238938052,0.00018436578171091445,0.02101769911504425,4
5425.0,17554,19047,19,26,1493,833,777,100,1,14,0.003502304147465438,0.004792626728110599,0.15354838709677418,0.1432258064516129,0.00018433179723502304,0.02101382488479263,4
5426.0,17557,19047,19,26,1490,833,777,100,1,14,0.003501658680427571,0.004791743457427202,0.15352008846295614,0.1431994102469591,0.00018429782528566163,0.021009952082565425,4
5427.0,17560,19047,19,26,1487,833,777,100,1,14,0.0035010134512622076,0.004790860512253547,0.1534918002579694,0.14317302377003868,0.00018426386585590566,0.021006080707573246,4
5428.0,17563,19047,19,26,1484,833,777,100,1,14,0.0035003684598378776,0.004789977892409728,0.1534635224760501,0.1431466470154753,0.00018422991893883567,0.021002210759027265,4
5429.0,17566,19047,19,26,1481,834,777,100,1,14,0.003499723706023209,0.00478909559771597,0.15361945109596611,0.14312027997789648,0.0001841959845275373,0.020998342236139254,4
5430.0,17569,19055,19,26,1486,834,778,100,1,14,0.0034990791896869246,0.004788213627992633,0.15359116022099448,0.1432780847145488,0.00018416206261510129,0.020994475138121547,4
5431.0,17572,19058,19,26,1486,834,778,100,1,14,0.0034984349106978456,0.00478733198306021,0.15356287976431596,0.14325170318541705,0.00018412815319462345,0.020990609464187075,4
5432.0,17575,19058,19,26,1483,835,778,100,1,14,0.0034977908689248897,0.004786450662739323,0.15371870397643594,0.14322533136966126,0.0001840942562592047,0.020986745213549336,4
5433.0,17578,19066,19,26,1488,835,778,100,1,14,0.0034971470642370696,0.004785569666850727,0.1536904104546291,0.1431989692619179,0.00018406037180195104,0.020982882385422418,4
5434.0,17581,19066,19,26,1485,835,779,100,1,14,0.0034965034965034965,0.004784688995215311,0.15366212734633788,0.14335664335664336,0.0001840264998159735,0.02097902097902098,4
5435.0,17584,19069,19,26,1485,836,779,100,1,14,0.003495860165593376,0.004783808647654094,0.15381784728610856,0.14333026678932842,0.0001839926402943882,0.020975160993560258,4
5436.0,17587,19077,19,26,1490,836,779,100,1,14,0.003495217071376012,0.004782928623988227,0.15378955114054452,0.14330389992641648,0.0001839587932303164,0.02097130242825607,4
5437.0,17590,19077,19,26,1487,836,779,100,1,14,0.0034945742137208018,0.004782048924038992,0.1537612654037153,0.1432775427625529,0.0001839249586168843,0.02096744528232481,4
5438.0,17593,19077,19,26,1484,836,779,100,1,14,0.003493931592497242,0.004781169547627804,0.15373299006987864,0.14325119529238692,0.00018389113644722325,0.02096358955498345,4
5439.0,17596,19077,19,26,1481,836,780,100,1,14,0.0034932892075749218,0.0047802904945762085,0.15370472513329655,0.14340871483728626,0.00018385732671446958,0.020959735245449532,4
5440.0,17599,19080,19,26,1481,836,780,100,1,14,0.0034926470588235296,0.004779411764705883,0.1536764705882353,0.14338235294117646,0.0001838235294117647,0.020955882352941175,4
5441.0,17602,19080,19,26,1478,837,780,100,1,14,0.003492005146112847,0.004778533357838633,0.1538320161734975,0.14335600073515897,0.0001837897445322551,0.02095203087667708,4
5442.0,17605,19088,19,26,1483,838,780,100,1,14,0.0034913634693127527,0.004777655273796398,0.1539875045938993,0.14332965821389196,0.00018375597206909226,0.020948180815876516,4
5443.0,17608,19096,19,26,1488,838,781,100,1,14,0.0034907220282932206,0.004776777512401249,0.1539592136689326,0.14348704758405292,0.00018372221201543268,0.020944332169759324,4
5444.0,17611,19099,19,26,1488,838,781,100,1,14,0.0034900808229243203,0.004775900073475386,0.15393093313739897,0.14346069066862602,0.0001836884643644379,0.02094048493754592,4
5445.0,17614,19099,19,26,1485,838,781,100,1,14,0.003489439853076217,0.004775022956841139,0.15390266299357208,0.14343434343434344,0.00018365472910927456,0.0209366391184573,4
5446.0,17617,19099,19,26,1482,838,782,100,1,14,0.00348879911861917,0.004774146162320969,0.1538744032317297,0.14359162688211533,0.0001836210062431142,0.02093279471171502,4
5447.0,17620,19102,19,26,1482,838,782,100,1,14,0.003488158619423536,0.00477326968973747,0.15384615384615385,0.14356526528364238,0.00018358729575913347,0.020928951716541216,4
5448.0,17623,19102,19,26,1479,838,782,100,1,14,0.0034875183553597653,0.0047723935389133625,0.1538179148311307,0.14353891336270191,0.00018355359765051394,0.02092511013215859,4
5449.0,17626,19102,19,26,1476,838,782,100,1,14,0.0034868783262984033,0.004771517709671499,0.15378968618095062,0.14351257111396587,0.00018351991191044228,0.02092126995779042,4
5450.0,17629,19102,19,26,1473,838,782,100,1,14,0.0034862385321100917,0.0047706422018348625,0.15376146788990824,0.1434862385321101,0.0001834862385321101,0.02091743119266055,4
5451.0,17632,19102,19,26,1470,838,782,100,1,14,0.003485598972665566,0.004769767015226564,0.15373325995230233,0.14345991561181434,0.000183452577508714,0.020913593835993397,4
5452.0,17635,19102,19,26,1467,839,782,100,1,14,0.003484959647835657,0.004768892149669846,0.15388848129126925,0.14343360234776228,0.00018341892883345562,0.02090975788701394,4
5453.0,17638,19110,19,26,1472,840,782,100,1,14,0.003484320557491289,0.00476801760498808,0.1540436456996149,0.14340729873464148,0.00018338529249954154,0.020905923344947737,4
5454.0,17641,19118,19,26,1477,841,782,100,1,14,0.0034836817015034835,0.004767143381004767,0.1541987532086542,0.14338100476714338,0.00018335166850018335,0.020902090209020903,4
5455.0,17644,19126,19,26,1482,841,782,100,1,14,0.0034830430797433546,0.004766269477543538,0.1541704857928506,0.14335472043996333,0.00018331805682859762,0.02089825847846013,4
5456.0,17647,19126,19,26,1479,841,782,100,1,14,0.0034824046920821114,0.004765395894428153,0.15414222873900293,0.1433284457478006,0.00018328445747800586,0.020894428152492667,4
5457.0,17650,19126,19,26,1476,842,782,100,1,14,0.0034817665383910573,0.004764522631482499,0.15429723291185632,0.14330218068535824,0.0001832508704416346,0.020890599230346345,4
5458.0,17653,19134,19,26,1481,842,782,100,1,14,0.0034811286185415903,0.004763649688530597,0.15426896299010626,0.14327592524734334,0.00018321729571271528,0.02088677171124954,4
5459.0,17656,19134,19,26,1478,842,782,100,1,14,0.0034804909324052022,0.004762777065396593,0.1542407034255358,0.14324967942846675,0.00018318373328448433,0.020882945594431216,4
5460.0,17659,19134,19,26,1475,843,782,100,1,14,0.00347985347985348,0.004761904761904762,0.1543956043956044,0.14322344322344321,0.00018315018315018315,0.020879120879120878,4
5461.0,17662,19142,19,26,1480,843,782,100,1,14,0.003479216260758103,0.004761032777879509,0.15436733199047795,0.1431972166269914,0.00018311664530305805,0.020875297564548617,4
5462.0,17665,19142,19,26,1477,843,783,100,1,14,0.003478579274990846,0.004760161113145368,0.15433906993775173,0.14335408275357012,0.0001830831197363603,0.020871475649945074,4
5463.0,17668,19145,19,26,1477,843,784,100,1,14,0.003477942522423577,0.004759289767527,0.1543108182317408,0.14351089145158338,0.00018304960644334616,0.02086765513454146,4
5464.0,17671,19148,19,26,1477,843,785,100,1,14,0.003477306002928258,0.004758418740849195,0.15428257686676428,0.14366764275256222,0.00018301610541727673,0.020863836017569547,4
5465.0,17674,19151,19,26,1477,843,785,100,1,14,0.0034766697163769443,0.004757548032936871,0.15425434583714548,0.14364135407136322,0.00018298261665141812,0.020860018298261666,4
5466.0,17677,19151,19,26,1474,843,785,100,1,14,0.0034760336626417855,0.004756677643615075,0.15422612513721184,0.14361507500914747,0.00018294914013904133,0.020856201975850714,4
5467.0,17680,19151,19,26,1471,843,785,100,1,14,0.003475397841595025,0.004755807572708981,0.15419791476129505,0.14358880556063655,0.00018291567587342235,0.020852387049570147,4
5468.0,17683,19151,19,26,1468,843,785,100,1,14,0.003474762253108998,0.004754937820043892,0.1541697147037308,0.14356254572055596,0.000182882223847842,0.020848573518653987,4
5469.0,17686,19151,19,26,1465,844,785,100,1,14,0.003474126897056135,0.004754068385445237,0.1543243737429146,0.14353629548363503,0.00018284878405558602,0.020844761382336808,4
5470.0,17689,19159,19,26,1470,844,785,100,1,14,0.003473491773308958,0.004753199268738574,0.15429616087751372,0.14351005484460694,0.00018281535648994517,0.020840950639853747,4
5471.0,17692,19159,19,26,1467,844,785,100,1,14,0.003472856881740084,0.004752330469749589,0.1542679583257174,0.14348382379820873,0.00018278194114421494,0.020837141290440505,4
5472.0,17695,19159,19,26,1464,845,785,100,1,14,0.003472222222222222,0.004751461988304093,0.15442251461988304,0.14345760233918128,0.0001827485380116959,0.020833333333333332,4
5473.0,17698,19167,19,26,1469,845,785,100,1,14,0.003471587794628175,0.004750593824228029,0.1543942992874109,0.14343139046226933,0.0001827151470856934,0.020829526767769047,4
5474.0,17701,19167,19,26,1466,845,785,100,1,14,0.0034709535988308366,0.0047497259773474606,0.15436609426379247,0.14340518816222142,0.00018268176835951772,0.02082572159298502,4
5475.0,17704,19167,19,26,1463,845,785,100,1,14,0.003470319634703196,0.004748858447488584,0.154337899543379,0.14337899543378996,0.00018264840182648402,0.020821917808219178,4
5476.0,17707,19167,19,26,1460,845,785,101,1,14,0.0034696859021183346,0.004747991234477721,0.15430971512052594,0.1433528122717312,0.00018261504747991235,0.02100073046018992,4
5477.0,17710,19169,19,26,1459,846,785,101,1,14,0.003469052400949425,0.004747124338141318,0.15446412269490598,0.1433266386708052,0.00018258170531312764,0.020996896111009678,4
5478.0,17713,19177,19,26,1464,846,785,101,1,14,0.0034684191310697336,0.004746257758305951,0.15443592552026286,0.14330047462577583,0.00018254837531945966,0.020993063161737862,4
5479.0,17716,19177,19,26,1461,846,785,101,1,14,0.003467786092352619,0.004745391494798321,0.15440773863843768,0.14327432013141084,0.0001825150574922431,0.02098923161160796,4
5480.0,17719,19177,19,26,1458,846,785,101,1,14,0.003467153284671533,0.004744525547445255,0.15437956204379563,0.14324817518248176,0.0001824817518248175,0.020985401459854013,4
5481.0,17722,19177,19,26,1455,847,785,101,1,14,0.0034665207079000184,0.004743659916073709,0.1545338441890166,0.1432220397737639,0.00018244845831052726,0.020981572705710636,4
5482.0,17725,19185,19,26,1460,847,785,101,1,14,0.003465888361911711,0.0047427946005107625,0.15450565487048523,0.14319591390003647,0.00018241517694272163,0.02097774534841299,4
5483.0,17728,19185,19,26,1457,848,785,101,1,14,0.0034652562465803394,0.0047419296005836225,0.154659857742112,0.14316979755608245,0.0001823819077147547,0.02097391938719679,4
5484.0,17731,19193,19,26,1462,848,785,101,1,14,0.003464624361779723,0.004741064916119621,0.15463165572574764,0.14314369073668856,0.00018234865061998541,0.020970094821298323,4
5485.0,17734,19193,19,26,1459,849,785,101,1,14,0.003463992707383774,0.004740200546946217,0.15478577939835916,0.1431175934366454,0.00018231540565177758,0.020966271649954422,4
5486.0,17737,19201,19,26,1464,849,786,101,1,14,0.0034633612832664965,0.004739336492890996,0.15475756471017135,0.14327378782355085,0.0001822821728034998,0.020962449872402478,4
5487.0,17740,19204,19,26,1464,849,786,101,1,14,0.0034627300893019866,0.004738472753781666,0.15472936030617823,0.14324767632586113,0.00018224895206852561,0.020958629487880444,4
5488.0,17743,19204,19,26,1461,849,786,101,1,14,0.0034620991253644317,0.0047376093294460644,0.15470116618075802,0.14322157434402333,0.00018221574344023323,0.02095481049562682,4
5489.0,17746,19204,19,26,1458,849,786,101,1,14,0.0034614683913281106,0.004736746219712151,0.15467298232829296,0.1431954818728366,0.00018218254691200583,0.02095099289488067,4
5490.0,17749,19204,19,26,1455,849,786,101,1,14,0.0034608378870673953,0.004735883424408015,0.1546448087431694,0.1431693989071038,0.00018214936247723133,0.020947176684881604,4
5491.0,17752,19204,19,26,1452,849,786,101,1,14,0.0034602076124567475,0.004735020943361865,0.15461664541977782,0.14314332544163177,0.00018211619012930248,0.020943361864869788,4
5492.0,17755,19204,19,26,1449,850,786,101,1,14,0.003459577567370721,0.0047341587764020395,0.15477057538237438,0.14311726147123088,0.0001820830298616169,0.020939548434085943,4
5493.0,17758,19212,19,26,1454,850,786,101,1,14,0.0034589477516839616,0.004733296923357,0.1547423994174404,0.14309120699071545,0.0001820498816675769,0.020935736391771344,4
5494.0,17761,19212,19,26,1451,850,787,101,1,14,0.003458318165271205,0.004732435384055333,0.15471423370950127,0.14324717874044413,0.00018201674554058973,0.02093192573716782,4
5495.0,17764,19215,19,26,1451,850,788,101,1,14,0.003457688808007279,0.004731574158325751,0.15468607825295724,0.14340309372156507,0.00018198362147406734,0.020928116469517744,4
5496.0,17767,19218,19,26,1451,850,788,101,1,14,0.0034570596797671035,0.004730713245997089,0.1546579330422125,0.1433770014556041,0.0001819505094614265,0.020924308588064048,4
5497.0,17770,19218,19,26,1448,850,788,101,1,14,0.0034564307804256867,0.004729852646898308,0.15462979807167546,0.14335091868291797,0.00018191740949608878,0.02092050209205021,4
5498.0,17773,19218,19,26,1445,850,788,101,1,14,0.0034558021098581304,0.004728992360858494,0.15460167333575844,0.14332484539832666,0.00018188432157148054,0.02091669698072026,4
5499.0,17776,19218,19,26,1442,850,788,101,1,14,0.0034551736679396252,0.004728132387706856,0.15457355882887797,0.14329878159665393,0.0001818512456810329,0.020912893253318784,4
5500.0,17779,19218,19,26,1439,850,788,101,1,14,0.0034545454545454545,0.0047272727272727275,0.15454545454545454,0.14327272727272727,0.0001818181818181818,0.02090909090909091,4
5501.0,17782,19218,19,26,1436,850,788,101,1,14,0.003453917469550991,0.004726413379385566,0.15451736047991274,0.14324668242137792,0.00018178512997636792,0.020905289947282312,4
5502.0,17785,19218,19,26,1433,850,789,101,1,14,0.0034532897128316978,0.004725554343874954,0.15448927662668122,0.14340239912758998,0.0001817520901490367,0.020901490367139224,4
5503.0,17788,19221,19,26,1433,850,790,101,1,14,0.003452662184263129,0.004724695620570598,0.1544612029801926,0.14355805924041432,0.00018171906232963838,0.020897692167908415,4
5504.0,17791,19224,19,26,1433,850,790,101,1,14,0.0034520348837209303,0.004723837209302325,0.15443313953488372,0.14353197674418605,0.0001816860465116279,0.020893895348837208,4
5505.0,17794,19224,19,26,1430,850,790,101,1,14,0.0034514078110808354,0.004722979109900091,0.15440508628519528,0.14350590372388738,0.00018165304268846503,0.02089009990917348,4
5506.0,17797,19224,19,26,1427,851,790,101,1,14,0.0034507809662186707,0.00472212132219397,0.15455866327642573,0.14347984017435525,0.00018162005085361425,0.020886305848165636,4
5507.0,17800,19232,19,26,1432,851,790,101,1,14,0.0034501543490103505,0.004721263846014164,0.15453059742146358,0.14345378609043036,0.00018158707100054475,0.020882513165062646,4
5508.0,17803,19232,19,26,1429,852,790,101,1,14,0.003449527959331881,0.004720406681190995,0.15468409586056645,0.14342774146695716,0.00018155410312273057,0.020878721859114015,4
5509.0,17806,19240,19,26,1434,852,790,101,1,14,0.0034489017970593576,0.00471954982755491,0.15465601742603013,0.14340170629878382,0.0001815211472136504,0.020874931929569795,4
5510.0,17809,19240,19,26,1431,853,790,101,1,14,0.0034482758620689655,0.004718693284936479,0.15480943738656988,0.14337568058076225,0.00018148820326678765,0.020871143375680582,4
5511.0,17812,19248,19,26,1436,853,790,101,1,14,0.0034476501542369804,0.004717837053166395,0.15478134639811286,0.14334966430774815,0.00018145527127563056,0.020867356196697513,4
5512.0,17815,19248,19,26,1433,853,790,101,1,14,0.003447024673439768,0.0047169811320754715,0.1547532656023222,0.14332365747460088,0.000181422351233672,0.02086357039187228,4
5513.0,17818,19248,19,26,1430,853,790,101,1,14,0.003446399419553782,0.004716125521494649,0.15472519499365137,0.14329766007618355,0.00018138944313440957,0.0208597859604571,4
5514.0,17821,19248,19,26,1427,853,791,101,1,14,0.0034457743924555676,0.004715270221254987,0.15469713456655784,0.14345302865433443,0.00018135654697134566,0.02085600290170475,4
5515.0,17824,19251,19,26,1427,853,791,101,1,14,0.0034451495920217587,0.00471441523118767,0.15466908431550316,0.14342701722574797,0.00018132366273798732,0.02085222121486854,4
5516.0,17827,19251,19,26,1424,853,791,101,1,14,0.003444525018129079,0.004713560551124003,0.15464104423495287,0.1434010152284264,0.00018129079042784627,0.02084844089920232,4
5517.0,17830,19251,19,26,1421,853,791,101,1,14,0.0034439006706543413,0.004712706180895414,0.15461301431937646,0.14337502265724125,0.00018125793003443902,0.020844661953960487,4
5518.0,17833,19251,19,26,1418,853,792,101,1,14,0.003443276549474447,0.004711852120333454,0.15458499456324756,0.14353026458861906,0.0001812250815512867,0.02084088437839797,4
5519.0,17836,19254,19,26,1418,853,793,101,1,14,0.0034426526544663887,0.004710998369269795,0.15455698496104367,0.14368545026272875,0.0001811922449719152,0.020837108171770247,4
5520.0,17839,19257,19,26,1418,853,793,101,1,14,0.0034420289855072463,0.004710144927536232,0.15452898550724636,0.14365942028985507,0.00018115942028985507,0.020833333333333332,4
5521.0,17842,19257,19,26,1415,853,793,101,1,14,0.0034414055424741895,0.00470929179496468,0.15450099619634125,0.14363339974642275,0.00018112660749864155,0.020829559862343777,4
5522.0,17845,19257,19,26,1412,853,793,101,1,14,0.0034407823252444766,0.004708438971387179,0.15447301702281782,0.14360738862730896,0.00018109380659181456,0.020825787758058673,4
5523.0,17848,19257,19,26,1409,853,794,101,1,14,0.0034401593336954553,0.004707586456635886,0.15444504798116965,0.14376244794495746,0.0001810610175629187,0.020822017019735652,4
5524.0,17851,19260,19,26,1409,854,794,101,1,14,0.0034395365677045617,0.004706734250543085,0.15459811730629977,0.14373642288196958,0.00018102824040550325,0.020818247646632874,4
5525.0,17854,19268,19,26,1414,854,794,101,1,14,0.0034389140271493214,0.004705882352941176,0.15457013574660633,0.143710407239819,0.00018099547511312217,0.02081447963800905,4
5526.0,17857,19268,19,26,1411,855,794,101,1,14,0.003438291711907347,0.004705030763662686,0.15472312703583063,0.14368440101339125,0.00018096272167933406,0.020810712993123415,4
5527.0,17860,19276,19,26,1416,855,794,101,1,14,0.0034376696218563416,0.004704179482540257,0.15469513298353538,0.14365840419757553,0.0001809299800977022,0.02080694771123575,4
5528.0,17863,19276,19,26,1413,856,794,101,1,14,0.0034370477568740954,0.004703328509406657,0.1548480463096961,0.14363241678726482,0.0001808972503617945,0.020803183791606367,4
5529.0,17866,19284,19,26,1418,857,794,101,1,14,0.003436426116838488,0.004702477844094773,0.15500090432266234,0.14360643877735577,0.00018086453246518358,0.02079942123349611,4
5530.0,17869,19292,19,26,1423,857,795,101,1,14,0.0034358047016274863,0.004701627486437613,0.15497287522603978,0.1437613019891501,0.00018083182640144665,0.020795660036166366,4
5531.0,17872,19295,19,26,1423,857,795,101,1,14,0.0034351835111191466,0.004700777436268306,0.15494485626468993,0.14373531007051166,0.0001807991321641656,0.020791900198879044,4
5532.0,17875,19295,19,26,1420,857,795,101,1,14,0.0034345625451916123,0.004699927693420101,0.1549168474331164,0.14370932754880694,0.00018076644974692697,0.020788141720896602,4
5533.0,17878,19295,19,26,1417,857,795,101,1,14,0.0034339418037231157,0.004699078257726369,0.15488884872582687,0.1436833544189409,0.0001807337791433219,0.020784384601482016,4
5534.0,17881,19295,19,26,1414,857,796,101,1,14,0.0034333212865919767,0.0046982291290206,0.15486086013733286,0.14383809179616913,0.00018070112034694616,0.020780628839898806,4
5535.0,17884,19298,19,26,1414,857,796,101,1,14,0.0034327009936766036,0.004697380307136405,0.15483288166214995,0.14381210478771456,0.0001806684733514002,0.02077687443541102,4
5536.0,17887,19298,19,26,1411,858,796,101,1,14,0.0034320809248554913,0.004696531791907515,0.154985549132948,0.14378612716763006,0.000180635838150289,0.020773121387283235,4
5537.0,17890,19306,19,26,1416,858,796,101,1,14,0.003431461080007224,0.0046956835831677805,0.15495755824453675,0.14376015893082897,0.00018060321473722233,0.020769369694780566,4
5538.0,17893,19306,19,26,1413,858,796,101,1,14,0.0034308414590104733,0.004694835680751174,0.15492957746478872,0.14373420007222823,0.00018057060310581438,0.02076561935716865,4
5539.0,17896,19306,19,26,1410,858,796,101,1,14,0.003430222061743997,0.004693988084491786,0.15490160678822892,0.14370825058674852,0.00018053800324968405,0.020761870373713666,4
5540.0,17899,19306,19,26,1407,858,796,101,1,14,0.0034296028880866428,0.004693140794223827,0.1548736462093863,0.14368231046931407,0.00018050541516245486,0.02075812274368231,4
5541.0,17902,19306,19,26,1404,859,796,101,1,14,0.0034289839379173436,0.004692293809781628,0.15502616856163148,0.14365637971485293,0.00018047283883775492,0.020754376466341814,4
5542.0,17905,19314,19,26,1409,860,796,101,1,14,0.003428365211115121,0.004691447130999639,0.15517863587152653,0.14363045831829666,0.00018044027426921688,0.020750631540959942,4
5543.0,17908,19322,19,26,1414,860,796,101,1,14,0.0034277467075590836,0.00469060075771243,0.15515064044741114,0.14360454627458055,0.00018040772145047808,0.02074688796680498,4
5544.0,17911,19322,19,26,1411,860,796,101,1,14,0.003427128427128427,0.00468975468975469,0.15512265512265513,0.14357864357864358,0.00018037518037518038,0.020743145743145744,4
5545.0,17914,19322,19,26,1408,861,796,101,1,14,0.0034265103697024347,0.004688908926961226,0.15527502254283138,0.14355275022542832,0.00018034265103697024,0.020739404869251576,4
5546.0,17917,19330,19,26,1413,861,796,101,1,14,0.003425892535160476,0.0046880634691669676,0.1552470248827984,0.143526866209881,0.00018031013342949875,0.020735665344392355,4
5547.0,17920,19330,19,26,1410,861,797,101,1,14,0.0034252749233820083,0.004687218316206959,0.1552190373174689,0.14368126915449791,0.0001802776275464215,0.020731927167838473,4
5548.0,17923,19333,19,26,1410,862,797,101,1,14,0.003424657534246575,0.004686373467916366,0.15537130497476567,0.14365537130497477,0.0001802451333813987,0.02072819033886085,4
5549.0,17926,19341,19,26,1415,862,797,101,1,14,0.003424040367633808,0.004685528924130474,0.155343305100018,0.14362948278969184,0.00018021265092809516,0.020724454856730943,4
5550.0,17929,19341,19,26,1412,862,797,101,1,14,0.0034234234234234236,0.0046846846846846845,0.1553153153153153,0.1436036036036036,0.00018018018018018018,0.02072072072072072,4
5551.0,17932,19341,19,26,1409,862,797,101,1,14,0.003422806701495226,0.00468384074941452,0.15528733561520447,0.14357773374166816,0.0001801477211313277,0.020716987930102685,4
5552.0,17935,19341,19,26,1406,862,797,101,1,14,0.003422190201729107,0.004682997118155619,0.15525936599423631,0.14355187319884727,0.00018011527377521613,0.020713256484149855,4
5553.0,17938,19341,19,26,1403,862,798,101,1,14,0.0034215739240050424,0.004682153790743742,0.1552314064469656,0.14370610480821178,0.00018008283810552856,0.020709526382135784,4
5554.0,17941,19344,19,26,1403,862,798,101,1,14,0.0034209578682030967,0.004681310767014764,0.15520345696795101,0.14368023046453007,0.00018005041411595248,0.020705797623334535,4
5555.0,17944,19344,19,26,1400,862,798,101,1,14,0.0034203420342034203,0.00468046804680468,0.15517551755175518,0.14365436543654364,0.00018001800180018,0.020702070207020702,4
5556.0,17947,19344,19,26,1397,862,798,101,1,14,0.003419726421886249,0.004679625629949604,0.15514758819294455,0.14362850971922247,0.00017998560115190784,0.020698344132469404,4
5557.0,17950,19344,19,26,1394,862,798,101,1,14,0.0034191110311319055,0.004678783516285766,0.1551196688860896,0.14360266330754004,0.00017995321216483713,0.02069461939895627,4
5558.0,17953,19344,19,26,1391,862,799,101,1,14,0.003418495861820799,0.004677941705649514,0.15509175962576466,0.14375674703130623,0.0001799208348326736,0.020690896005757468,4
5559.0,17956,19347,19,26,1391,863,799,101,1,14,0.0034178809138334233,0.004677100197877316,0.15524374887569706,0.1437308868501529,0.00017988846914912754,0.020687173952149668,4
5560.0,17959,19355,19,26,1396,863,799,101,1,14,0.0034172661870503595,0.004676258992805755,0.1552158273381295,0.14370503597122303,0.00017985611510791367,0.02068345323741007,4
5561.0,17962,19355,19,26,1393,863,799,101,1,14,0.0034166516813522747,0.004675418090271534,0.15518791584247438,0.1436791943894983,0.0001798237727027513,0.0206797338608164,4
5562.0,17965,19355,19,26,1390,864,799,101,1,14,0.0034160373966199207,0.004674577490111471,0.1553398058252427,0.14365336209996404,0.00017979144192736425,0.02067601582164689,4
5563.0,17968,19363,19,26,1395,864,799,101,1,14,0.003415423332734136,0.004673737192162502,0.15531188207801547,0.1436275390976092,0.00017975912277548085,0.0206722991191803,4
5564.0,17971,19363,19,26,1392,864,799,101,1,14,0.0034148094895758447,0.004672897196261682,0.1552839683680805,0.14360172537742633,0.00017972681524083394,0.020668583752695903,4
5565.0,17974,19363,19,26,1389,864,800,101,1,14,0.0034141958670260556,0.004672057502246182,0.15525606469002695,0.14375561545372867,0.00017969451931716083,0.020664869721473494,4
5566.0,17977,19366,19,26,1389,864,801,101,1,14,0.003413582464965864,0.004671218109953288,0.15522817103844772,0.14390945023356091,0.00017966223499820338,0.02066115702479339,4
5567.0,17980,19369,19,26,1389,864,801,101,1,14,0.0034129692832764505,0.004670379019220406,0.15520028740793965,0.14388359978444404,0.00017962996227770793,0.020657445661936412,4
5568.0,17983,19369,19,26,1386,864,801,101,1,14,0.0034123563218390806,0.004669540229885058,0.15517241379310345,0.14385775862068967,0.00017959770114942528,0.02065373563218391,4
5569.0,17986,19369,19,26,1383,864,801,101,1,14,0.003411743580535105,0.004668701741784881,0.15514455018854373,0.14383192673729575,0.0001795654516071108,0.020650026934817742,4
5570.0,17989,19369,19,26,1380,864,801,101,1,14,0.0034111310592459605,0.00466786355475763,0.15511669658886895,0.14380610412926392,0.00017953321364452425,0.02064631956912029,4
5571.0,17992,19369,19,26,1377,864,801,101,1,14,0.003410518757853168,0.004667025668641177,0.15508885298869143,0.14378029079159935,0.0001795009872554299,0.020642613534374438,4
5572.0,17995,19369,19,26,1374,864,801,101,1,14,0.0034099066762383347,0.00466618808327351,0.15506101938262742,0.14375448671931085,0.00017946877243359656,0.020638908829863602,4
5573.0,17998,19369,19,26,1371,864,801,101,1,14,0.003409294814283151,0.004665350798492732,0.15503319576529698,0.14372869190741072,0.00017943656917279743,0.020635205454871703,4
5574.0,18001,19369,19,26,1368,864,801,101,1,14,0.0034086831718693937,0.0046645138141370645,0.155005382131324,0.14370290635091496,0.0001794043774668102,0.020631503408683173,4
5575.0,18004,19369,19,26,1365,864,801,101,1,14,0.0034080717488789236,0.004663677130044843,0.15497757847533633,0.14367713004484306,0.00017937219730941703,0.02062780269058296,4
5576.0,18007,19369,19,26,1362,865,801,101,1,14,0.0034074605451936872,0.004662840746054519,0.15512912482065996,0.14365136298421807,0.0001793400286944046,0.020624103299856526,4
5577.0,18010,19377,19,26,1367,865,801,101,1,14,0.0034068495606957147,0.004662004662004662,0.1551013089474628,0.1436256051640667,0.00017930787161556393,0.02062040523578985,4
5578.0,18013,19377,19,26,1364,865,801,101,1,14,0.0034062387952671206,0.004661168877733955,0.15507350304768736,0.14359985657941915,0.00017927572606669058,0.020616708497669417,4
5579.0,18016,19377,19,26,1361,865,801,102,1,14,0.0034056282487901057,0.004660333393081197,0.1550457071159706,0.1435741172253092,0.0001792435920415845,0.020792256676823804,4
5580.0,18019,19379,19,26,1360,865,801,102,1,14,0.0034050179211469536,0.004659498207885305,0.1550179211469534,0.1435483870967742,0.00017921146953405018,0.02078853046594982,4
5581.0,18022,19379,19,26,1357,865,801,102,1,14,0.003404407812220032,0.004658663321985307,0.15499014513528042,0.14352266618885504,0.00017917935853789643,0.020784805590395986,4
5582.0,18025,19379,19,26,1354,866,801,102,1,14,0.003403797921891795,0.004657828735220351,0.1551415263346471,0.1434969544965962,0.00017914725904693657,0.020781082049444642,4
5583.0,18028,19387,19,26,1359,866,801,102,1,14,0.003403188250044779,0.004656994447429698,0.15511373813361992,0.14347125201504568,0.00017911517105498835,0.020777359842378648,4
5584.0,18031,19387,19,26,1356,867,801,102,1,14,0.0034025787965616047,0.004656160458452722,0.1552650429799427,0.14344555873925502,0.00017908309455587392,0.020773638968481375,4
5585.0,18034,19395,19,26,1361,867,801,102,1,14,0.0034019695613249777,0.004655326768128917,0.15523724261414504,0.14341987466427933,0.00017905102954341988,0.020769919427036706,4
5586.0,18037,19395,19,26,1358,867,801,102,1,14,0.003401360544217687,0.004654493376297888,0.1552094522019334,0.14339419978517723,0.00017901897601145723,0.020766201217329038,4
5587.0,18040,19395,19,26,1355,867,801,102,1,14,0.003400751745122606,0.0046536602827993555,0.15518167173796313,0.14336853409701092,0.00017898693395382138,0.020762484338643278,4
5588.0,18043,19395,19,26,1352,867,801,102,1,14,0.0034001431639226914,0.0046528274874731565,0.15515390121689335,0.1433428775948461,0.00017895490336435218,0.020758768790264854,4
5589.0,18046,19395,19,26,1349,867,801,102,1,14,0.003399534800500984,0.0046519949901592415,0.155126140633387,0.143317230273752,0.0001789228842368939,0.020755054571479692,4
5590.0,18049,19395,19,26,1346,867,801,102,1,14,0.003398926654740608,0.004651162790697674,0.15509838998211092,0.14329159212880144,0.00017889087656529517,0.02075134168157424,4
5591.0,18052,19395,19,26,1343,867,801,102,1,14,0.0033983187265247718,0.004650330888928635,0.15507064925773564,0.14326596315507065,0.00017885888034340904,0.02074763011983545,4
5592.0,18055,19395,19,26,1340,868,801,102,1,14,0.003397711015736767,0.004649499284692418,0.1552217453505007,0.1432403433476395,0.000178826895565093,0.02074391988555079,4
5593.0,18058,19403,19,26,1345,868,801,102,1,14,0.0033971035222599678,0.00464866797782943,0.15519399249061328,0.14321473270159127,0.00017879492222420883,0.020740210978008225,4
5594.0,18061,19403,19,26,1342,868,801,102,1,14,0.0033964962459778333,0.004647836968180193,0.1551662495530926,0.14318913121201288,0.0001787629603146228,0.020736503396496245,4
5595.0,18064,19403,19,26,1339,868,801,102,1,14,0.0033958891867739054,0.004647006255585344,0.1551385165326184,0.14316353887399463,0.00017873100983020553,0.020732797140303842,4
5596.0,18067,19403,19,26,1336,868,801,102,1,14,0.0033952823445318084,0.004646175839885632,0.15511079342387418,0.14313795568263046,0.00017869907076483203,0.020729092208720514,4
5597.0,18070,19403,19,26,1333,868,801,102,1,14,0.003394675719135251,0.004645345720921922,0.15508308022154726,0.14311238163301768,0.00017866714311238162,0.02072538860103627,4
5598.0,18073,19403,19,26,1330,869,801,102,1,14,0.003394069310468024,0.004644515898535191,0.15523401214719543,0.14308681672025725,0.0001786352268667381,0.020721686316541622,4
5599.0,18076,19411,19,26,1335,870,801,102,1,14,0.0033934631184140023,0.00464368637256653,0.15538489015895696,0.14306126093945348,0.0001786033220217896,0.020717985354527593,4
5600.0,18079,19419,19,26,1340,870,801,102,1,14,0.0033928571428571428,0.004642857142857143,0.15535714285714286,0.1430357142857143,0.00017857142857142857,0.020714285714285713,4
5601.0,18082,19419,19,26,1337,870,801,102,1,14,0.0033922513836814857,0.004642028209248348,0.15532940546331012,0.14301017675415104,0.00017853954650955185,0.020710587395108015,4
5602.0,18085,19419,19,26,1334,870,802,102,1,14,0.003391645840771153,0.0046411995715815784,0.1553016779721528,0.14316315601570867,0.0001785076758300607,0.02070689039628704,4
5603.0,18088,19422,19,26,1334,870,802,102,1,14,0.0033910405140103518,0.004640371229698376,0.15527396037836874,0.14313760485454222,0.0001784758165268606,0.02070319471711583,4
5604.0,18091,19422,19,26,1331,870,802,102,1,14,0.003390435403283369,0.0046395431834403995,0.15524625267665954,0.14311206281227695,0.00017844396859386153,0.02069950035688794,4
5605.0,18094,19422,19,26,1328,870,802,102,1,14,0.003389830508474576,0.0046387154326494205,0.15521855486173058,0.14308652988403212,0.0001784121320249777,0.020695807314897414,4
5606.0,18097,19422,19,26,1325,870,802,102,1,14,0.0033892258294684267,0.00463788797716732,0.15519086692829112,0.14306100606493044,0.00017838030681412772,0.020692115590438816,4
5607.0,18100,19422,19,26,1322,870,802,102,1,14,0.003388621366149456,0.004637060816836098,0.15516318887105404,0.1430354913500981,0.00017834849295523454,0.020688425182807207,4
5608.0,18103,19422,19,26,1319,870,802,102,1,14,0.0033880171184022824,0.0046362339514978606,0.1551355206847361,0.14300998573466475,0.0001783166904422254,0.020684736091298145,4
5609.0,18106,19422,19,26,1316,870,802,102,1,14,0.0033874130861116063,0.00463540738099483,0.15510786236405777,0.14298448921376358,0.00017828489926903192,0.0206810483152077,4
5610.0,18109,19422,19,26,1313,870,802,102,1,14,0.0033868092691622105,0.004634581105169341,0.15508021390374332,0.14295900178253118,0.00017825311942959,0.02067736185383244,4
5611.0,18112,19422,19,26,1310,870,802,102,1,14,0.0033862056674389593,0.004633755123863839,0.15505257529852076,0.14293352343610766,0.00017822135091783995,0.020673676706469434,4
5612.0,18115,19422,19,26,1307,871,802,102,1,14,0.0033856022808268,0.004632929436920884,0.1552031361368496,0.1429080541696365,0.0001781895937277263,0.020669992872416252,4
5613.0,18118,19430,19,26,1312,871,802,102,1,14,0.0033849991092107607,0.0046321040441831465,0.1551754854801354,0.14288259397826475,0.00017815784785319794,0.02066631035097096,4
5614.0,18121,19430,19,26,1309,871,802,102,1,14,0.003384396152475953,0.004631278945493409,0.1551478446740292,0.14285714285714285,0.00017812611328820805,0.020662629141432135,4
5615.0,18124,19430,19,26,1306,871,802,102,1,14,0.003383793410507569,0.004630454140694568,0.15512021371326803,0.14283170080142477,0.00017809439002671417,0.020658949243098843,4
5616.0,18127,19430,19,26,1303,872,802,102,1,14,0.003383190883190883,0.004629629629629629,0.15527065527065528,0.14280626780626782,0.00017806267806267807,0.020655270655270654,4
5617.0,18130,19438,19,26,1308,873,802,102,1,14,0.0033825885704112514,0.004628805412141713,0.1554210432615275,0.14278084386683282,0.00017803097739006588,0.020651593377247642,4
5618.0,18133,19446,19,26,1313,873,802,102,1,14,0.003381986472054112,0.004627981488074048,0.1553933784264863,0.14275542897828408,0.000177999288002848,0.020647917408330368,4
5619.0,18136,19446,19,26,1310,873,802,102,1,14,0.003381384588004983,0.004627157857269977,0.1553657234383342,0.14273002313578928,0.0001779676098949991,0.020644242747819896,4
5620.0,18139,19446,19,26,1307,873,802,102,1,14,0.0033807829181494663,0.004626334519572953,0.15533807829181495,0.14270462633451958,0.00017793594306049823,0.020640569395017794,4
5621.0,18142,19446,19,26,1304,873,802,102,1,14,0.0033801814623732433,0.004625511474826543,0.15531044298167584,0.14267923856964954,0.0001779042874933286,0.020636897349226118,4
5622.0,18145,19446,19,26,1301,873,802,103,1,14,0.0033795802205620774,0.004624688722874422,0.1552828175026681,0.14265385983635717,0.00017787264318747776,0.0208110992529349,4
5623.0,18148,19448,19,26,1300,874,802,103,1,14,0.003378979192601814,0.004623866263560377,0.15543304285968346,0.14262849012982393,0.00017784101013693757,0.020807398186021696,4
5624.0,18151,19456,19,26,1305,874,802,103,1,14,0.0033783783783783786,0.004623044096728307,0.1554054054054054,0.1426031294452347,0.00017780938833570413,0.020803698435277383,4
5625.0,18154,19456,19,26,1302,875,802,103,1,14,0.0033777777777777777,0.004622222222222222,0.15555555555555556,0.14257777777777778,0.00017777777777777779,0.0208,4
5626.0,18157,19464,19,26,1307,875,802,103,1,14,0.0033771773906861,0.004621400639886242,0.15552790615001777,0.14255243512264487,0.00017774617845716317,0.020796302879488093,4
5627.0,18160,19464,19,26,1304,876,802,103,1,14,0.003376577216989515,0.004620579349564599,0.15567798116225343,0.1425271014750311,0.00017771459036786921,0.020792607073040696,4
5628.0,18163,19472,19,26,1309,876,803,103,1,14,0.0033759772565742714,0.004619758351101635,0.15565031982942432,0.14267945984363894,0.00017768301350390902,0.020788912579957356,4
5629.0,18166,19475,19,26,1309,876,803,103,1,14,0.003375377509326701,0.004618937644341801,0.15562266832474686,0.14265411263101793,0.00017765144785930004,0.020785219399538105,4
5630.0,18169,19475,19,26,1306,877,803,103,1,14,0.003374777975133215,0.004618117229129663,0.15577264653641207,0.14262877442273533,0.00017761989342806393,0.02078152753108348,4
5631.0,18172,19483,19,26,1311,877,803,103,1,14,0.0033741786538803056,0.004617297105309891,0.15574498312910673,0.14260344521399396,0.0001775883502042266,0.02077783697389451,4
5632.0,18175,19483,19,26,1308,877,803,103,1,14,0.0033735795454545455,0.004616477272727273,0.15571732954545456,0.142578125,0.0001775568181818182,0.020774147727272728,4
5633.0,18178,19483,19,26,1305,877,803,103,1,14,0.003372980649742588,0.004615657731226699,0.15568968578022369,0.14255281377596307,0.00017752529735487306,0.020770459790520147,4
5634.0,18181,19483,19,26,1302,877,803,103,1,14,0.0033723819666311677,0.004614838480653177,0.15566205182818602,0.1425275115370962,0.0001774937877174299,0.020766773162939296,4
5635.0,18184,19483,19,26,1299,877,803,103,1,14,0.0033717834960070984,0.004614019520851819,0.15563442768411712,0.14250221827861578,0.0001774622892635315,0.020763087843833187,4
5636.0,18187,19483,19,26,1296,877,803,103,1,14,0.003371185237757275,0.0046132008516678496,0.1556068133427963,0.14247693399574166,0.000177430801987225,0.020759403832505324,4
5637.0,18190,19483,19,26,1293,877,803,103,1,14,0.0033705871917686712,0.004612382472946603,0.15557920879900655,0.142451658683697,0.00017739932588256165,0.020755721128259713,4
5638.0,18193,19483,19,26,1290,877,803,103,1,14,0.0033699893579283435,0.0046115643845335225,0.1555516140475346,0.1424263923377084,0.000177367860943597,0.02075203973040085,4
5639.0,18196,19483,19,26,1287,877,803,103,1,14,0.0033693917361234263,0.004610746586274162,0.15552402908317078,0.14240113495300585,0.00017733640716439085,0.02074835963823373,4
5640.0,18199,19483,19,26,1284,877,803,103,1,14,0.003368794326241135,0.004609929078014184,0.1554964539007092,0.1423758865248227,0.0001773049645390071,0.02074468085106383,4
5641.0,18202,19483,19,26,1281,878,803,103,1,14,0.0033681971281687645,0.004609111859599362,0.1556461620280092,0.14235064704839567,0.0001772735330615139,0.020741003368197126,4
5642.0,18205,19491,19,26,1286,878,803,103,1,14,0.00336760014179369,0.004608294930875576,0.1556185749734137,0.1423254165189649,0.0001772421127259837,0.020737327188940093,4
5643.0,18208,19491,19,26,1283,878,803,103,1,14,0.003367003367003367,0.004607478291688818,0.15559099769626086,0.14230019493177387,0.000177210703526493,0.02073365231259968,4
5644.0,18211,19491,19,26,1280,878,803,103,1,14,0.0033664068036853294,0.004606661941885188,0.15556343019135366,0.14227498228206945,0.00017717930545712261,0.020729978738483344,4
5645.0,18214,19491,19,26,1277,878,804,103,1,14,0.003365810451727192,0.004605845881310895,0.15553587245349867,0.14242692648361382,0.0001771479185119575,0.020726306465899024,4
5646.0,18217,19494,19,26,1277,878,805,103,1,14,0.003365214311016649,0.004605030109812256,0.1555083244775062,0.14257881686149487,0.00017711654268508679,0.020722635494155154,4
5647.0,18220,19497,19,26,1277,878,805,104,1,14,0.0033646183814414732,0.004604214627235701,0.1554807862581902,0.1425535682663361,0.00017708517797060386,0.020896051000531254,4
5648.0,18223,19499,19,26,1276,878,806,104,1,14,0.0033640226628895184,0.004603399433427762,0.15545325779036828,0.14270538243626063,0.00017705382436260624,0.020892351274787536,4
5649.0,18226,19502,19,26,1276,878,806,104,1,14,0.0033634271552487167,0.004602584528235086,0.15542573906886176,0.14268012037528766,0.0001770224818551956,0.020888652858913084,4
5650.0,18229,19502,19,26,1273,879,806,104,1,14,0.0033628318584070795,0.004601769911504424,0.15557522123893805,0.14265486725663717,0.00017699115044247788,0.02088495575221239,4
5651.0,18232,19510,19,26,1278,879,806,104,1,14,0.0033622367722526986,0.004600955583082641,0.15554769067421695,0.14262962307556185,0.00017695983011856308,0.020881259953990445,4
5652.0,18235,19510,19,26,1275,879,806,104,1,14,0.003361641896673744,0.0046001415428167025,0.15552016985138004,0.14260438782731777,0.00017692852087756547,0.020877565463552725,4
5653.0,18238,19510,19,26,1272,880,806,104,1,14,0.0033610472315584645,0.004599327790553688,0.155669555987971,0.14257916150716435,0.0001768972227136034,0.0208738722802052,4
5654.0,18241,19518,19,26,1277,880,806,104,1,14,0.0033604527767951893,0.004598514326140785,0.1556420233463035,0.14255394411036434,0.00017686593562079943,0.020870180403254335,4
5655.0,18244,19518,19,26,1274,880,806,104,1,14,0.0033598585322723255,0.004597701149425287,0.15561450044208666,0.1425287356321839,0.00017683465959328028,0.020866489832007073,4
5656.0,18247,19518,19,26,1271,880,806,104,1,14,0.0033592644978783595,0.004596888260254597,0.15558698727015557,0.1425035360678925,0.0001768033946251768,0.02086280056577086,4
5657.0,18250,19518,19,26,1268,880,806,104,1,14,0.003358670673501856,0.004596075658476224,0.15555948382534912,0.14247834541276294,0.00017677214071062401,0.020859112603853633,4
5658.0,18253,19518,19,26,1265,880,806,104,1,14,0.00335807705903146,0.004595263343937788,0.15553199010250973,0.1424531636620714,0.00017674089784376105,0.020855425945563805,4
5659.0,18256,19518,19,26,1262,880,806,104,1,14,0.0033574836543558933,0.004594451316487012,0.15550450609648347,0.14242799081109736,0.00017670966601873123,0.020851740590210284,4
5660.0,18259,19518,19,26,1259,880,806,104,1,14,0.0033568904593639574,0.004593639575971731,0.15547703180212014,0.14240282685512368,0.00017667844522968197,0.020848056537102474,4
5661.0,18262,19518,19,26,1256,880,806,105,1,14,0.0033562974739445328,0.004592828122239887,0.1554495672142731,0.1423776717894365,0.0001766472354707649,0.021021021021021023,4
5662.0,18265,19520,19,26,1255,880,806,105,1,14,0.003355704697986577,0.0045920169551395265,0.15542211232779937,0.14235252560932532,0.00017661603673613564,0.02101730837160014,4
5663.0,18268,19520,19,26,1252,880,806,105,1,14,0.0033551121313791276,0.0045912060745188065,0.1553946671375596,0.142327388310083,0.0001765848490199541,0.021013597033374538,4
5664.0,18271,19520,19,26,1249,880,806,105,1,14,0.0033545197740112993,0.004590395480225989,0.1553672316384181,0.14230225988700565,0.00017655367231638418,0.021009887005649718,4
5665.0,18274,19520,19,26,1246,880,806,105,1,14,0.003353927625772286,0.004589585172109444,0.1553398058252427,0.14227714033539277,0.000176522506619594,0.021006178287731686,4
5666.0,18277,19520,19,26,1243,880,806,105,1,14,0.003353335686551359,0.004588775150017649,0.15531238969290503,0.14225202965054712,0.00017649135192375574,0.021002470878926933,4
5667.0,18280,19520,19,26,1240,880,806,105,1,14,0.0033527439562378684,0.004587965413799188,0.1552849832362802,0.14222692782777482,0.0001764602082230457,0.02099876477854244,4
5668.0,18283,19520,19,26,1237,880,806,105,1,14,0.0033521524347212422,0.0045871559633027525,0.155257586450247,0.14220183486238533,0.00017642907551164433,0.020995059985885675,4
5669.0,18286,19520,19,26,1234,880,806,105,1,14,0.003351561121890986,0.0045863467983771385,0.15523019932968776,0.1421767507496913,0.0001763979537837361,0.020991356500264596,4
5670.0,18289,19520,19,26,1231,880,806,105,1,14,0.003350970017636684,0.004585537918871252,0.15520282186948853,0.14215167548500882,0.0001763668430335097,0.020987654320987655,4
5671.0,18292,19520,19,26,1228,880,806,105,1,14,0.0033503791218479984,0.0045847293246341035,0.1551754540645389,0.1421266090636572,0.00017633574325515782,0.02098395344736378,4
5672.0,18295,19520,19,26,1225,881,806,105,1,14,0.0033497884344146685,0.004583921015514809,0.1553244005641749,0.1421015514809591,0.0001763046544428773,0.020980253878702396,4
5673.0,18298,19528,19,26,1230,881,806,105,1,14,0.0033491979552265115,0.004583112991362595,0.15529702097655562,0.14207650273224043,0.00017627357659086903,0.020976555614313414,4
5674.0,18301,19528,19,26,1227,881,807,105,1,14,0.0033486076841734227,0.004582305252026789,0.1552696510398308,0.1422277053225238,0.00017624250969333803,0.020972858653507225,4
5675.0,18304,19531,19,26,1227,881,807,105,1,14,0.0033480176211453743,0.0045814977973568285,0.15524229074889867,0.14220264317180617,0.0001762114537444934,0.020969162995594714,4
5676.0,18307,19531,19,26,1224,881,807,105,1,14,0.0033474277660324172,0.0045806906272022555,0.15521494009866102,0.14217758985200846,0.00017618040873854828,0.020965468639887245,4
5677.0,18310,19531,19,26,1221,882,807,105,1,14,0.0033468381187246785,0.004579883741412718,0.15536374845869297,0.14215254535846397,0.00017614937466971993,0.02096177558569667,4
5678.0,18313,19539,19,26,1226,883,807,105,1,14,0.0033462486791123636,0.004579077139837971,0.1555125044029588,0.14212750968650933,0.00017611835153222966,0.020958083832335328,4
5679.0,18316,19547,19,26,1231,883,807,105,1,14,0.0033456594470857547,0.004578270822327875,0.15548512061982744,0.1421024828314844,0.00017608733932030288,0.020954393379116042,4
5680.0,18319,19547,19,26,1228,883,807,105,1,14,0.003345070422535211,0.004577464788732394,0.15545774647887323,0.1420774647887324,0.00017605633802816902,0.020950704225352113,4
5681.0,18322,19547,19,26,1225,883,807,105,1,14,0.0033444816053511705,0.004576659038901602,0.1554303819750044,0.14205245555359972,0.0001760253476500616,0.02094701637035733,4
5682.0,18325,19547,19,26,1222,883,807,105,1,14,0.0033438929954241465,0.0045758535726856744,0.1554030271031327,0.1420274551214361,0.00017599436818021823,0.02094332981344597,4
5683.0,18328,19547,19,26,1219,883,807,106,1,14,0.00334330459264473,0.004575048389934893,0.1553756818581735,0.14200246348759457,0.00017596339961288053,0.021115607953545664,4
5684.0,18331,19549,19,26,1218,883,808,106,1,14,0.003342716396903589,0.004574243490499648,0.15534834623504573,0.14215341308937368,0.00017593244194229416,0.0211118930330753,4
5685.0,18334,19552,19,26,1218,884,808,106,1,14,0.003342128408091469,0.004573438874230431,0.15549692172383464,0.1421284080914688,0.00017590149516270889,0.021108179419525065,4
5686.0,18337,19560,19,26,1223,884,808,106,1,14,0.003341540626099191,0.0045726345409778405,0.15546957439324657,0.1421034118888498,0.00017587055926837847,0.021104467112205417,4
5687.0,18340,19560,19,26,1220,884,808,106,1,14,0.003340953050817654,0.004571830490592579,0.1554422366801477,0.14207842447687707,0.00017583963425356076,0.02110075611042729,4
5688.0,18343,19560,19,26,1217,884,808,106,1,14,0.003340365682137834,0.004571026722925457,0.15541490857946555,0.1420534458509142,0.00017580872011251758,0.02109704641350211,4
5689.0,18346,19560,19,26,1214,884,808,106,1,14,0.0033397785199507824,0.004570223237827386,0.15538759008613112,0.142028476006328,0.00017577781683951485,0.021093338020741783,4
5690.0,18349,19560,19,26,1211,884,808,106,1,14,0.0033391915641476275,0.0045694200351493845,0.15536028119507908,0.1420035149384886,0.0001757469244288225,0.0210896309314587,4
5691.0,18352,19560,19,26,1208,884,808,106,1,14,0.0033386048146195747,0.004568617114742576,0.15533298190124759,0.14197856264276928,0.00017571604287471446,0.021085925144965736,4
5692.0,18355,19560,19,26,1205,884,808,106,1,14,0.0033380182712579058,0.004567814476458187,0.15530569219957835,0.14195361911454674,0.00017568517217146873,0.02108222066057625,4
5693.0,18358,19560,19,26,1202,884,808,106,1,14,0.0033374319339539785,0.0045670121201475495,0.1552784120850167,0.14192868434920078,0.0001756543123133673,0.021078517477604076,4
5694.0,18361,19560,19,26,1199,884,808,107,1,14,0.0033368458025992273,0.0045662100456621,0.1552511415525114,0.1419037583421145,0.00017562346329469617,0.021250439058658237,4
5695.0,18364,19562,19,26,1198,884,808,107,1,14,0.0033362598770851626,0.0045654082528533806,0.15522388059701492,0.14187884108867427,0.0001755926251097454,0.021246707638279193,4
5696.0,18367,19562,19,26,1195,884,808,107,1,14,0.0033356741573033707,0.004564606741573034,0.15519662921348315,0.14185393258426968,0.00017556179775280898,0.021242977528089887,4
5697.0,18370,19562,19,26,1192,884,808,107,1,14,0.003335088643145515,0.004563805511672811,0.15516938739687555,0.1418290328242935,0.000175530981218185,0.021239248727400385,4
5698.0,18373,19562,19,26,1189,884,808,107,1,14,0.0033345033345033347,0.004563004563004563,0.15514215514215515,0.1418041418041418,0.0001755001755001755,0.021235521235521235,4
5699.0,18376,19562,19,26,1186,884,808,107,1,14,0.0033339182312686435,0.004562203895420249,0.15511493244428848,0.14177925951921388,0.00017546938059308652,0.021231795051763466,4
5700.0,18379,19562,19,26,1183,884,809,107,1,14,0.0033333333333333335,0.004561403508771929,0.1550877192982456,0.14192982456140352,0.00017543859649122806,0.021228070175438596,4
5701.0,18382,19565,19,26,1183,884,809,108,1,14,0.00333274864058937,0.00456060340291177,0.15506051569900017,0.14190492895983162,0.00017540782318891423,0.021399754429047537,4
5702.0,18385,19567,19,26,1182,884,809,108,1,14,0.003332164152928797,0.004559803577692038,0.15503332164152928,0.14188004209049457,0.00017537706068046299,0.021396001403016486,4
5703.0,18388,19567,19,26,1179,884,809,109,1,14,0.0033315798702437316,0.004559004032965106,0.1550061371208136,0.14185516394879888,0.0001753463089601964,0.021567596002104155,4
5704.0,18391,19569,19,26,1178,884,809,109,1,14,0.0033309957924263674,0.00455820476858345,0.15497896213183732,0.14183029453015428,0.0001753155680224404,0.021563814866760168,4
5705.0,18394,19569,19,26,1175,884,809,109,1,14,0.0033304119193689747,0.004557405784399649,0.15495179666958808,0.1418054338299737,0.00017528483786152498,0.02156003505696757,4
5706.0,18395,19569,20,26,1174,884,809,109,1,14,0.0035050823694356818,0.004556607080266386,0.15492464072905712,0.14178058184367331,0.0001752541184717841,0.021556256572029444,4
5707.0,18414,19681,20,26,1267,885,809,109,1,14,0.0035044681969511127,0.004555808656036446,0.15507271771508674,0.1417557385666725,0.00017522340984755565,0.021552479411249343,4
5708.0,18417,19689,20,26,1272,885,809,109,1,14,0.00350385423966363,0.004555010511562719,0.15504555010511561,0.14173090399439384,0.0001751927119831815,0.021548703573931325,4
5709.0,18420,19689,20,26,1269,886,809,109,1,14,0.0035032404974601507,0.004554212646698196,0.15519355403748467,0.1417060781222631,0.00017516202487300754,0.021544929059379925,4
5710.0,18423,19697,20,26,1274,886,809,109,1,14,0.0035026269702276708,0.004553415061295972,0.1551663747810858,0.1416812609457093,0.00017513134851138354,0.021541155866900176,4
5711.0,18426,19697,20,26,1271,886,809,109,1,14,0.003502013657853266,0.004552617755209245,0.15513920504289966,0.1416564524601646,0.0001751006828926633,0.021537383995797584,4
5712.0,18429,19697,20,26,1268,887,809,109,1,14,0.0035014005602240898,0.004551820728291317,0.15528711484593838,0.14163165266106442,0.00017507002801120448,0.02153361344537815,4
5713.0,18432,19705,20,26,1273,887,809,109,1,14,0.003500787677227376,0.004551023980395589,0.15525993348503414,0.14160686154384736,0.00017503938386136881,0.021529844214948364,4
5714.0,18433,19705,21,26,1272,887,809,109,1,14,0.0036751837591879593,0.004550227511375569,0.15523276163808192,0.1415820791039552,0.00017500875043752187,0.02152607630381519,4
5715.0,18452,19817,21,26,1365,887,809,109,1,14,0.003674540682414698,0.004549431321084864,0.15520559930008748,0.1415573053368329,0.00017497812773403323,0.02152230971128609,4
5716.0,18455,19817,21,26,1362,888,809,109,1,14,0.003673897830650805,0.004548635409377187,0.15535339398180545,0.14153254023792863,0.0001749475157452764,0.021518544436669,4
5717.0,18458,19825,21,26,1367,888,809,109,1,14,0.0036732552037782055,0.00454783977610635,0.15532622004547839,0.14150778380269372,0.00017491691446562882,0.021514780479272345,4
5718.0,18461,19825,21,26,1364,888,809,109,1,14,0.0036726128016789086,0.004547044421126268,0.155299055613851,0.14148303602658271,0.00017488632388947185,0.021511017838405037,4
5719.0,18464,19825,21,26,1361,888,809,109,1,14,0.0036719706242350062,0.00454624934429096,0.1552719006819374,0.14145829690505332,0.00017485574401119076,0.021507256513376465,4
5720.0,18467,19825,21,26,1358,888,809,109,1,14,0.0036713286713286712,0.004545454545454545,0.15524475524475526,0.14143356643356644,0.00017482517482517483,0.021503496503496502,4
5721.0,18470,19825,21,26,1355,888,810,109,1,14,0.0036706869428421605,0.004544660024471246,0.15521761929732564,0.1415836392239119,0.00017479461632581716,0.02149973780807551,4
5722.0,18473,19828,21,26,1355,888,810,109,1,14,0.003670045438657812,0.004543865781195386,0.1551904928346732,0.14155889549108702,0.00017476406850751484,0.021495980426424328,4
5723.0,18476,19828,21,26,1352,888,810,109,1,14,0.0036694041586580466,0.004543071815481391,0.15516337585182596,0.1415341604053818,0.00017473353136466887,0.02149222435785427,4
5724.0,18479,19828,21,26,1349,888,811,109,1,14,0.003668763102725367,0.004542278127183787,0.15513626834381553,0.14168413696715584,0.00017470300489168413,0.02148846960167715,4
5725.0,18482,19831,21,26,1349,888,811,109,1,14,0.003668122270742358,0.004541484716157205,0.15510917030567686,0.14165938864628821,0.00017467248908296942,0.02148471615720524,4
5726.0,18485,19831,21,26,1346,888,811,109,1,14,0.003667481662591687,0.0045406915822563745,0.15508208173244847,0.14163464896961228,0.00017464198393293747,0.021480964023751308,4
5727.0,18488,19831,21,26,1343,888,811,109,1,14,0.003666841278156103,0.004539898725336127,0.15505500261917235,0.14160991793259997,0.00017461148943600488,0.021477213200628602,4
5728.0,18491,19831,21,26,1340,888,811,109,1,14,0.003666201117318436,0.004539106145251397,0.15502793296089384,0.14158519553072627,0.00017458100558659218,0.021473463687150838,4
5729.0,18494,19831,21,26,1337,888,811,109,1,14,0.003665561179961599,0.004538313841857218,0.1550008727526619,0.14156048175946936,0.00017455053237912376,0.021469715482632223,4
5730.0,18495,19831,22,26,1336,888,811,109,1,14,0.0038394415357766143,0.004537521815008726,0.1549738219895288,0.14153577661431063,0.00017452006980802793,0.021465968586387434,4
5731.0,18514,19946,22,26,1432,888,811,109,1,14,0.003838771593090211,0.004536730064561159,0.15494678066655035,0.1415110800907346,0.00017448961786773688,0.021462222997731636,4
5732.0,18517,19946,22,26,1429,888,811,109,1,14,0.0038381018841591066,0.0045359385903698535,0.15491974877878575,0.1414863921842289,0.00017445917655268666,0.021458478715980462,4
5733.0,18520,19946,22,26,1426,888,811,109,1,14,0.0038374324088609802,0.0045351473922902496,0.15489272632129775,0.1414617128902843,0.00017442874585731728,0.021454735740450027,4
5734.0,18521,19946,22,27,1425,888,811,109,1,14,0.0038367631670735963,0.004708754795953959,0.1548657132891524,0.14143704220439485,0.00017439832577607255,0.021450994070456923,4
5735.0,18566,20240,22,27,1674,888,811,109,1,14,0.0038360941586748037,0.004707933740191805,0.15483870967741936,0.14141238012205753,0.0001743679163034002,0.02144725370531822,4
5736.0,18569,20240,22,27,1671,888,812,109,1,14,0.0038354253835425384,0.004707112970711297,0.15481171548117154,0.14156206415620642,0.00017433751743375174,0.021443514644351465,4
5737.0,18572,20243,22,27,1671,888,812,109,1,14,0.0038347568415548197,0.0047062924873627334,0.15478473069548546,0.14153738887920517,0.0001743071291615827,0.02143977688687467,4
5738.0,18575,20243,22,27,1668,889,812,109,1,14,0.0038340885325897525,0.004705472289996514,0.15493203206692227,0.14151272220285813,0.0001742767514813524,0.021436040432206344,4
5739.0,18578,20251,22,27,1673,889,812,109,1,14,0.003833420456525527,0.004704652378463147,0.1549050357205088,0.14148806412266945,0.00017424638438752395,0.021432305279665446,4
5740.0,18581,20251,22,27,1670,889,812,109,1,14,0.003832752613240418,0.004703832752613241,0.1548780487804878,0.14146341463414633,0.00017421602787456446,0.02142857142857143,4
5741.0,18584,20251,22,27,1667,889,812,109,1,14,0.0038320850026127853,0.004703013412297509,0.15485107124194392,0.14143877373279917,0.00017418568193694478,0.021424838878244208,4
5742.0,18587,20251,22,27,1664,889,812,109,1,14,0.0038314176245210726,0.004702194357366771,0.15482410309996517,0.1414141414141414,0.00017415534656913968,0.021421107628004178,4
5743.0,18590,20251,22,27,1661,889,812,109,1,14,0.00383075047884381,0.004701375587671948,0.15479714434964303,0.1413895176736897,0.00017412502176562773,0.02141737767717221,4
5744.0,18593,20251,22,27,1658,889,812,109,1,14,0.00383008356545961,0.004700557103064067,0.15477019498607242,0.1413649025069638,0.00017409470752089137,0.021413649025069637,4
5745.0,18596,20251,22,27,1655,890,812,109,1,14,0.0038294168842471716,0.004699738903394256,0.15491731940818101,0.14134029590948652,0.00017406440382941688,0.021409921671018278,4
5746.0,18599,20259,22,27,1660,890,812,109,1,14,0.0038287504350852765,0.004698920988513749,0.154890358510268,0.14131569787678386,0.0001740341106856944,0.02140619561434041,4
5747.0,18602,20259,22,27,1657,890,812,109,1,14,0.003828084217852793,0.004698103358273882,0.15486340699495388,0.14129110840438489,0.00017400382808421786,0.021402470854358795,4
5748.0,18605,20259,22,27,1654,890,812,109,1,14,0.003827418232428671,0.004697286012526096,0.15483646485734168,0.14126652748782184,0.00017397355601948505,0.02139874739039666,4
5749.0,18608,20259,22,27,1651,890,812,109,1,14,0.0038267524786919464,0.004696468951121934,0.15480953209253784,0.14124195512263002,0.00017394329448599757,0.021395025221777702,4
5750.0,18611,20259,22,27,1648,890,812,109,1,14,0.0038260869565217392,0.0046956521739130435,0.15478260869565216,0.14121739130434782,0.00017391304347826088,0.021391304347826087,4
5751.0,18614,20259,22,27,1645,890,812,109,1,14,0.0038254216657972527,0.004694835680751174,0.15475569466179795,0.1411928360285168,0.0001738828029907842,0.02138758476786646,4
5752.0,18617,20259,22,27,1642,890,813,109,1,14,0.0038247566063977748,0.004694019471488178,0.1547287899860918,0.1413421418636996,0.00017385257301808066,0.021383866481223923,4
5753.0,18620,20262,22,27,1642,890,813,109,1,14,0.0038240917782026767,0.004693203545976013,0.15470189466365375,0.1413175734399444,0.00017382235355466714,0.021380149487224057,4
5754.0,18623,20262,22,27,1639,890,813,109,1,14,0.0038234271810914148,0.0046923879040667365,0.15467500868960724,0.14129301355578727,0.0001737921445950643,0.02137643378519291,4
5755.0,18626,20262,22,27,1636,890,813,109,1,14,0.0038227628149435275,0.004691572545612511,0.15464813205907907,0.14126846220677672,0.0001737619461337967,0.021372719374456995,4
5756.0,18629,20262,22,27,1633,890,813,109,1,14,0.003822098679638638,0.004690757470465601,0.15462126476719945,0.1412439193884642,0.00017373175816539263,0.021369006254343292,4
5757.0,18632,20262,22,27,1630,890,813,109,1,14,0.003821434775056453,0.004689942678478374,0.15459440680910197,0.1412193850964044,0.00017370158068438424,0.02136529442417926,4
5758.0,18635,20262,22,27,1627,890,814,109,1,14,0.0038207711010767626,0.0046891281695033,0.1545675581799236,0.1413685307398402,0.0001736714136853074,0.02136158388329281,4
5759.0,18638,20265,22,27,1627,890,814,109,1,14,0.003820107657579441,0.00468831394339295,0.15454071887480467,0.14134398333043932,0.00017364125716270185,0.021357874631012328,4
5760.0,18641,20265,22,27,1624,891,814,109,1,14,0.0038194444444444443,0.0046875,0.1546875,0.14131944444444444,0.00017361111111111112,0.021354166666666667,4
5761.0,18644,20273,22,27,1629,891,814,109,1,14,0.003818781461551814,0.004686686339177226,0.15466064919284847,0.14129491407741712,0.00017358097552508245,0.02135045998958514,4
5762.0,18647,20273,22,27,1626,891,814,109,1,14,0.0038181187087816732,0.004685872960777508,0.15463380770565777,0.1412703922249219,0.00017355085039916696,0.021346754599097535,4
5763.0,18650,20273,22,27,1623,891,815,109,1,14,0.0038174561860142286,0.004685059864653826,0.15460697553357627,0.1414193996182544,0.00017352073572791948,0.021343050494534097,4
5764.0,18653,20276,22,27,1623,891,815,109,1,14,0.003816793893129771,0.004684247050659264,0.15458015267175573,0.1413948646773074,0.00017349063150589867,0.021339347675225537,4
5765.0,18656,20276,22,27,1620,891,815,109,1,14,0.003816131830008673,0.0046834345186470075,0.15455333911535127,0.14137033824804857,0.00017346053772766696,0.021335646140503036,4
5766.0,18659,20276,22,27,1617,892,815,109,1,14,0.003815469996531391,0.004682622268470343,0.15469996531390912,0.14134582032604925,0.0001734304543877905,0.02133194588969823,4
5767.0,18662,20284,22,27,1622,892,815,109,1,14,0.0038148083925784635,0.00468181029998266,0.15467314028090862,0.141321310906884,0.00017340038148083925,0.02132824692214323,4
5768.0,18665,20284,22,27,1619,893,815,109,1,14,0.0038141470180305132,0.004680998613037448,0.15481969486823854,0.14129680998613037,0.00017337031900138697,0.021324549237170597,4
5769.0,18668,20292,22,27,1624,893,815,109,1,14,0.003813485872768244,0.0046801872074883,0.1547928583810019,0.14127231755936903,0.0001733402669440111,0.021320852834113363,4
5770.0,18671,20292,22,27,1621,893,815,109,1,14,0.0038128249566724438,0.004679376083188908,0.15476603119584056,0.1412478336221837,0.0001733102253032929,0.021317157712305027,4
5771.0,18674,20292,22,27,1618,893,815,109,1,14,0.003812164269623982,0.004678565239993069,0.1547392133079189,0.14122335817016116,0.00017328019407381737,0.021313463871079536,4
5772.0,18677,20292,22,27,1615,893,815,109,1,14,0.0038115038115038116,0.004677754677754678,0.15471240471240472,0.1411988911988912,0.00017325017325017325,0.02130977130977131,4
5773.0,18680,20292,22,27,1612,893,815,109,1,14,0.0038108435821929674,0.0046769443963277325,0.15468560540446907,0.14117443270396673,0.00017322016282695306,0.021306080027715227,4
5774.0,18683,20292,22,27,1609,893,815,109,1,14,0.0038101835815725666,0.004676134395566332,0.15465881537928647,0.14114998268098372,0.00017319016279875303,0.021302390024246623,4
5775.0,18686,20292,22,27,1606,893,815,109,1,14,0.0038095238095238095,0.004675324675324675,0.15463203463203462,0.14112554112554113,0.00017316017316017316,0.0212987012987013,4
5776.0,18689,20292,22,27,1603,893,815,109,1,14,0.003808864265927978,0.004674515235457063,0.15460526315789475,0.141101108033241,0.00017313019390581717,0.021295013850415514,4
5777.0,18692,20292,22,27,1600,893,816,109,1,14,0.0038082049506664357,0.0046737060758178985,0.15457850095205125,0.1412497836247187,0.00017310022503029253,0.021291327678725984,4
5778.0,18695,20295,22,27,1600,893,816,109,1,14,0.00380754586362063,0.004672897196261682,0.15455174800969193,0.14122533748701974,0.00017307026652821047,0.021287642782969886,4
5779.0,18698,20295,22,27,1597,893,817,109,1,14,0.003806887004672089,0.0046720885966430176,0.15452500432600796,0.14137394012804982,0.00017304031839418584,0.02128395916248486,4
5780.0,18701,20298,22,27,1597,893,817,109,1,14,0.0038062283737024223,0.004671280276816609,0.15449826989619378,0.14134948096885813,0.00017301038062283736,0.021280276816608996,4
5781.0,18704,20298,22,27,1594,893,817,109,1,14,0.003805569970593323,0.00467047223663726,0.15447154471544716,0.1413250302715793,0.0001729804532087874,0.02127659574468085,4
5782.0,18707,20298,22,27,1591,893,817,109,1,14,0.0038049117952265654,0.004669664475959875,0.15444482877896923,0.1413005880318229,0.00017295053614666206,0.021272915946039434,4
5783.0,18710,20298,22,27,1588,893,817,109,1,14,0.003804253847484005,0.00466885699463946,0.15441812208196437,0.14127615424520146,0.00017292062943109114,0.02126923742002421,4
5784.0,18713,20298,22,27,1585,893,817,109,1,14,0.0038035961272475795,0.00466804979253112,0.1543914246196404,0.14125172890733056,0.00017289073305670817,0.021265560165975105,4
5785.0,18716,20298,22,27,1582,893,817,109,1,14,0.0038029386343993088,0.00466724286949006,0.1543647363872083,0.14122731201382888,0.00017286084701815038,0.021261884183232497,4
5786.0,18719,20298,22,27,1579,893,818,109,1,14,0.0038022813688212928,0.004666436225371586,0.1543380573798825,0.14137573453162808,0.00017283097131005876,0.021258209471137227,4
5787.0,18722,20301,22,27,1579,893,818,109,1,14,0.0038016243303957147,0.004665629860031105,0.1543113875928806,0.14135130464834975,0.00017280110592707794,0.021254536029030584,4
5788.0,18725,20301,22,27,1576,893,818,109,1,14,0.0038009675190048375,0.0046648237733241185,0.15428472702142362,0.14132688320663442,0.00017277125086385625,0.02125086385625432,4
5789.0,18728,20301,22,27,1573,893,818,109,1,14,0.003800310934531007,0.004664017965106236,0.15425807566073588,0.14130247020210746,0.00017274140611504577,0.02124719295215063,4
5790.0,18731,20301,22,27,1570,893,818,109,1,14,0.0037996545768566492,0.00466321243523316,0.1542314335060449,0.14127806563039724,0.00017271157167530224,0.021243523316062177,4
5791.0,18734,20301,22,27,1567,893,818,109,1,14,0.003798998445864272,0.004662407183560697,0.1542048005525816,0.14125366948713522,0.0001726817475392851,0.021239854947332066,4
5792.0,18737,20301,22,27,1564,893,819,109,1,14,0.003798342541436464,0.004661602209944752,0.1541781767955801,0.14140193370165746,0.00017265193370165745,0.02123618784530387,4
5793.0,18740,20304,22,27,1564,893,819,109,1,14,0.003797686863455895,0.004660797514241326,0.15415156223027793,0.14137752459865355,0.00017262213015708613,0.021232522009321596,4
5794.0,18743,20304,22,27,1561,893,819,109,1,14,0.0037970314118053157,0.004659993096306524,0.15412495685191577,0.1413531239212979,0.00017259233690024162,0.02122885743872972,4
5795.0,18746,20304,22,27,1558,893,819,109,1,14,0.0037963761863675583,0.004659188955996549,0.1540983606557377,0.14132873166522864,0.0001725625539257981,0.021225194132873167,4
5796.0,18749,20304,22,27,1555,894,819,109,1,14,0.003795721187025535,0.004658385093167702,0.15424430641821946,0.14130434782608695,0.0001725327812284334,0.021221532091097308,4
5797.0,18752,20312,22,27,1560,894,819,109,1,14,0.003795066413662239,0.0046575815076763845,0.15421769880972916,0.14127997239951698,0.00017250301880282904,0.021217871312747973,4
5798.0,18755,20312,22,27,1557,894,819,109,1,14,0.0037944118661607453,0.004656778199379096,0.1541911003794412,0.1412556053811659,0.00017247326664367022,0.02121421179717144,4
5799.0,18758,20312,22,27,1554,894,820,109,1,14,0.0037937575444042075,0.0046559751681324365,0.15416451112260735,0.14140369029142955,0.0001724435247456458,0.021210553543714435,4
5800.0,18761,20315,22,27,1554,894,820,109,1,14,0.003793103448275862,0.004655172413793103,0.15413793103448276,0.1413793103448276,0.00017241379310344826,0.021206896551724138,4
5801.0,18764,20315,22,27,1551,894,820,109,1,14,0.003792449577659024,0.004654369936217893,0.1541113601103258,0.14135493880365455,0.00017238407171177384,0.02120324082054818,4
5802.0,18767,20315,22,27,1548,894,820,109,1,14,0.003791795932437091,0.004653567735263702,0.15408479834539815,0.1413305756635643,0.0001723543605653223,0.021199586349534644,4
5803.0,18770,20315,22,27,1545,894,820,109,1,14,0.003791142512493538,0.004652765810787524,0.15405824573496468,0.1413062209202137,0.00017232465965879716,0.02119593313803205,4
5804.0,18773,20315,22,27,1542,894,820,109,1,14,0.003790489317711923,0.004651964162646451,0.15403170227429358,0.14128187456926258,0.00017229496898690558,0.021192281185389388,4
5805.0,18776,20315,22,27,1539,895,820,109,1,14,0.003789836347975883,0.004651162790697674,0.15417743324720068,0.14125753660637383,0.0001722652885443583,0.02118863049095607,4
5806.0,18779,20323,22,27,1544,896,820,109,1,14,0.0037891836031691355,0.004650361694798484,0.15432311401997933,0.14123320702721323,0.0001722356183258698,0.021184981054081984,4
5807.0,18782,20331,22,27,1549,896,820,109,1,14,0.0037885310831754777,0.004649560874806269,0.15429653866023765,0.14120888582744964,0.00017220595832615808,0.021181332874117446,4
5808.0,18785,20331,22,27,1546,896,821,109,1,14,0.003787878787878788,0.0046487603305785125,0.15426997245179064,0.14135674931129477,0.0001721763085399449,0.021177685950413222,4
5809.0,18788,20334,22,27,1546,896,822,109,1,14,0.003787226717163023,0.004647960061972801,0.1542434153899122,0.1415045618867275,0.00017214666896195557,0.021174040282320537,4
5810.0,18791,20337,22,27,1546,896,822,109,1,14,0.0037865748709122204,0.004647160068846815,0.15421686746987953,0.14148020654044752,0.00017211703958691912,0.02117039586919105,4
5811.0,18794,20337,22,27,1543,896,822,109,1,14,0.003785923249010497,0.004646360351058337,0.154190328686973,0.14145585957666496,0.00017208742040956807,0.021166752710376872,4
5812.0,18797,20337,22,27,1540,896,822,109,1,14,0.003785271851342051,0.004645560908465244,0.15416379903647626,0.141431520991053,0.00017205781142463867,0.021163110805230558,4
5813.0,18800,20337,22,27,1537,896,823,109,1,14,0.0037846206777911577,0.004644761740925512,0.15413727851367623,0.14157921899191467,0.0001720282126268708,0.021159470153105108,4
5814.0,18803,20340,22,27,1537,896,824,109,1,14,0.003783969728242174,0.0046439628482972135,0.1541107671138631,0.14172686618507052,0.0001719986240110079,0.021155830753353973,4
5815.0,18806,20343,22,27,1537,896,824,109,1,14,0.003783319002579536,0.004643164230438521,0.15408426483233018,0.1417024935511608,0.00017196904557179707,0.02115219260533104,4
5816.0,18809,20343,22,27,1534,896,824,109,1,14,0.003782668500687758,0.004642365887207703,0.15405777166437415,0.14167812929848694,0.000171939477303989,0.021148555708390648,4
5817.0,18812,20343,22,27,1531,896,824,109,1,14,0.0037820182224514356,0.0046415678184631255,0.15403128760529483,0.1416537734227265,0.00017190991920233798,0.021144920061887573,4
5818.0,18815,20343,22,27,1528,896,824,109,1,14,0.0037813681677552422,0.004640770024063252,0.1540048126503953,0.14162942591956,0.00017188037126160193,0.021141285665177038,4
5819.0,18818,20343,22,27,1525,896,825,109,1,14,0.003780718336483932,0.004639972503866644,0.15397834679498196,0.14177693761814744,0.00017185083347654237,0.02113765251761471,4
5820.0,18821,20346,22,27,1525,896,825,109,1,14,0.003780068728522337,0.004639175257731959,0.15395189003436427,0.14175257731958762,0.0001718213058419244,0.021134020618556702,4
5821.0,18824,20346,22,27,1522,896,826,109,1,14,0.0037794193437553684,0.0046383782855179525,0.153925442363855,0.14190001717917883,0.00017179178835251675,0.02113038996735956,4
5822.0,18827,20349,22,27,1522,896,826,109,1,14,0.0037787701820680177,0.0046375815870834764,0.1538990037787702,0.14187564410855377,0.00017176228100309173,0.02112676056338028,4
5823.0,18830,20349,22,27,1519,896,826,109,1,14,0.0037781212433453545,0.00463678516228748,0.153872574274429,0.14185127940923922,0.0001717327837884252,0.0211231324059763,4
5824.0,18833,20349,22,27,1516,896,826,109,1,14,0.0037774725274725275,0.004635989010989011,0.15384615384615385,0.14182692307692307,0.00017170329670329672,0.021119505494505496,4
5825.0,18836,20349,22,27,1513,896,826,109,1,14,0.003776824034334764,0.0046351931330472105,0.15381974248927038,0.14180257510729613,0.00017167381974248928,0.02111587982832618,4
5826.0,18839,20349,22,27,1510,896,826,109,1,14,0.0037761757638173706,0.004634397528321318,0.15379334019910745,0.14177823549605217,0.00017164435290078958,0.021112255406797117,4
5827.0,18842,20349,22,27,1507,896,826,109,1,14,0.003775527715805732,0.004633602196670671,0.15376694697099708,0.14175390423888792,0.00017161489617298782,0.021108632229277502,4
5828.0,18845,20349,22,27,1504,896,826,109,1,14,0.0037748798901853123,0.0046328071379547016,0.15374056280027454,0.1417295813315031,0.00017158544955387783,0.021105010295126972,4
5829.0,18848,20349,22,27,1501,897,826,109,1,14,0.003774232286841654,0.004632012352032939,0.15388574369531652,0.14170526676960027,0.00017155601303825698,0.02110138960370561,4
5830.0,18851,20357,22,27,1506,897,826,109,1,14,0.0037735849056603774,0.004631217838765009,0.15385934819897085,0.14168096054888507,0.00017152658662092623,0.02109777015437393,4
5831.0,18854,20357,22,27,1503,898,826,109,1,14,0.003772937746527182,0.004630423598010633,0.15400445892642772,0.14165666266506602,0.0001714971702966901,0.021094151946492883,4
5832.0,18857,20365,22,27,1508,898,827,109,1,14,0.0037722908093278463,0.004629629629629629,0.15397805212620028,0.14180384087791495,0.00017146776406035664,0.02109053497942387,4
5833.0,18860,20368,22,27,1508,899,827,109,1,14,0.0037716440939482257,0.004628835933481913,0.15412309274815703,0.14177953025887194,0.00017143836790673754,0.021086919252528716,4
5834.0,18863,20376,22,27,1513,899,827,109,1,14,0.0037709976002742542,0.004628042509427494,0.1540966746657525,0.14175522797394582,0.00017140898183064793,0.021083304765169696,4
5835.0,18866,20376,22,27,1510,900,827,109,1,14,0.0037703513281919453,0.004627249357326478,0.15424164524421594,0.14173093401885176,0.00017137960582690659,0.021079691516709513,4
5836.0,18869,20384,22,27,1515,900,827,109,1,14,0.0037697052775873888,0.004626456477039068,0.15421521590130227,0.14170664838930774,0.00017135023989033586,0.02107607950651131,4
5837.0,18872,20384,22,27,1512,900,827,109,1,14,0.0037690594483467533,0.004625663868425561,0.15418879561418536,0.1416823710810348,0.00017132088401576153,0.021072468733938667,4
5838.0,18875,20384,22,27,1509,900,827,109,1,14,0.0037684138403562863,0.0046248715313463515,0.15416238437821173,0.14165810208975677,0.00017129153819801302,0.0210688591983556,4
5839.0,18878,20384,22,27,1506,900,827,109,1,14,0.003767768453502312,0.004624079465661929,0.15413598218873095,0.14163384141120056,0.00017126220243192326,0.021065250899126562,4
5840.0,18881,20384,22,27,1503,900,827,109,1,14,0.003767123287671233,0.004623287671232877,0.1541095890410959,0.14160958904109588,0.00017123287671232877,0.02106164383561644,4
5841.0,18884,20384,22,27,1500,900,827,109,1,14,0.003766478342749529,0.004622496147919877,0.15408320493066255,0.14158534497517547,0.0001712035610340695,0.021058038007190548,4
5842.0,18887,20384,22,27,1497,900,827,109,1,14,0.003765833618623759,0.004621704895583704,0.15405682985279015,0.14156110920917495,0.00017117425539198904,0.02105443341321465,4
5843.0,18890,20384,22,27,1494,900,827,109,1,14,0.0037651891151805577,0.00462091391408523,0.154030463802841,0.1415368817388328,0.00017114495978093444,0.02105083005305494,4
5844.0,18893,20384,22,27,1491,900,827,109,1,14,0.0037645448323066393,0.004620123203285421,0.1540041067761807,0.14151266255989048,0.00017111567419575633,0.02104722792607803,4
5845.0,18896,20384,22,27,1488,900,827,109,1,14,0.003763900769888794,0.004619332763045338,0.15397775876817793,0.14148845166809237,0.00017108639863130882,0.021043627031650983,4
5846.0,18899,20384,22,27,1485,900,827,109,1,14,0.00376325692781389,0.004618542593226137,0.1539514197742046,0.14146424905918578,0.00017105713308244953,0.021040027369141293,4
5847.0,18902,20384,22,27,1482,900,827,109,1,14,0.003762613305968873,0.004617752693689072,0.1539250897896357,0.14144005472892082,0.0001710278775440397,0.02103642893791688,4
5848.0,18905,20384,22,27,1479,900,827,109,1,14,0.003761969904240766,0.004616963064295486,0.1538987688098495,0.14141586867305062,0.0001709986320109439,0.021032831737346103,4
5849.0,18908,20384,22,27,1476,900,827,109,1,14,0.0037613267225166695,0.004616173704906822,0.15387245683022738,0.14139169088733117,0.00017096939647803043,0.021029235766797744,4
5850.0,18911,20384,22,27,1473,900,827,109,1,14,0.0037606837606837607,0.004615384615384616,0.15384615384615385,0.14136752136752137,0.00017094017094017094,0.021025641025641025,4
5851.0,18914,20384,22,27,1470,900,828,109,1,14,0.0037600410186292943,0.004614595795590497,0.15381985985301658,0.14151427106477527,0.00017091095539224064,0.021022047513245597,4
5852.0,18917,20387,22,27,1470,900,828,109,1,14,0.0037593984962406013,0.004613807245386192,0.15379357484620643,0.14149008885850992,0.00017088174982911826,0.021018455228981544,4
5853.0,18920,20387,22,27,1467,900,829,109,1,14,0.0037587561934050912,0.0046130189646335215,0.15376729882111737,0.14163676746967366,0.00017085255424568598,0.021014864172219375,4
5854.0,18923,20390,22,27,1467,900,829,109,1,14,0.0037581141100102495,0.004612230953194397,0.15374103177314657,0.14161257259993168,0.00017082336863682952,0.021011274342330032,4
5855.0,18926,20390,22,27,1464,900,830,109,1,14,0.003757472245943638,0.004611443210930828,0.1537147736976943,0.14175918018787362,0.0001707941929974381,0.021007685738684886,4
5856.0,18929,20393,22,27,1464,900,830,109,1,14,0.003756830601092896,0.004610655737704918,0.15368852459016394,0.14173497267759563,0.00017076502732240437,0.021004098360655737,4
5857.0,18932,20393,22,27,1461,900,830,109,1,14,0.00375618917534574,0.004609868533378863,0.15366228444596208,0.1417107734334984,0.00017073587160662456,0.02100051220761482,4
5858.0,18935,20393,22,27,1458,900,830,109,1,14,0.0037555479685899623,0.004609081597814954,0.15363605326049845,0.14168658245134857,0.0001707067258449983,0.02099692727893479,4
5859.0,18938,20393,22,27,1455,900,830,109,1,14,0.0037549069807134325,0.004608294930875576,0.15360983102918588,0.14166239972691586,0.00017067759003242875,0.020993343573988736,4
5860.0,18941,20393,22,27,1452,900,830,109,1,14,0.0037542662116040954,0.0046075085324232086,0.15358361774744028,0.1416382252559727,0.00017064846416382253,0.020989761092150172,4
5861.0,18944,20393,22,27,1449,900,830,109,1,14,0.003753625661149974,0.004606722402320423,0.15355741341068077,0.1416140590342945,0.00017061934823408976,0.02098617983279304,4
5862.0,18947,20393,22,27,1446,900,830,109,1,14,0.0037529853292391675,0.004605936540429887,0.1535312180143296,0.1415899010576595,0.000170590242238144,0.02098259979529171,4
5863.0,18950,20393,22,27,1443,900,830,109,1,14,0.00375234521575985,0.004605150946614361,0.15350503155381204,0.14156575132184887,0.00017056114617090227,0.02097902097902098,4
5864.0,18953,20393,22,27,1440,900,831,109,1,14,0.003751705320600273,0.004604365620736698,0.1534788540245566,0.14171214188267395,0.00017053206002728513,0.020975443383356072,4
5865.0,18956,20396,22,27,1440,900,831,109,1,14,0.0037510656436487637,0.004603580562659846,0.1534526854219949,0.14168797953964193,0.00017050298380221653,0.020971867007672635,4
5866.0,18959,20396,22,27,1437,901,831,109,1,14,0.0037504261847937266,0.004602795772246846,0.15359699965905216,0.14166382543470848,0.00017047391749062393,0.020968291851346743,4
5867.0,18962,20404,22,27,1442,901,831,109,1,14,0.003749786943923641,0.004602011249360832,0.15357081983978182,0.14163967956366116,0.0001704448610874382,0.0209647179137549,4
5868.0,18965,20404,22,27,1439,902,831,109,1,14,0.003749147920927062,0.004601226993865031,0.15371506475800956,0.1416155419222904,0.00017041581458759374,0.020961145194274028,4
5869.0,18968,20412,22,27,1444,902,832,109,1,14,0.0037485091156926223,0.004600443005622764,0.1536888737433975,0.14176179928437554,0.0001703867779860283,0.02095757369228148,4
5870.0,18971,20415,22,27,1444,903,832,109,1,14,0.003747870528109029,0.0045996592844974446,0.15383304940374787,0.14173764906303238,0.00017035775127768313,0.020954003407155027,4
5871.0,18974,20423,22,27,1449,904,832,109,1,14,0.0037472321580650655,0.004598875830352581,0.15397717594958268,0.14171350706864247,0.00017032873445750298,0.020950434338272865,4
5872.0,18977,20431,22,27,1454,904,833,109,1,14,0.003746594005449591,0.004598092643051771,0.1539509536784741,0.14185967302452315,0.00017029972752043596,0.020946866485013624,4
5873.0,18980,20434,22,27,1454,904,833,109,1,14,0.0037459560701515408,0.004597309722458709,0.15392474033713605,0.14183551847437426,0.00017027073046143367,0.020943299846756344,4
5874.0,18983,20434,22,27,1451,904,833,109,1,14,0.003745318352059925,0.004596527068437181,0.15389853592100783,0.1418113721484508,0.00017024174327545113,0.02093973442288049,4
5875.0,18986,20434,22,27,1448,905,833,109,1,14,0.00374468085106383,0.004595744680851064,0.15404255319148935,0.1417872340425532,0.00017021276595744682,0.020936170212765958,4
5876.0,18989,20442,22,27,1453,905,834,109,1,14,0.0037440435670524166,0.004594962559564329,0.15401633764465622,0.14193328795098706,0.00017018379850238256,0.020932607215793056,4
5877.0,18992,20445,22,27,1453,905,834,109,1,14,0.0037434064999149227,0.004594180704441042,0.1539901310192275,0.1419091373149566,0.00017015484090522376,0.02092904543134252,4
5878.0,18995,20445,22,27,1450,905,834,109,1,14,0.00374276964954066,0.004593399115345355,0.1539639333106499,0.1418849948962232,0.0001701258931609391,0.020925484858795508,4
5879.0,18998,20445,22,27,1447,905,834,109,1,14,0.003742133015819017,0.004592617792141521,0.1539377445143732,0.14186086069059364,0.00017009695526450075,0.020921925497533595,4
5880.0,19001,20445,22,27,1444,905,834,109,1,14,0.0037414965986394557,0.004591836734693878,0.15391156462585034,0.14183673469387756,0.00017006802721088434,0.020918367346938777,4
5881.0,19004,20445,22,27,1441,905,834,109,1,14,0.0037408603978915152,0.004591055942866859,0.15388539364053733,0.14181261690188743,0.00017003910899506886,0.02091481040639347,4
5882.0,19007,20445,22,27,1438,905,834,110,1,14,0.003740224413464808,0.004590275416524991,0.15385923155389322,0.14178850731043863,0.00017001020061203673,0.021081264875892555,4
5883.0,19010,20447,22,27,1437,905,834,111,1,14,0.0037395886452490225,0.004589495155532891,0.15383307836138024,0.1417644059153493,0.00016998130205677376,0.02124766275709672,4
5884.0,19013,20449,22,27,1436,905,834,111,1,14,0.0037389530931339226,0.004588715159755268,0.15380693405846363,0.14174031271244053,0.0001699524133242692,0.02124405166553365,4
5885.0,19016,20449,22,27,1433,905,834,111,1,14,0.003738317757009346,0.004587935429056924,0.15378079864061173,0.1417162276975361,0.0001699235344095157,0.021240441801189464,4
5886.0,19019,20449,22,27,1430,905,835,111,1,14,0.0037376826367652057,0.0045871559633027525,0.15375467210329596,0.14186204553177031,0.00016989466530750936,0.02123683316343867,4
5887.0,19022,20452,22,27,1430,906,835,111,1,14,0.00373704773229149,0.004586376762357737,0.15389842024800407,0.14183794802106336,0.00016986580601324953,0.02123322575165619,4
5888.0,19025,20460,22,27,1435,906,835,111,1,14,0.003736413043478261,0.004585597826086957,0.15387228260869565,0.14181385869565216,0.00016983695652173913,0.021229619565217392,4
5889.0,19028,20460,22,27,1432,906,835,112,1,14,0.0037357785702156563,0.004584819154355578,0.15384615384615385,0.14178977755136696,0.00016980811682798438,0.021395822720326033,4
5890.0,19031,20462,22,27,1431,906,835,112,1,14,0.003735144312393888,0.0045840407470288625,0.1538200339558574,0.14176570458404075,0.00016977928692699492,0.021392190152801357,4
5891.0,19032,20462,22,28,1430,906,835,112,1,14,0.003734510269903242,0.004753013070785944,0.15379392293328806,0.14174163978950943,0.00016975046681378373,0.02138855881853675,4
5892.0,19077,20756,22,28,1679,906,835,112,1,14,0.00373387644263408,0.0047522063815342835,0.15376782077393075,0.1417175831636117,0.00016972165648336727,0.021384928716904276,4
5893.0,19080,20756,22,28,1676,906,836,112,1,14,0.003733242830476837,0.004751399966061429,0.1537417274732734,0.1418632275581198,0.00016969285593076533,0.02138129984727643,4
5894.0,19083,20759,22,28,1676,907,836,112,1,14,0.0037326094333220224,0.004750593824228029,0.1538853070919579,0.14183915846623685,0.00016966406515100103,0.021377672209026127,4
5895.0,19086,20767,22,28,1681,907,836,112,1,14,0.0037319762510602205,0.004749787955894826,0.15385920271416453,0.14181509754028837,0.00016963528413910093,0.021374045801526718,4
5896.0,19089,20767,22,28,1678,908,836,112,1,14,0.0037313432835820895,0.0047489823609226595,0.15400271370420623,0.1417910447761194,0.00016960651289009497,0.021370420624151967,4
5897.0,19092,20775,22,28,1683,908,836,112,1,14,0.0037307105307783617,0.0047481770391724605,0.15397659827030694,0.14176700016957774,0.00016957775139901646,0.021366796676276074,4
5898.0,19095,20775,22,28,1680,909,836,112,1,14,0.003730077992539844,0.004747371990505256,0.1541200406917599,0.14174296371651407,0.00016954899966090201,0.021363173957273652,4
5899.0,19098,20783,22,28,1685,909,836,112,1,14,0.0037294456687574167,0.004746567214782166,0.15409391422274962,0.14171893541278183,0.00016952025767079165,0.02135955246651975,4
5900.0,19101,20783,22,28,1682,909,836,112,1,14,0.003728813559322034,0.0047457627118644066,0.1540677966101695,0.14169491525423727,0.00016949152542372882,0.02135593220338983,4
5901.0,19104,20783,22,28,1679,909,836,112,1,14,0.0037281816641247245,0.004744958481613286,0.15404168784951702,0.14167090323673953,0.0001694628029147602,0.021352313167259787,4
5902.0,19107,20783,22,28,1676,909,836,112,1,14,0.003727549983056591,0.004744154523890207,0.15401558793629277,0.14164689935615046,0.00016943409013893597,0.02134869535750593,4
5903.0,19110,20783,22,28,1673,909,837,112,1,14,0.003726918516008809,0.004743350838556666,0.15398949686600033,0.14179230899542605,0.0001694053870913095,0.021345078773504996,4
5904.0,19113,20786,22,28,1673,909,837,112,1,14,0.0037262872628726286,0.0047425474254742545,0.15396341463414634,0.14176829268292682,0.00016937669376693767,0.021341463414634148,4
5905.0,19116,20786,22,28,1670,909,837,112,1,14,0.0037256562235393736,0.004741744284504657,0.15393734123624048,0.14174428450465706,0.00016934801016088062,0.021337849280270958,4
5906.0,19119,20786,22,28,1667,910,837,112,1,14,0.0037250253979004403,0.004740941415509651,0.15408059600406365,0.14172028445648494,0.00016931933626820184,0.02133423636979343,4
5907.0,19122,20794,22,28,1672,910,837,112,1,14,0.0037243947858473,0.004740138818351109,0.15405451159641104,0.14169629253428137,0.00016929067208396818,0.02133062468257999,4
5908.0,19125,20794,22,28,1669,910,837,112,1,14,0.003723764387271496,0.004739336492890996,0.15402843601895735,0.14167230873392012,0.00016926201760324982,0.02132701421800948,4
5909.0,19128,20794,22,28,1666,910,838,112,1,14,0.003723134202064647,0.004738534438991369,0.1540023692672195,0.14181756642409885,0.00016923337282112033,0.02132340497546116,4
5910.0,19131,20797,22,28,1666,910,838,112,1,14,0.003722504230118443,0.0047377326565143825,0.15397631133671744,0.14179357021996616,0.00016920473773265651,0.02131979695431472,4
5911.0,19134,20797,22,28,1663,910,838,112,1,14,0.003721874471324649,0.004736931145322281,0.15395026222297412,0.14176958213500254,0.0001691761123329386,0.02131619015395026,4
5912.0,19137,20797,22,28,1660,911,838,112,1,14,0.0037212449255751017,0.004736129905277402,0.15409336941813262,0.14174560216508797,0.00016914749661705008,0.02131258457374831,4
5913.0,19140,20805,22,28,1665,912,838,112,1,14,0.0037206155927617113,0.004735328936242178,0.15423642820903094,0.14172163030610518,0.00016911889058007779,0.0213089802130898,4
5914.0,19143,20813,22,28,1670,912,838,112,1,14,0.0037199864727764627,0.0047345282380791345,0.15421034832600608,0.1416976665539398,0.00016909029421711193,0.021305377071356105,4
5915.0,19146,20813,22,28,1667,913,838,112,1,14,0.0037193575655114115,0.004733727810650888,0.15435333896872358,0.14167371090448014,0.000169061707523246,0.021301775147928994,4
5916.0,19149,20821,22,28,1672,913,838,112,1,14,0.0037187288708586883,0.004732927653820149,0.15432724814063556,0.14164976335361731,0.00016903313049357674,0.02129817444219067,4
5917.0,19152,20821,22,28,1669,913,838,113,1,14,0.003718100388710495,0.004732127767449721,0.15430116613148556,0.14162582389724523,0.0001690045631232043,0.02146357951664695,4
5918.0,19155,20823,22,28,1668,914,838,113,1,14,0.0037174721189591076,0.004731328151402501,0.15444406894221022,0.14160189253126057,0.00016897600540723216,0.021459952686718485,4
5919.0,19158,20831,22,28,1673,914,838,113,1,14,0.0037168440614968744,0.004730528805541477,0.15441797600946106,0.14157796925156277,0.00016894745734076703,0.02145632708227741,4
5920.0,19161,20831,22,28,1670,914,838,113,1,14,0.0037162162162162164,0.00472972972972973,0.1543918918918919,0.14155405405405405,0.00016891891891891893,0.021452702702702702,4
5921.0,19164,20831,22,28,1667,914,838,113,1,14,0.003715588583009627,0.004728930923830434,0.15436581658503631,0.14153014693463942,0.00016889039013680122,0.021449079547373753,4
5922.0,19167,20831,22,28,1664,914,838,113,1,14,0.0037149611617696724,0.004728132387706856,0.15433975008443093,0.1415062478892266,0.00016886187098953058,0.02144545761567038,4
5923.0,19170,20831,22,28,1661,914,838,113,1,14,0.003714333952388992,0.004727334121222354,0.1543136923856154,0.14148235691372615,0.00016883336147222692,0.02144183690697282,4
5924.0,19173,20831,22,28,1658,915,838,113,1,14,0.003713706954760297,0.004726536124240378,0.15445644834571234,0.14145847400405132,0.00016880486158001352,0.021438217420661716,4
5925.0,19176,20839,22,28,1663,915,838,113,1,14,0.0037130801687763715,0.004725738396624472,0.15443037974683543,0.14143459915611814,0.00016877637130801687,0.021434599156118145,4
5926.0,19179,20839,22,28,1660,915,838,113,1,14,0.003712453594330071,0.004724940938238272,0.15440431994600068,0.14141073236584542,0.00016874789065136686,0.021430982112723592,4
5927.0,19182,20839,22,28,1657,915,838,113,1,14,0.0037118272313143245,0.004724143748945504,0.15437826893875486,0.14138687362915472,0.00016871941960519654,0.021427366289859962,4
5928.0,19185,20839,22,28,1654,915,838,113,1,14,0.003711201079622132,0.004723346828609987,0.15435222672064777,0.1413630229419703,0.00016869095816464237,0.021423751686909583,4
5929.0,19188,20839,22,28,1651,916,838,113,1,14,0.0037105751391465678,0.004722550177095631,0.1544948557935571,0.14133918030021927,0.00016866250632484398,0.021420138303255187,4
5930.0,19191,20847,22,28,1656,916,839,113,1,14,0.003709949409780776,0.004721753794266442,0.15446880269814503,0.1414839797639123,0.00016863406408094435,0.02141652613827993,4
5931.0,19194,20850,22,28,1656,916,839,113,1,14,0.0037093238914179733,0.004720957679986511,0.15444275838813015,0.14146012476816724,0.0001686056314280897,0.021412915191367392,4
5932.0,19197,20850,22,28,1653,916,839,113,1,14,0.0037086985839514496,0.004720161834120027,0.15441672285906946,0.14143627781523938,0.00016857720836142953,0.02140930546190155,4
5933.0,19200,20850,22,28,1650,916,839,113,1,14,0.003708073487274566,0.004719366256531266,0.15439069610652284,0.14141243890106187,0.00016854879487611664,0.021405696949266813,4
5934.0,19203,20850,22,28,1647,916,839,113,1,14,0.003707448601280755,0.0047185709470845974,0.15436467812605326,0.1413886080215706,0.00016852039096730705,0.021402089652847994,4
5935.0,19206,20850,22,28,1644,916,839,113,1,14,0.0037068239258635214,0.004717775905644482,0.15433866891322662,0.1413647851727043,0.00016849199663016007,0.02139848357203033,4
5936.0,19209,20850,22,28,1641,917,839,113,1,14,0.003706199460916442,0.0047169811320754715,0.1544811320754717,0.1413409703504043,0.00016846361185983828,0.021394878706199463,4
5937.0,19212,20858,22,28,1646,917,839,113,1,14,0.003705575206333165,0.00471618662624221,0.15445511200943238,0.1413171635506148,0.0001684352366515075,0.021391275054741452,4
5938.0,19215,20858,22,28,1643,918,839,113,1,14,0.00370495116200741,0.004715392388009431,0.1545975075783092,0.1412933647692826,0.0001684068710003368,0.021387672617042774,4
5939.0,19218,20866,22,28,1648,918,840,113,1,14,0.0037043273278329686,0.00471459841724196,0.1545714766795757,0.1414379525172588,0.00016837851490149856,0.02138407139249032,4
5940.0,19221,20869,22,28,1648,918,840,113,1,14,0.003703703703703704,0.0047138047138047135,0.15454545454545454,0.1414141414141414,0.00016835016835016836,0.02138047138047138,4
5941.0,19224,20869,22,28,1645,918,840,114,1,14,0.00370308028951355,0.0047130112775627,0.15451944117151994,0.141390338326881,0.000168321831341525,0.0215451944117152,4
5942.0,19227,20871,22,28,1644,918,840,114,1,14,0.003702457085156513,0.004712218108381017,0.15449343655334905,0.1413665432514305,0.0001682935038707506,0.021541568495456076,4
5943.0,19230,20871,22,28,1641,918,840,114,1,14,0.00370183409052667,0.004711425206124852,0.15446744068652196,0.1413427561837456,0.00016826518593303046,0.0215379437994279,4
5944.0,19233,20871,22,28,1638,918,840,114,1,14,0.0037012113055181696,0.004710632570659489,0.1544414535666218,0.14131897711978467,0.00016823687752355316,0.021534320323014805,4
5945.0,19236,20871,22,28,1635,918,840,114,1,14,0.003700588730025231,0.004709840201850294,0.15441547518923465,0.14129520605550883,0.0001682085786375105,0.021530698065601345,4
5946.0,19239,20871,22,28,1632,918,840,114,1,14,0.003699966363942146,0.004709048099562731,0.15438950554994954,0.14127144298688193,0.00016818028927009755,0.021527077026572486,4
5947.0,19242,20871,22,28,1629,918,840,114,1,14,0.0036993442071632755,0.004708256263662351,0.1543635446443585,0.14124768790987052,0.00016815200941651252,0.021523457205313602,4
5948.0,19245,20871,22,28,1626,918,840,114,1,14,0.003698722259583053,0.004707464694014795,0.15433759246805648,0.14122394082044384,0.00016812373907195696,0.02151983860121049,4
5949.0,19248,20871,22,28,1623,918,840,114,1,14,0.0036981005210959825,0.004706673390485796,0.15431164901664146,0.14120020171457387,0.00016809547823163558,0.021516221213649354,4
5950.0,19251,20871,22,28,1620,918,840,114,1,14,0.0036974789915966387,0.004705882352941176,0.15428571428571428,0.1411764705882353,0.0001680672268907563,0.021512605042016807,4
5951.0,19254,20871,22,28,1617,918,840,114,1,14,0.0036968576709796672,0.004705091581246849,0.15425978827087886,0.14115274743740547,0.00016803898504453034,0.021508990085699883,4
5952.0,19257,20871,22,28,1614,918,840,114,1,14,0.003696236559139785,0.004704301075268817,0.15423387096774194,0.14112903225806453,0.00016801075268817206,0.021505376344086023,4
5953.0,19260,20871,22,28,1611,919,840,114,1,14,0.003695615655971779,0.004703510834873173,0.15437594490173023,0.1411053250461952,0.00016798252981689904,0.021501763816563078,4
5954.0,19263,20879,22,28,1616,920,840,114,1,14,0.003694994961370507,0.0047027208599261005,0.15451797111185758,0.141081625797783,0.00016795431642593214,0.021498152502519314,4
5955.0,19266,20887,22,28,1621,921,840,114,1,14,0.0036943744752308983,0.004701931150293871,0.15465994962216625,0.14105793450881612,0.00016792611251049538,0.02149454240134341,4
5956.0,19269,20895,22,28,1626,921,840,114,1,14,0.0036937541974479517,0.0047011417058428475,0.15463398253861652,0.14103425117528542,0.000167897918065816,0.021490933512424447,4
5957.0,19272,20895,22,28,1623,921,840,114,1,14,0.0036931341279167365,0.004700352526439483,0.15460802417324157,0.1410105757931845,0.00016786973308712439,0.02148732583515192,4
5958.0,19275,20895,22,28,1620,921,840,114,1,14,0.0036925142665323934,0.004699563611950319,0.15458207452165157,0.14098690835850958,0.00016784155756965425,0.021483719368915744,4
5959.0,19278,20895,22,28,1617,921,840,115,1,14,0.0036918946131901326,0.004698774962241987,0.15455613357945963,0.1409632488672596,0.0001678133915086424,0.021647927504614868,4
5960.0,19281,20897,22,28,1616,921,840,115,1,14,0.003691275167785235,0.004697986577181208,0.15453020134228188,0.14093959731543623,0.00016778523489932885,0.021644295302013422,4
5961.0,19284,20897,22,28,1613,921,840,116,1,14,0.0036906559302130517,0.004697198456634793,0.1545042778057373,0.14091595369904378,0.00016775708773695687,0.021808421405804395,4
5962.0,19287,20899,22,28,1612,921,841,116,1,14,0.0036900369003690036,0.004696410600469641,0.15447836296544784,0.141060046964106,0.0001677289500167729,0.021804763502180476,4
5963.0,19290,20902,22,28,1612,922,841,116,1,14,0.003689418078148583,0.004695623008552742,0.15462015763877243,0.14103639107831628,0.0001677008217340265,0.021801106825423446,4
5964.0,19293,20910,22,28,1617,922,842,116,1,14,0.003688799463447351,0.004694835680751174,0.1545942320590208,0.14118041582830315,0.00016767270288397049,0.021797451374916163,4
5965.0,19296,20913,22,28,1617,922,842,117,1,14,0.0036881810561609388,0.004694048616932104,0.1545683151718357,0.14115674769488684,0.00016764459346186087,0.02196144174350377,4
5966.0,19299,20915,22,28,1616,923,842,117,1,14,0.0036875628561850488,0.004693261816962789,0.15471002346630908,0.14113308749580958,0.00016761649346295676,0.021957760643647337,4
5967.0,19302,20923,22,28,1621,923,843,117,1,14,0.0036869448634154517,0.004692475280710575,0.15468409586056645,0.1412770236299648,0.00016758840288252054,0.02195408077761019,4
5968.0,19305,20926,22,28,1621,923,843,117,1,14,0.003686327077747989,0.004691689008042895,0.15465817694369974,0.1412533512064343,0.0001675603217158177,0.02195040214477212,4
5969.0,19308,20926,22,28,1618,923,843,117,1,14,0.0036857094990785724,0.004690902998827275,0.15463226671134192,0.14122968671469258,0.00016753224995811694,0.02194672474451332,4
5970.0,19311,20926,22,28,1615,923,843,117,1,14,0.0036850921273031824,0.004690117252931323,0.15460636515912898,0.14120603015075378,0.00016750418760469013,0.021943048576214406,4
5971.0,19314,20926,22,28,1612,924,843,117,1,14,0.0036844749623178696,0.004689331770222743,0.15474794841735054,0.14118238151063472,0.00016747613465081226,0.021939373639256406,4
5972.0,19317,20934,22,28,1617,924,843,117,1,14,0.003683858004018754,0.004688546550569324,0.15472203616878769,0.14115874079035498,0.00016744809109176155,0.021935699933020764,4
5973.0,19320,20934,22,28,1614,924,844,117,1,14,0.003683241252302026,0.004687761593838942,0.15469613259668508,0.14130252804285953,0.00016742005692281934,0.021932027456889335,4
5974.0,19323,20937,22,28,1614,924,844,117,1,14,0.0036826247070639436,0.004686976899899564,0.15467023769668564,0.14127887512554402,0.00016739203213927018,0.02192835621024439,4
5975.0,19326,20937,22,28,1611,924,844,117,1,14,0.0036820083682008366,0.004686192468619247,0.15464435146443514,0.14125523012552302,0.00016736401673640169,0.02192468619246862,4
5976.0,19329,20937,22,28,1608,925,844,117,1,14,0.003681392235609103,0.004685408299866131,0.15478580990629184,0.14123159303882196,0.00016733601070950468,0.021921017402945112,4
5977.0,19332,20945,22,28,1613,925,844,117,1,14,0.00368077630918521,0.004684624393508449,0.1547599129998327,0.14120796386146897,0.00016730801405387318,0.021917349841057386,4
5978.0,19335,20945,22,28,1610,925,845,117,1,14,0.0036801605888256944,0.00468384074941452,0.15473402475744397,0.1413516226162596,0.00016728002676480428,0.02191368350618936,4
5979.0,19338,20948,22,28,1610,925,845,117,1,14,0.0036795450744271617,0.004683057367452751,0.15470814517477838,0.14132798126777052,0.00016725204883759825,0.021910018397725373,4
5980.0,19341,20948,22,28,1607,925,845,117,1,14,0.0036789297658862876,0.0046822742474916385,0.15468227424749165,0.14130434782608695,0.00016722408026755852,0.02190635451505017,4
5981.0,19344,20948,22,28,1604,925,846,117,1,14,0.003678314663099816,0.004681491389399766,0.15465641197124227,0.14144791840829293,0.00016719612104999163,0.021902691857548905,4
5982.0,19347,20951,22,28,1604,925,846,117,1,14,0.0036776997659645604,0.004680708793045804,0.15463055834169173,0.14142427281845538,0.00016716817118020728,0.021899030424607155,4
5983.0,19350,20951,22,28,1601,925,846,117,1,14,0.0036770850743774027,0.004679926458298512,0.15460471335450443,0.14140063513287648,0.00016714023065351831,0.021895370215610898,4
5984.0,19353,20951,22,28,1598,925,846,117,1,14,0.003676470588235294,0.004679144385026738,0.1545788770053476,0.1413770053475936,0.00016711229946524063,0.021891711229946525,4
5985.0,19356,20951,22,28,1595,925,846,117,1,14,0.0036758563074352547,0.004678362573099415,0.1545530492898914,0.14135338345864662,0.0001670843776106934,0.021888053467000835,4
5986.0,19359,20951,22,28,1592,925,847,117,1,14,0.0036752422318743734,0.004677581022385567,0.15452723020380887,0.1414968259271634,0.0001670564650851988,0.021884396926161044,4
5987.0,19362,20954,22,28,1592,925,848,117,1,14,0.003674628361449808,0.004676799732754301,0.154501419742776,0.1416402204777017,0.00016702856188408218,0.021880741606814764,4
5988.0,19365,20957,22,28,1592,925,848,117,1,14,0.003674014696058784,0.004676018704074816,0.1544756179024716,0.14161656646626586,0.00016700066800267202,0.021877087508350032,4
5989.0,19368,20957,22,28,1589,925,848,117,1,14,0.0036734012355985972,0.0046752379362163966,0.1544498246785774,0.1415929203539823,0.0001669727834362999,0.021873434630155286,4
5990.0,19371,20957,22,28,1586,925,848,117,1,14,0.003672787979966611,0.004674457429048414,0.15442404006677796,0.14156928213689482,0.0001669449081803005,0.021869782971619366,4
5991.0,19374,20957,22,28,1583,925,848,117,1,14,0.003672174929060257,0.004673677182440327,0.1543982640627608,0.14154565181104992,0.00016691704223001168,0.02186613253213153,4
5992.0,19377,20957,22,28,1580,925,848,117,1,14,0.003671562082777036,0.004672897196261682,0.15437249666221628,0.14152202937249667,0.00016688918558077436,0.02186248331108144,4
5993.0,19380,20957,22,28,1577,926,848,117,1,14,0.0036709494410145167,0.0046721174703821125,0.15451359919906557,0.14149841481728684,0.0001668613382279326,0.02185883530785917,4
5994.0,19383,20965,22,28,1582,926,848,117,1,14,0.003670337003670337,0.004671338004671338,0.1544878211544878,0.1414748081414748,0.0001668335001668335,0.02185518852185519,4
5995.0,19386,20965,22,28,1579,926,848,117,1,14,0.003669724770642202,0.004670558798999166,0.15446205170975813,0.1414512093411176,0.00016680567139282736,0.021851542952460383,4
5996.0,19389,20965,22,28,1576,926,848,117,1,14,0.003669112741827885,0.004669779853235491,0.15443629086057373,0.14142761841227486,0.0001667778519012675,0.021847898599066044,4
5997.0,19392,20965,22,28,1573,927,848,117,1,14,0.0036685009171252294,0.004669001167250292,0.15457728864432216,0.14140403535100884,0.00016675004168751042,0.021844255461063864,4
5998.0,19395,20973,22,28,1578,927,848,117,1,14,0.003667889296432144,0.004668222740913638,0.1545515171723908,0.14138046015338446,0.00016672224074691563,0.02184061353784595,4
5999.0,19398,20973,22,28,1575,927,848,117,1,14,0.0036672778796466078,0.004667444574095682,0.15452575429238205,0.14135689281546923,0.0001666944490748458,0.021836972828804802,4
6000.0,19401,20973,22,28,1572,927,849,117,1,14,0.0036666666666666666,0.004666666666666667,0.1545,0.1415,0.00016666666666666666,0.021833333333333333,4
6001.0,19404,20976,22,28,1572,927,849,117,1,14,0.0036660556573904347,0.004665889018496917,0.15447425429095152,0.14147642059656723,0.00016663889351774705,0.02182969505082486,4
6002.0,19407,20976,22,28,1569,927,849,117,1,14,0.0036654448517160947,0.004665111629456847,0.15444851716094635,0.14145284905031655,0.00016661112962345885,0.021826057980673108,4
6003.0,19410,20976,22,28,1566,927,849,117,1,14,0.003664834249541896,0.004664334499416958,0.15442278860569716,0.14142928535732133,0.0001665833749791771,0.021822422122272197,4
6004.0,19413,20976,22,28,1563,927,850,117,1,14,0.0036642238507661557,0.004663557628247834,0.1543970686209194,0.14157228514323783,0.00016655562958027982,0.021818787475016657,4
6005.0,19416,20979,22,28,1563,927,850,117,1,14,0.0036636136552872607,0.00466278101582015,0.1543713572023314,0.14154870940882597,0.00016652789342214822,0.021815154038301414,4
6006.0,19419,20979,22,28,1560,927,850,117,1,14,0.003663003663003663,0.004662004662004662,0.15434565434565434,0.14152514152514153,0.0001665001665001665,0.021811521811521812,4
6007.0,19422,20979,22,28,1557,927,850,117,1,14,0.003662393873813884,0.004661228566672216,0.15431996004661228,0.1415015814882637,0.000166472448809722,0.02180789079407358,4
6008.0,19425,20979,22,28,1554,927,850,117,1,14,0.0036617842876165113,0.004660452729693742,0.1542942743009321,0.1414780292942743,0.00016644474034620507,0.021804260985352864,4
6009.0,19428,20979,22,28,1551,927,850,117,1,14,0.0036611749043102015,0.004659677150940256,0.15426859710434349,0.14145448493925777,0.00016641704110500916,0.0218006323847562,4
6010.0,19431,20979,22,28,1548,927,850,117,1,14,0.003660565723793677,0.004658901830282862,0.15424292845257903,0.14143094841930118,0.00016638935108153079,0.02179700499168053,4
6011.0,19434,20979,22,28,1545,927,850,117,1,14,0.0036599567459657295,0.004658126767592747,0.15421726834137414,0.1414074197304941,0.00016636167027116953,0.021793378805523206,4
6012.0,19437,20979,22,28,1542,927,850,117,1,14,0.003659347970725216,0.004657351962741184,0.15419161676646706,0.1413838988689288,0.00016633399866932801,0.02178975382568197,4
6013.0,19440,20979,22,28,1539,927,850,117,1,14,0.0036587393979710626,0.004656577415599534,0.15416597372359886,0.14136038583070015,0.00016630633627141194,0.021786130051554966,4
6014.0,19443,20979,22,28,1536,927,850,117,1,14,0.0036581310276022614,0.004655803126039242,0.15414033920851347,0.14133688061190555,0.00016627868307283005,0.02178250748254074,4
6015.0,19446,20979,22,28,1533,927,850,117,1,14,0.003657522859517872,0.004655029093931837,0.1541147132169576,0.14131338320864506,0.00016625103906899418,0.021778886118038236,4
6016.0,19449,20979,22,28,1530,927,850,117,1,14,0.0036569148936170214,0.004654255319148936,0.15408909574468085,0.14128989361702127,0.00016622340425531914,0.021775265957446808,4
6017.0,19452,20979,22,28,1527,927,850,117,1,14,0.003656307129798903,0.00465348180156224,0.1540634867874356,0.14126641183313943,0.00016619577862722287,0.021771647000166195,4
6018.0,19455,20979,22,28,1524,927,851,117,1,14,0.0036556995679627785,0.004652708541043536,0.15403788634097706,0.14140910601528747,0.00016616816218012627,0.021768029245596544,4
6019.0,19458,20982,22,28,1524,927,851,118,1,14,0.0036550922080079745,0.004651935537464695,0.1540122944010633,0.14138561222794485,0.0001661405549094534,0.021930553248047848,4
6020.0,19461,20984,22,28,1523,927,852,118,1,14,0.003654485049833887,0.004651162790697674,0.15398671096345515,0.1415282392026578,0.00016611295681063124,0.021926910299003323,4
6021.0,19464,20987,22,28,1523,927,852,118,1,14,0.0036538780933399765,0.004650390300614516,0.15396113602391628,0.14150473343298456,0.00016608536787908985,0.02192326856003986,4
6022.0,19467,20987,22,28,1520,928,852,118,1,14,0.0036532713384257723,0.004649618067087346,0.1541016273663235,0.14148123546994354,0.00016605778811026238,0.021919628030554632,4
6023.0,19470,20995,22,28,1525,928,852,118,1,14,0.0036526647849908682,0.004648846089988378,0.15407604183961482,0.14145774530964636,0.00016603021749958492,0.02191598870994521,4
6024.0,19473,20995,22,28,1522,929,852,118,1,14,0.0036520584329349268,0.004648074369189907,0.15421646746347942,0.14143426294820718,0.00016600265604249667,0.021912350597609563,4
6025.0,19476,21003,22,28,1527,929,852,118,1,14,0.0036514522821576765,0.004647302904564316,0.1541908713692946,0.14141078838174273,0.00016597510373443983,0.021908713692946058,4
6026.0,19479,21003,22,28,1524,930,852,118,1,14,0.0036508463325589115,0.004646531695984069,0.15433123133089943,0.14138732160637238,0.00016594756057085962,0.02190507799535347,4
6027.0,19482,21011,22,28,1529,930,852,118,1,14,0.0036502405840384933,0.004645760743321719,0.15430562468889994,0.141363862618218,0.00016592002654720425,0.021901443504230962,4
6028.0,19485,21011,22,28,1526,931,852,118,1,14,0.0036496350364963502,0.0046449900464499,0.1544459190444592,0.14134041141340412,0.00016589250165892502,0.021897810218978103,4
6029.0,19488,21019,22,28,1531,931,852,118,1,14,0.0036490296898324765,0.004644219605241333,0.15442030187427433,0.14131696798805773,0.0001658649859014762,0.021894178138994858,4
6030.0,19491,21019,22,28,1528,931,852,119,1,14,0.003648424543946932,0.004643449419568822,0.15439469320066335,0.14129353233830846,0.0001658374792703151,0.022056384742951907,4
6031.0,19494,21021,22,28,1527,931,852,119,1,14,0.0036478195987398442,0.004642679489305256,0.15436909301939977,0.1412701044602885,0.000165809981760902,0.022052727574199966,4
6032.0,19497,21021,22,28,1524,931,853,119,1,14,0.003647214854111406,0.004641909814323607,0.15434350132625996,0.14141246684350134,0.00016578249336870026,0.022049071618037135,4
6033.0,19500,21024,22,28,1524,931,853,119,1,14,0.0036466103099618763,0.004641140394496934,0.15431791811702303,0.1413890270180673,0.0001657550140891762,0.022045416873860434,4
6034.0,19503,21024,22,28,1521,931,853,119,1,14,0.003646005966191581,0.004640371229698376,0.154292343387471,0.14136559496188267,0.00016572754391779913,0.022041763341067284,4
6035.0,19506,21024,22,28,1518,931,854,119,1,14,0.0036454018227009112,0.00463960231980116,0.15426677713338857,0.14150787075393537,0.00016570008285004143,0.02203811101905551,4
6036.0,19509,21027,22,28,1518,931,854,119,1,14,0.003644797879390325,0.004638833664678595,0.15424121935056329,0.14148442677269715,0.0001656726308813784,0.022034459907223327,4
6037.0,19512,21027,22,28,1515,931,854,119,1,14,0.0036441941361603446,0.004638065264204075,0.15421567003478548,0.14146099055822428,0.00016564518800728838,0.022030810004969356,4
6038.0,19515,21027,22,28,1512,931,854,119,1,14,0.00364359059291156,0.004637297118251077,0.1541901291818483,0.14143756210665784,0.00016561775422325274,0.022027161311692613,4
6039.0,19518,21027,22,28,1509,931,854,119,1,14,0.0036429872495446266,0.004636529226693161,0.1541645967875476,0.1414141414141414,0.00016559032952475575,0.022023513826792514,4
6040.0,19521,21027,22,28,1506,931,854,119,1,14,0.003642384105960265,0.004635761589403974,0.1541390728476821,0.1413907284768212,0.00016556291390728477,0.022019867549668875,4
6041.0,19524,21027,22,28,1503,931,854,119,1,14,0.0036417811620592616,0.004634994206257242,0.1541135573580533,0.1413673232908459,0.00016553550736633007,0.0220162224797219,4
6042.0,19527,21027,22,28,1500,931,854,119,1,14,0.003641178417742469,0.004634227077126779,0.1540880503144654,0.14134392585236677,0.00016550810989738498,0.0220125786163522,4
6043.0,19530,21027,22,28,1497,931,854,119,1,14,0.0036405758729108058,0.0046334602018864805,0.15406255171272545,0.14132053615753765,0.00016548072149594572,0.022008935958960783,4
6044.0,19533,21027,22,28,1494,931,854,119,1,14,0.003639973527465255,0.004632693580410324,0.15403706154864327,0.1412971542025149,0.00016545334215751158,0.02200529450694904,4
6045.0,19536,21027,22,28,1491,931,855,119,1,14,0.003639371381306865,0.004631927212572374,0.15401157981803143,0.141439205955335,0.00016542597187758478,0.022001654259718777,4
6046.0,19539,21030,22,28,1491,931,855,119,1,14,0.0036387694343367515,0.004631161098246774,0.15398610651670527,0.1414158121071783,0.00016539861065167054,0.02199801521667218,4
6047.0,19542,21030,22,28,1488,931,855,119,1,14,0.003638167686456094,0.004630395237307756,0.15396064164048287,0.14139242599636184,0.000165371258475277,0.02199437737721184,4
6048.0,19545,21030,22,28,1485,931,855,119,1,14,0.0036375661375661374,0.004629629629629629,0.15393518518518517,0.14136904761904762,0.00016534391534391533,0.02199074074074074,4
6049.0,19548,21030,22,28,1482,931,855,119,1,14,0.0036369647875681933,0.004628864275086791,0.1539097371466358,0.14134567697140024,0.00016531658125309968,0.021987105306662258,4
6050.0,19551,21030,22,28,1479,931,855,119,1,14,0.0036363636363636364,0.004628099173553719,0.15388429752066116,0.14132231404958678,0.00016528925619834712,0.021983471074380166,4
6051.0,19554,21030,22,28,1476,931,855,119,1,14,0.0036357626838539082,0.004627334324904975,0.1538588663030904,0.1412989588497769,0.00016526194017517766,0.021979838043298627,4
6052.0,19557,21030,22,28,1473,932,855,119,1,14,0.0036351619299405157,0.004626569729015202,0.15399867812293458,0.14127561136814276,0.00016523463317911433,0.021976206212822206,4
6053.0,19560,21038,22,28,1478,932,855,119,1,14,0.0036345613745250287,0.004625805385759128,0.1539732364116967,0.14125227160085907,0.00016520733520568312,0.021972575582355856,4
6054.0,19563,21038,22,28,1475,933,855,119,1,14,0.003633961017509085,0.004625041295011563,0.15411298315163527,0.14122893954410307,0.00016518004625041294,0.021968946151304923,4
6055.0,19566,21046,22,28,1480,933,856,119,1,14,0.003633360858794385,0.004624277456647399,0.1540875309661437,0.14137076796036332,0.00016515276630883568,0.021965317919075144,4
6056.0,19569,21049,22,28,1480,934,856,119,1,14,0.003632760898282695,0.004623513870541612,0.15422721268163805,0.14134742404227213,0.00016512549537648613,0.021961690885072657,4
6057.0,19572,21057,22,28,1485,934,856,119,1,14,0.0036321611358758462,0.004622750536569259,0.15420175004127457,0.1413240878322602,0.0001650982334489021,0.021958065048703977,4
6058.0,19575,21057,22,28,1482,935,856,119,1,14,0.0036315615714757345,0.00462198745460548,0.15434136678771873,0.1413007593265104,0.0001650709805216243,0.021954440409376032,4
6059.0,19578,21065,22,28,1487,935,856,119,1,14,0.003630962204984321,0.004621224624525499,0.15431589371183363,0.1412774385212081,0.00016504373659019642,0.02195081696649612,4
6060.0,19581,21065,22,28,1484,935,856,119,1,14,0.0036303630363036304,0.0046204620462046205,0.1542904290429043,0.14125412541254126,0.00016501650165016502,0.021947194719471947,4
6061.0,19584,21065,22,28,1481,935,856,119,1,14,0.003629764065335753,0.004619699719518231,0.1542649727767695,0.1412308199967002,0.00016498927569707968,0.0219435736677116,4
6062.0,19587,21065,22,28,1478,936,856,119,1,14,0.003629165291982844,0.004618937644341801,0.15440448696799736,0.14120752226987793,0.0001649620587264929,0.021939953810623556,4
6063.0,19590,21073,22,28,1483,936,857,119,1,14,0.003628566716147122,0.004618175820550882,0.15437902028698663,0.1413491670790038,0.00016493485073396007,0.02193633514761669,4
6064.0,19593,21076,22,28,1483,937,857,119,1,14,0.0036279683377308707,0.004617414248021108,0.1545184696569921,0.1413258575197889,0.00016490765171503957,0.021932717678100264,4
6065.0,19596,21084,22,28,1488,937,857,119,1,14,0.0036273701566364386,0.004616652926628195,0.1544929925803792,0.14130255564715583,0.00016488046166529267,0.021929101401483925,4
6066.0,19599,21084,22,28,1485,938,857,119,1,14,0.003626772172766238,0.004615891856247939,0.15463237718430597,0.141279261457303,0.00016485328058028355,0.021925486317177712,4
6067.0,19602,21092,22,28,1490,938,857,119,1,14,0.003626174386022746,0.004615131036756222,0.15460688973133344,0.14125597494643152,0.00016482610845557937,0.021921872424592054,4
6068.0,19605,21092,22,28,1487,938,858,119,1,14,0.0036255767963085037,0.004614370468029005,0.15458141067897166,0.14139749505603164,0.00016479894528675015,0.02191825972313777,4
6069.0,19608,21095,22,28,1487,938,859,119,1,14,0.003624979403526116,0.00461361014994233,0.15455594002306805,0.1415389685285879,0.00016477179106936892,0.02191464821222607,4
6070.0,19611,21098,22,28,1487,938,859,119,1,14,0.003624382207578254,0.004612850082372323,0.15453047775947282,0.14151565074135092,0.00016474464579901152,0.021911037891268532,4
6071.0,19614,21098,22,28,1484,938,859,119,1,14,0.0036237852083676496,0.004612090265195191,0.15450502388403886,0.1414923406358096,0.00016471750947125678,0.021907428759677154,4
6072.0,19617,21098,22,28,1481,938,859,119,1,14,0.0036231884057971015,0.00461133069828722,0.15447957839262186,0.14146903820816864,0.00016469038208168644,0.021903820816864296,4
6073.0,19620,21098,22,28,1478,938,859,119,1,14,0.0036225917997694712,0.004610571381524782,0.1544541412810802,0.14144574345463526,0.00016466326362588507,0.021900214062242712,4
6074.0,19623,21098,22,28,1475,938,859,119,1,14,0.0036219953901876854,0.004609812314784327,0.15442871254527493,0.14142245637141918,0.00016463615409944023,0.021896608495225553,4
6075.0,19626,21098,22,28,1472,938,859,119,1,14,0.0036213991769547325,0.004609053497942387,0.15440329218106996,0.1413991769547325,0.0001646090534979424,0.021893004115226336,4
6076.0,19629,21098,22,28,1469,938,859,119,1,14,0.003620803159973667,0.004608294930875576,0.1543778801843318,0.14137590520079,0.00016458196181698485,0.021889400921658985,4
6077.0,19632,21098,22,28,1466,938,860,119,1,14,0.0036202073391476057,0.004607536613460589,0.15435247655092973,0.14151719598486096,0.0001645548790521639,0.0218857989139378,4
6078.0,19635,21101,22,28,1466,938,860,119,1,14,0.0036196117143797303,0.004606778545574202,0.15432708127673578,0.14149391247120763,0.00016452780519907864,0.02188219809147746,4
6079.0,19638,21101,22,28,1463,939,860,119,1,14,0.003619016285573285,0.004606020727093272,0.15446619509787793,0.14147063661786477,0.00016450074025333114,0.02187859845369304,4
6080.0,19641,21109,22,28,1468,939,860,119,1,14,0.003618421052631579,0.004605263157894736,0.1544407894736842,0.14144736842105263,0.0001644736842105263,0.021875,4
6081.0,19644,21109,22,28,1465,939,860,119,1,14,0.003617826015457984,0.004604505837855616,0.1544153922052294,0.14142410787699392,0.000164446637066272,0.021871402729814176,4
6082.0,19647,21109,22,28,1462,939,860,119,1,14,0.0036172311739559354,0.0046037487668530086,0.15439000328839197,0.14140085498191385,0.0001644195988161789,0.021867806642551793,4
6083.0,19650,21109,22,28,1459,940,860,119,1,14,0.003616636528028933,0.004602991944764097,0.15452901528850896,0.1413776097320401,0.0001643925694558606,0.02186421173762946,4
6084.0,19653,21117,22,28,1464,940,861,119,1,14,0.003616042077580539,0.0046022353714661405,0.15450361604207757,0.14151873767258383,0.0001643655489809336,0.021860618014464168,4
6085.0,19656,21120,22,28,1464,940,862,119,1,14,0.0036154478225143795,0.004601479046836483,0.15447822514379622,0.14165981922760887,0.00016433853738701725,0.021857025472473295,4
6086.0,19659,21123,22,28,1464,941,862,119,1,14,0.003614853762734144,0.004600722970752547,0.15461715412421953,0.14163654288531055,0.00016431153466973383,0.0218534341110746,4
6087.0,19662,21131,22,28,1469,941,862,119,1,14,0.0036142598981435846,0.004599967143091835,0.1545917529160506,0.14161327419089864,0.0001642845408247084,0.021849843929686218,4
6088.0,19665,21131,22,28,1466,941,862,119,1,14,0.0036136662286465177,0.0045992115637319315,0.1545663600525624,0.14159001314060446,0.000164257555847569,0.021846254927726676,4
6089.0,19668,21131,22,28,1463,941,862,119,1,14,0.003613072754146822,0.004598456232550501,0.15454097552964363,0.14156675973066185,0.00016423057973394647,0.02184266710461488,4
6090.0,19671,21131,22,28,1460,942,862,119,1,14,0.00361247947454844,0.004597701149425287,0.15467980295566502,0.14154351395730705,0.00016420361247947455,0.021839080459770115,4
6091.0,19674,21139,22,28,1465,943,862,119,1,14,0.0036118863897553768,0.0045969463142341155,0.15481858479724184,0.14152027581677887,0.00016417665407978985,0.021835494992612052,4
6092.0,19677,21147,22,28,1470,943,863,119,1,14,0.0036112934996717005,0.004596191726854892,0.15479317137229154,0.14166119500984897,0.00016414970453053183,0.021831910702560735,4
6093.0,19680,21150,22,28,1470,943,863,119,1,14,0.0036107008042015427,0.0045954373871656,0.15476776628918432,0.14163794518299688,0.00016412276382734285,0.0218283275890366,4
6094.0,19683,21150,22,28,1467,943,864,119,1,14,0.0036101083032490976,0.004594683295044306,0.1547423695438136,0.14177879881851002,0.00016409583196586806,0.021824745651460455,4
6095.0,19686,21153,22,28,1467,943,864,119,1,14,0.003609515996718622,0.004593929450369155,0.15471698113207547,0.14175553732567678,0.00016406890894175554,0.021821164889253487,4
6096.0,19689,21153,22,28,1464,944,864,119,1,14,0.0036089238845144356,0.004593175853018373,0.15485564304461943,0.14173228346456693,0.00016404199475065617,0.02181758530183727,4
6097.0,19692,21161,22,28,1469,944,864,119,1,14,0.0036083319665409217,0.004592422502870264,0.1548302443824832,0.14170903723142528,0.0001640150893882237,0.021814006888633754,4
6098.0,19695,21161,22,28,1466,944,864,119,1,14,0.0036077402427025255,0.0045916693998032145,0.15480485405050837,0.1416857986224992,0.00016398819285011479,0.021810429649065266,4
6099.0,19698,21161,22,28,1463,944,864,119,1,14,0.003607148712903755,0.004590916543695688,0.15477947204459747,0.14166256763403837,0.00016396130513198886,0.021806853582554516,4
6100.0,19701,21161,22,28,1460,945,864,119,1,14,0.0036065573770491803,0.0045901639344262295,0.15491803278688523,0.14163934426229507,0.0001639344262295082,0.02180327868852459,4
6101.0,19704,21169,22,28,1465,945,864,119,1,14,0.0036059662350434356,0.004589411571873463,0.15489264055072938,0.141616128503524,0.00016390755613833797,0.02179970496639895,4
6102.0,19707,21169,22,28,1462,945,864,119,1,14,0.003605375286791216,0.004588659455916093,0.15486725663716813,0.1415929203539823,0.00016388069485414618,0.02179613241560144,4
6103.0,19710,21169,22,28,1459,945,864,119,1,14,0.00360478453219728,0.004587907586432902,0.15484188104211044,0.14156971980992955,0.00016385384237260363,0.021792561035556282,4
6104.0,19713,21169,22,28,1456,945,864,119,1,14,0.0036041939711664484,0.0045871559633027525,0.15481651376146788,0.14154652686762778,0.000163826998689384,0.021788990825688075,4
6105.0,19716,21169,22,28,1453,946,864,119,1,14,0.0036036036036036037,0.004586404586404586,0.15495495495495495,0.14152334152334153,0.0001638001638001638,0.021785421785421786,4
6106.0,19719,21177,22,28,1458,946,864,120,1,14,0.0036030134294136916,0.004585653455617425,0.15492957746478872,0.1415001637733377,0.00016377333770062233,0.021945627251883395,4
6107.0,19722,21179,22,28,1457,946,864,120,1,14,0.0036024234485017193,0.00458490257082037,0.15490420828557394,0.14147699361388572,0.0001637465203864418,0.0219420337317832,4
6108.0,19725,21179,22,28,1454,946,864,120,1,14,0.003601833660772757,0.0045841519318926,0.15487884741322855,0.14145383104125736,0.00016371971185330714,0.021938441388343156,4
6109.0,19728,21179,22,28,1451,946,864,120,1,14,0.0036012440661319363,0.004583401538713373,0.15485349484367328,0.14143067605172696,0.0001636929120969062,0.02193485022098543,4
6110.0,19731,21179,22,28,1448,946,864,120,1,14,0.003600654664484452,0.004582651391162029,0.15482815057283142,0.1414075286415712,0.00016366612111292964,0.021931260229132568,4
6111.0,19734,21179,22,28,1445,947,864,120,1,14,0.0036000654557355586,0.004581901489117984,0.1549664539355261,0.14138438880706922,0.00016363933889707084,0.021927671412207493,4
6112.0,19737,21187,22,28,1450,947,864,120,1,14,0.003599476439790576,0.004581151832460733,0.1549410994764398,0.14136125654450263,0.0001636125654450262,0.021924083769633507,4
6113.0,19740,21187,22,28,1447,947,864,120,1,14,0.003598887616554883,0.004580402421069851,0.15491575331261245,0.1413381318501554,0.0001635858007524947,0.02192049730083429,4
6114.0,19743,21187,22,28,1444,948,864,120,1,14,0.003598298985933922,0.004579653254824992,0.155053974484789,0.14131501472031405,0.00016355904481517829,0.02191691200523389,4
6115.0,19746,21195,22,28,1449,948,864,120,1,14,0.0035977105478331973,0.004578904333605887,0.15502861815208505,0.14129190515126738,0.00016353229762878168,0.021913327882256747,4
6116.0,19749,21195,22,28,1446,948,864,120,1,14,0.0035971223021582736,0.004578155657292348,0.15500327011118378,0.14126880313930673,0.00016350555918901244,0.021909744931327666,4
6117.0,19752,21195,22,28,1443,948,864,120,1,14,0.0035965342488147784,0.0045774072257642635,0.15497793035801863,0.14124570868072583,0.00016347882949158083,0.021906163151871834,4
6118.0,19755,21195,22,28,1440,949,864,120,1,14,0.0035959463877084014,0.004576659038901602,0.15511605099705786,0.14122262177182085,0.00016345210853220007,0.02190258254331481,4
6119.0,19758,21203,22,28,1445,950,864,120,1,14,0.003595358718744893,0.004575911096584409,0.15525412649125675,0.14119954240889035,0.00016342539630658605,0.02189900310508253,4
6120.0,19761,21211,22,28,1450,950,864,120,1,14,0.003594771241830065,0.004575163398692811,0.15522875816993464,0.1411764705882353,0.0001633986928104575,0.021895424836601306,4
6121.0,19764,21211,22,28,1447,950,864,120,1,14,0.0035941839568697925,0.004574415945107008,0.15520339813755923,0.14115340630615913,0.00016337199803953602,0.021891847737297826,4
6122.0,19767,21211,22,28,1444,951,864,120,1,14,0.0035935968637700096,0.004573668735707285,0.15534139170205816,0.14113034955896767,0.0001633453119895459,0.02188827180659915,4
6123.0,19770,21219,22,28,1449,951,864,120,1,14,0.003593009962436714,0.004572921770374,0.15531602155805976,0.14110730034296914,0.00016331863465621427,0.021884697043932713,4
6124.0,19773,21219,22,28,1446,951,864,120,1,14,0.0035924232527759633,0.0045721750489875895,0.15529065969954278,0.1410842586544742,0.00016329196603527107,0.021881123448726322,4
6125.0,19776,21219,22,28,1443,952,864,120,1,14,0.0035918367346938775,0.004571428571428572,0.15542857142857142,0.1410612244897959,0.00016326530612244898,0.021877551020408163,4
6126.0,19779,21227,22,28,1448,952,864,120,1,14,0.0035912504080966375,0.004570682337577538,0.1554031994776363,0.14103819784524976,0.0001632386549134835,0.02187397975840679,4
6127.0,19782,21227,22,28,1445,952,864,120,1,14,0.003590664272890485,0.004569936347315162,0.15537783580871553,0.14101517871715358,0.00016321201240411296,0.021870409662151133,4
6128.0,19785,21227,22,28,1442,952,864,120,1,14,0.0035900783289817234,0.0045691906005221935,0.15535248041775457,0.1409921671018277,0.00016318537859007833,0.021866840731070498,4
6129.0,19788,21227,22,28,1439,952,864,120,1,14,0.0035894925762767174,0.004568445097079458,0.15532713330070158,0.14096916299559473,0.00016315875346712352,0.02186327296459455,4
6130.0,19791,21227,22,28,1436,952,864,120,1,14,0.0035889070146818925,0.004567699836867863,0.15530179445350734,0.14094616639477978,0.0001631321370309951,0.021859706362153345,4
6131.0,19794,21227,22,28,1433,952,864,120,1,14,0.003588321644103735,0.00456695481976839,0.15527646387212526,0.14092317729571033,0.00016310552927744252,0.021856140923177295,4
6132.0,19797,21227,22,28,1430,952,865,120,1,14,0.003587736464448793,0.0045662100456621,0.1552511415525114,0.14106327462491847,0.00016307893020221786,0.021852576647097194,4
6133.0,19800,21230,22,28,1430,952,865,120,1,14,0.0035871514756236752,0.0045654655144301325,0.1552258274906245,0.14104027392793086,0.00016305233980107615,0.021849013533344203,4
6134.0,19803,21230,22,28,1427,952,866,120,1,14,0.0035865666775350504,0.004564721225953701,0.15520052168242582,0.14118030648842517,0.00016302575806977502,0.021845451581349852,4
6135.0,19806,21233,22,28,1427,952,866,120,1,14,0.0035859820700896495,0.004563977180114099,0.15517522412387938,0.14115729421352893,0.00016299918500407498,0.021841890790546048,4
6136.0,19809,21233,22,28,1424,952,866,120,1,14,0.003585397653194263,0.0045632333767926985,0.15514993481095177,0.14113428943937417,0.00016297262059973924,0.021838331160365057,4
6137.0,19812,21233,22,28,1421,952,866,120,1,14,0.0035848134267557437,0.004562489815870947,0.15512465373961218,0.1411112921622943,0.00016294606485253382,0.02183477269023953,4
6138.0,19815,21233,22,28,1418,952,867,120,1,14,0.0035842293906810036,0.004561746497230368,0.15509938090583253,0.1412512218963832,0.00016291951775822744,0.021831215379602475,4
6139.0,19818,21236,22,28,1418,952,867,120,1,14,0.003583645544877016,0.004561003420752566,0.15507411630558723,0.14122821306401695,0.00016289297931259162,0.021827659227887278,4
6140.0,19821,21236,22,28,1415,952,867,120,1,14,0.0035830618892508143,0.004560260586319218,0.15504885993485343,0.14120521172638437,0.00016286644951140066,0.021824104234527686,4
6141.0,19824,21236,22,28,1412,952,867,120,1,14,0.0035824784237094938,0.004559517993812083,0.1550236117896108,0.14118221787982413,0.00016283992835043154,0.021820550398957826,4
6142.0,19827,21236,22,28,1409,952,867,120,1,14,0.0035818951481602084,0.004558775643112993,0.15499837186584176,0.1411592315206773,0.00016281341582546403,0.02181699772061218,4
6143.0,19830,21236,22,28,1406,952,868,120,1,14,0.0035813120625101742,0.004558033534103858,0.15497314015953118,0.1412990395572196,0.00016278691193228064,0.021813446198925605,4
6144.0,19833,21239,22,28,1406,952,868,120,1,14,0.0035807291666666665,0.004557291666666667,0.15494791666666666,0.14127604166666666,0.00016276041666666666,0.021809895833333332,4
6145.0,19836,21239,22,28,1403,953,868,120,1,14,0.003580146460537022,0.004556550040683482,0.15508543531326283,0.14125305126118795,0.00016273393002441008,0.021806346623270953,4
6146.0,19839,21247,22,28,1408,953,868,120,1,14,0.0035795639440286365,0.004555808656036446,0.15506020175724047,0.14123006833712984,0.00016270745200130165,0.021802798568174422,4
6147.0,19842,21247,22,28,1405,953,869,120,1,14,0.003578981617048967,0.004555067512607776,0.15503497641125752,0.1413697738734342,0.00016268098259313488,0.02179925166748007,4
6148.0,19845,21250,22,28,1405,953,869,120,1,14,0.0035783994795055302,0.004554326610279766,0.15500975927130775,0.14134677944046845,0.00016265452179570593,0.021795705920624592,4
6149.0,19848,21250,22,28,1402,953,869,120,1,14,0.0035778175313059034,0.004553585948934786,0.15498455033338754,0.1413237924865832,0.0001626280696048138,0.021792161327045048,4
6150.0,19851,21250,22,28,1399,953,869,120,1,14,0.0035772357723577236,0.0045528455284552845,0.15495934959349594,0.14130081300813008,0.00016260162601626016,0.021788617886178863,4
6151.0,19854,21250,22,28,1396,953,869,120,1,14,0.003576654202568688,0.004552105348723785,0.15493415704763452,0.14127784100146318,0.00016257519102584944,0.021785075597463826,4
6152.0,19857,21250,22,28,1393,953,869,120,1,14,0.003576072821846554,0.004551365409622887,0.15490897269180753,0.14125487646293888,0.00016254876462938882,0.021781534460338103,4
6153.0,19860,21250,22,28,1390,953,869,121,1,14,0.0035754916300991387,0.004550625711035267,0.15488379652202178,0.14123191938891597,0.00016252234682268812,0.021940516821062895,4
6154.0,19863,21252,22,28,1389,953,870,121,1,14,0.0035749106272343193,0.004549886252843679,0.15485862853428664,0.14137146571335715,0.00016249593760155997,0.021936951576210596,4
6155.0,19866,21255,22,28,1389,953,871,121,1,14,0.0035743298131600326,0.00454914703493095,0.15483346872461415,0.1415109666937449,0.00016246953696181965,0.021933387489845652,4
6156.0,19869,21258,22,28,1389,954,871,121,1,14,0.0035737491877842753,0.004548408057179987,0.15497076023391812,0.14148797920727746,0.00016244314489928524,0.021929824561403508,4
6157.0,19872,21266,22,28,1394,954,871,121,1,14,0.003573168751015105,0.004547669319473769,0.15494559038492772,0.1414649991879162,0.00016241676140977748,0.02192626279031996,4
6158.0,19875,21266,22,28,1391,955,871,121,1,14,0.0035725885027606367,0.004546930821695355,0.15508281909710944,0.14144202663202338,0.00016239038648911984,0.021922702176031178,4
6159.0,19878,21274,22,28,1396,956,871,121,1,14,0.003572008442929047,0.004546192563727878,0.1552200032472804,0.14141906153596362,0.0001623640201331385,0.021919142717973697,4
6160.0,19881,21282,22,28,1401,957,871,121,1,14,0.0035714285714285713,0.004545454545454545,0.15535714285714286,0.1413961038961039,0.00016233766233766234,0.021915584415584416,4
6161.0,19884,21290,22,28,1406,957,871,121,1,14,0.0035708488881675054,0.004544716766758643,0.15533192663528647,0.1413731537088135,0.00016231131309852296,0.0219120272683006,4
6162.0,19887,21290,22,28,1403,957,871,121,1,14,0.0035702693930542034,0.004543979227523531,0.15530671859785783,0.14135021097046413,0.0001622849724115547,0.021908471275559883,4
6163.0,19890,21290,22,28,1400,957,871,122,1,14,0.003569690085997079,0.004543241927632647,0.15528151874087295,0.14132727567742984,0.00016225864027259452,0.022067175077072853,4
6164.0,19893,21292,22,28,1399,957,871,123,1,14,0.0035691109669046075,0.004542504866969501,0.15525632706035042,0.14130434782608695,0.00016223231667748214,0.022225827384815055,4
6165.0,19896,21294,22,28,1398,957,871,123,1,14,0.0035685320356853203,0.004541768045417681,0.15523114355231143,0.14128142741281427,0.00016220600162206002,0.022222222222222223,4
6166.0,19899,21294,22,28,1395,957,871,123,1,14,0.0035679532922478106,0.0045410314628608495,0.15520596821277977,0.14125851443399287,0.0001621796951021732,0.02221861822899773,4
6167.0,19902,21294,22,28,1392,957,871,123,1,14,0.0035673747365007297,0.004540295119182747,0.15518080103778173,0.14123560888600617,0.00016215339711366953,0.022215015404572727,4
6168.0,19905,21294,22,28,1389,957,871,123,1,14,0.0035667963683527885,0.004539559014267186,0.1551556420233463,0.14121271076523995,0.00016212710765239947,0.02221141374837873,4
6169.0,19908,21294,22,28,1386,958,871,123,1,14,0.003566218187712757,0.004538823147998055,0.15529259199221915,0.14118982006808234,0.00016210082671421625,0.022207813259847626,4
6170.0,19911,21302,22,28,1391,959,871,123,1,14,0.003565640194489465,0.00453808752025932,0.1554294975688817,0.14116693679092382,0.00016207455429497568,0.022204213938411668,4
6171.0,19914,21310,22,28,1396,959,871,123,1,14,0.0035650623885918,0.004537352130935019,0.15540431048452438,0.1411440609301572,0.00016204829039053638,0.022200615783503484,4
6172.0,19917,21310,22,28,1393,959,871,123,1,14,0.0035644847699287103,0.004536616979909268,0.15537913156189243,0.14112119248217758,0.00016202203499675956,0.02219701879455606,4
6173.0,19920,21310,22,28,1390,960,871,123,1,14,0.0035639073384092015,0.004535882067066256,0.1555159565851288,0.14109833144338246,0.00016199578810950914,0.022193422971002755,4
6174.0,19923,21318,22,28,1395,960,872,123,1,14,0.0035633300939423387,0.0045351473922902496,0.1554907677356657,0.14123744735989635,0.00016196954972465177,0.022189828312277293,4
6175.0,19926,21321,22,28,1395,961,872,123,1,14,0.003562753036437247,0.004534412955465587,0.15562753036437246,0.14121457489878542,0.00016194331983805668,0.022186234817813764,4
6176.0,19929,21329,22,28,1400,961,872,123,1,14,0.003562176165803109,0.0045336787564766836,0.15560233160621761,0.1411917098445596,0.00016191709844559586,0.02218264248704663,4
6177.0,19932,21329,22,28,1397,961,872,124,1,14,0.0035615994819491663,0.00453294479520803,0.1555771410069613,0.1411688521936215,0.00016189088554314392,0.022340942204953862,4
6178.0,19935,21331,22,28,1396,961,872,124,1,14,0.00356102298478472,0.004532211071544189,0.15555195856264162,0.14114600194237617,0.0001618646811265782,0.02233732599546779,4
6179.0,19938,21331,22,28,1393,961,872,125,1,14,0.0035604466742191294,0.004531477585369801,0.15552678426929925,0.14112315908723094,0.0001618384851917786,0.022495549441657225,4
6180.0,19941,21333,22,28,1392,961,872,125,1,14,0.0035598705501618125,0.004530744336569579,0.15550161812297736,0.14110032362459546,0.00016181229773462783,0.02249190938511327,4
6181.0,19944,21333,22,28,1389,961,872,125,1,14,0.0035592946125222458,0.004530011325028313,0.15547646011972172,0.14107749555088173,0.00016178611875101117,0.022488270506390552,4
6182.0,19947,21333,22,28,1386,961,872,125,1,14,0.0035587188612099642,0.004529278550630864,0.1554513102555807,0.14105467486250403,0.00016175994823681658,0.0224846328049175,4
6183.0,19950,21333,22,28,1383,962,872,125,1,14,0.0035581432961345623,0.0045285460132621705,0.15558790231279315,0.14103186155587902,0.00016173378618793466,0.022480996280122918,4
6184.0,19953,21341,22,28,1388,963,872,125,1,14,0.0035575679172056922,0.004527813712807244,0.15572445019404915,0.1410090556274256,0.00016170763260025875,0.022477360931435965,4
6185.0,19956,21349,22,28,1393,963,872,125,1,14,0.0035569927243330637,0.0045270816491511726,0.1556992724333064,0.14098625707356507,0.00016168148746968473,0.022473726758286176,4
6186.0,19959,21349,22,28,1390,963,872,125,1,14,0.003556417717426447,0.0045263498221791145,0.1556741028128031,0.14096346589072098,0.00016165535079211123,0.02247009376010346,4
6187.0,19962,21349,22,28,1387,963,872,125,1,14,0.0035558428963956682,0.004525618231776305,0.15564894132859222,0.1409406820753192,0.00016162922256343946,0.022466461936318086,4
6188.0,19965,21349,22,28,1384,963,873,125,1,14,0.003555268261150614,0.004524886877828055,0.15562378797672916,0.14107950872656755,0.00016160310277957336,0.022462831286360698,4
6189.0,19968,21352,22,28,1384,963,873,125,1,14,0.003554693811601228,0.004524155760219745,0.15559864275327193,0.14105671352399418,0.00016157699143641945,0.022459201809662304,4
6190.0,19971,21352,22,28,1381,963,873,125,1,14,0.003554119547657512,0.004523424878836834,0.1555735056542811,0.1410339256865913,0.00016155088852988692,0.022455573505654282,4
6191.0,19974,21352,22,28,1378,963,873,125,1,14,0.0035535454692295267,0.004522694233564852,0.15554837667581975,0.14101114521078986,0.00016152479405588758,0.022451946373768374,4
6192.0,19977,21352,22,28,1375,963,873,125,1,14,0.0035529715762273903,0.004521963824289405,0.1555232558139535,0.14098837209302326,0.00016149870801033592,0.022448320413436692,4
6193.0,19980,21352,22,28,1372,963,873,126,1,14,0.003552397868561279,0.004521233650896173,0.15549814306475052,0.1409656063297271,0.00016147263038914905,0.022606168254480866,4
6194.0,19983,21354,22,28,1371,964,873,126,1,14,0.003551824346141427,0.004520503713270907,0.1556344849854698,0.14094284791733935,0.00016144656118824668,0.022602518566354538,4
6195.0,19986,21362,22,28,1376,964,874,126,1,14,0.0035512510088781275,0.004519774011299435,0.1556093623890234,0.1410815173527038,0.00016142050040355126,0.022598870056497175,4
6196.0,19989,21365,22,28,1376,964,875,126,1,14,0.0035506778566817302,0.004519044544867657,0.15558424790187217,0.14122014202711428,0.00016139444803098772,0.022595222724338282,4
6197.0,19992,21368,22,28,1376,964,875,126,1,14,0.0035501048894626434,0.004518315313861546,0.15555914152009037,0.1411973535581733,0.00016136840406648378,0.022591576569307728,4
6198.0,19995,21368,22,28,1373,964,875,126,1,14,0.0035495321071313327,0.00451758631816715,0.15553404323975475,0.14117457244272347,0.00016134236850596966,0.022587931590835754,4
6199.0,19998,21368,22,28,1370,964,875,126,1,14,0.0035489595095983223,0.004516857557670592,0.15550895305694468,0.141151798677206,0.00016131634134537829,0.02258428778835296,4
6200.0,20001,21368,22,28,1367,964,875,126,1,14,0.0035483870967741938,0.004516129032258065,0.15548387096774194,0.14112903225806453,0.00016129032258064516,0.02258064516129032,4
6201.0,20004,21368,22,28,1364,964,875,126,1,14,0.0035478148685695854,0.004515400741815836,0.15545879696823092,0.14110627318174487,0.00016126431220770844,0.02257700370907918,4
6202.0,20007,21368,22,28,1361,965,875,126,1,14,0.003547242824895195,0.004514672686230248,0.15559496936472106,0.14108352144469527,0.00016123831022250886,0.022573363431151242,4
6203.0,20010,21376,22,28,1366,965,875,126,1,14,0.0035466709656617767,0.004513944865387715,0.1555698855392552,0.14106077704336611,0.00016121231662098983,0.02256972432693858,4
6204.0,20013,21376,22,28,1363,966,875,126,1,14,0.0035460992907801418,0.004513217279174726,0.15570599613152805,0.1410380399742102,0.00016118633139909736,0.02256608639587363,4
6205.0,20016,21384,22,28,1368,966,875,126,1,14,0.0035455278001611606,0.004512489927477841,0.1556809024979855,0.14101531023368252,0.00016116035455278002,0.022562449637389202,4
6206.0,20019,21384,22,28,1365,966,875,126,1,14,0.003544956493715759,0.0045117628101836935,0.15565581695133743,0.14099258781824042,0.00016113438607798906,0.022558814050918467,4
6207.0,20022,21384,22,28,1362,966,875,126,1,14,0.003544385371354922,0.004511035927178992,0.1556307394876752,0.14096987272434347,0.00016110842597067828,0.022555179635894956,4
6208.0,20025,21384,22,28,1359,966,875,126,1,14,0.0035438144329896907,0.004510309278350515,0.15560567010309279,0.1409471649484536,0.00016108247422680412,0.022551546391752577,4
6209.0,20028,21384,22,28,1356,966,875,126,1,14,0.0035432436785311646,0.004509582863585118,0.1555806087936866,0.14092446448703494,0.00016105653084232566,0.02254791431792559,4
6210.0,20031,21384,22,28,1353,967,875,126,1,14,0.003542673107890499,0.0045088566827697265,0.15571658615136877,0.14090177133655393,0.00016103059581320451,0.02254428341384863,4
6211.0,20034,21392,22,28,1358,967,875,126,1,14,0.003542102720978908,0.0045081307357913375,0.15569151505393655,0.1408790854934793,0.00016100466913540493,0.02254065367895669,4
6212.0,20037,21392,22,28,1355,967,875,126,1,14,0.0035415325177076628,0.004507405022537025,0.15566645202833226,0.14085640695428203,0.00016097875080489375,0.022537025112685124,4
6213.0,20040,21392,22,28,1352,967,876,126,1,14,0.0035409624979880895,0.0045066795428939325,0.1556413970706583,0.14099468855625302,0.00016095284081764043,0.02253339771446966,4
6214.0,20043,21395,22,28,1352,967,876,126,1,14,0.003540392661731574,0.004505954296749276,0.15561635017701964,0.14097199871258448,0.000160926939169617,0.02252977148374638,4
6215.0,20046,21395,22,28,1349,968,876,126,1,14,0.0035398230088495575,0.004505229283990346,0.15575221238938053,0.14094931617055512,0.00016090104585679806,0.02252614641995173,4
6216.0,20049,21403,22,28,1354,968,876,126,1,14,0.0035392535392535394,0.0045045045045045045,0.15572715572715573,0.14092664092664092,0.00016087516087516087,0.02252252252252252,4
6217.0,20052,21403,22,28,1351,969,876,126,1,14,0.003538684252855075,0.0045037799581791865,0.155862956409844,0.14090397297732024,0.00016084928422068523,0.02251889979089593,4
6218.0,20055,21411,22,28,1356,969,877,126,1,14,0.003538115149565777,0.004503055644901898,0.15583788999678352,0.14104213573496302,0.0001608234158893535,0.022515278224509487,4
6219.0,20058,21414,22,28,1356,969,877,126,1,14,0.0035375462292973146,0.004502331564560219,0.155812831644959,0.14101945650426115,0.00016079755587715066,0.022511657822801092,4
6220.0,20061,21414,23,28,1353,969,877,126,1,14,0.003697749196141479,0.0045016077170418,0.15578778135048232,0.1409967845659164,0.0001607717041800643,0.022508038585209004,4
6221.0,20080,21526,23,28,1446,970,877,126,1,14,0.0036971547982639448,0.004500884102234368,0.155923484970262,0.14097411991641215,0.00016074586079408456,0.022504420511171838,4
6222.0,20083,21534,23,28,1451,970,877,126,1,14,0.0036965605914496946,0.004500160720025715,0.155898424943748,0.140951462552234,0.0001607200257152041,0.022500803600128575,4
6223.0,20086,21534,23,28,1448,970,877,126,1,14,0.0036959665756066207,0.0044994375703037125,0.15587337297123574,0.14092881246986982,0.0001606941989394183,0.02249718785151856,4
6224.0,20089,21534,23,28,1445,970,877,126,1,14,0.0036953727506426736,0.004498714652956298,0.1558483290488432,0.14090616966580977,0.00016066838046272492,0.02249357326478149,4
6225.0,20092,21534,23,28,1442,970,877,126,1,14,0.0036947791164658635,0.004497991967871486,0.15582329317269075,0.1408835341365462,0.0001606425702811245,0.02248995983935743,4
6226.0,20095,21534,23,28,1439,970,877,126,1,14,0.0036941856729842595,0.004497269514937359,0.15579826533890137,0.14086090587857372,0.00016061676839062,0.0224863475746868,4
6227.0,20098,21534,23,28,1436,970,877,126,1,14,0.0036935924201059902,0.004496547294042075,0.15577324554360045,0.14083828488838926,0.00016059097478721696,0.022482736470210374,4
6228.0,20101,21534,23,28,1433,970,877,126,1,14,0.003692999357739242,0.00449582530507386,0.15574823378291586,0.14081567116249197,0.00016056518946692356,0.0224791265253693,4
6229.0,20104,21534,23,28,1430,970,877,126,1,14,0.003692406485792262,0.004495103547921014,0.155723230052978,0.1407930646973832,0.00016053941242575052,0.022475517739605072,4
6230.0,20107,21534,23,28,1427,970,877,126,1,14,0.0036918138041733546,0.0044943820224719105,0.15569823434991975,0.14077046548956662,0.00016051364365971107,0.02247191011235955,4
6231.0,20110,21534,23,28,1424,970,878,126,1,14,0.003691221312790884,0.0044936607286149895,0.15567324666987642,0.14090836141871288,0.00016048788316482104,0.02246830364307495,4
6232.0,20113,21537,23,28,1424,970,878,126,1,14,0.0036906290115532735,0.004492939666238768,0.15564826700898587,0.14088575096277278,0.00016046213093709883,0.022464698331193838,4
6233.0,20116,21537,23,28,1421,970,878,126,1,14,0.0036900369003690036,0.004492218835231831,0.15562329536338843,0.1408631477619124,0.00016043638697256537,0.022461094176159154,4
6234.0,20119,21537,23,28,1418,970,878,126,1,14,0.0036894449791466154,0.004491498235482836,0.15559833172922682,0.14084055181264035,0.00016041065126724414,0.02245749117741418,4
6235.0,20122,21537,23,28,1415,970,878,126,1,14,0.0036888532477947072,0.004490777866880513,0.15557337610264635,0.14081796311146752,0.00016038492381716118,0.022453889334402566,4
6236.0,20125,21537,23,28,1412,971,878,126,1,14,0.0036882617062219372,0.004490057729313663,0.1557087876844131,0.140795381654907,0.00016035920461834508,0.02245028864656831,4
6237.0,20128,21545,23,28,1417,971,878,126,1,14,0.003687670354337021,0.004489337822671156,0.15568382235048903,0.1407728074394741,0.000160333493666827,0.02244668911335578,4
6238.0,20131,21545,23,28,1414,971,878,126,1,14,0.0036870791920487335,0.004488618146841937,0.15565886502084,0.14075024046168644,0.0001603077909586406,0.02244309073420968,4
6239.0,20134,21545,23,28,1411,971,878,126,1,14,0.003686488219265908,0.004487898701715018,0.15563391569161725,0.1407276807180638,0.00016028209648982208,0.022439493508575093,4
6240.0,20137,21545,23,28,1408,971,879,126,1,14,0.003685897435897436,0.004487179487179487,0.15560897435897436,0.14086538461538461,0.00016025641025641026,0.022435897435897436,4
6241.0,20140,21548,23,28,1408,971,879,126,1,14,0.0036853068418522673,0.004486460503124499,0.15558404101906745,0.14084281365165838,0.0001602307322544464,0.022432302515622497,4
6242.0,20143,21548,23,28,1405,971,880,126,1,14,0.0036847164370394105,0.004485741749439282,0.1555591156680551,0.14098045498237743,0.00016020506247997436,0.02242870874719641,4
6243.0,20146,21551,23,28,1405,971,880,126,1,14,0.003684126221367932,0.004485023226013135,0.15553419830209836,0.14095787281755567,0.00016017940092904052,0.022425116130065672,4
6244.0,20149,21551,23,28,1402,971,881,126,1,14,0.003683536194746957,0.004484304932735426,0.15550928891736066,0.14109545163356824,0.00016015374759769378,0.02242152466367713,4
6245.0,20152,21554,23,28,1402,971,882,126,1,14,0.0036829463570856686,0.0044835868694955965,0.155484387510008,0.14123298638911128,0.0001601281024819856,0.02241793434747798,4
6246.0,20155,21557,23,28,1402,971,882,126,1,14,0.0036823567082933076,0.004482869036183158,0.15545949407620877,0.14121037463976946,0.0001601024655779699,0.022414345180915785,4
6247.0,20158,21557,23,28,1399,971,882,126,1,14,0.003681767248279174,0.00448215143268769,0.15543460861213382,0.14118777012966224,0.00016007683688170322,0.02241075716343845,4
6248.0,20161,21557,23,28,1396,971,882,126,1,14,0.003681177976952625,0.004481434058898848,0.15540973111395648,0.14116517285531371,0.00016005121638924455,0.02240717029449424,4
6249.0,20164,21557,23,28,1393,971,882,126,1,14,0.0036805888942230756,0.004480716914706353,0.15538486157785245,0.14114258281325012,0.00016002560409665546,0.022403584573531764,4
6250.0,20167,21557,23,28,1390,971,882,126,1,14,0.00368,0.00448,0.15536,0.14112,0.00016,0.0224,4
6251.0,20170,21557,23,28,1387,971,883,126,1,14,0.003679411294192929,0.004479283314669653,0.15533514637657975,0.1412573988161894,0.00015997440409534473,0.022396416573348264,4
6252.0,20173,21560,23,28,1387,971,883,126,1,14,0.0036788227767114525,0.004478566858605247,0.1553103007037748,0.14123480486244402,0.0001599488163787588,0.022392834293026232,4
6253.0,20176,21560,23,28,1384,971,883,126,1,14,0.0036782344474652166,0.004477850631696785,0.15528546297777068,0.14121221813529505,0.00015992323684631377,0.02238925315848393,4
6254.0,20179,21560,23,28,1381,972,883,126,1,14,0.003677646306363927,0.004477134633834346,0.15542053086024943,0.14118963863127598,0.0001598976654940838,0.02238567316917173,4
6255.0,20182,21568,23,28,1386,972,883,126,1,14,0.0036770583533173463,0.004476418864908073,0.1553956834532374,0.14116706634692247,0.0001598721023181455,0.02238209432454037,4
6256.0,20185,21568,23,28,1383,972,883,126,1,14,0.003676470588235294,0.004475703324808184,0.15537084398976983,0.14114450127877237,0.00015984654731457802,0.02237851662404092,4
6257.0,20188,21568,23,28,1380,972,884,126,1,14,0.003675883011027649,0.004474988013424964,0.15534601246603805,0.1412817644238453,0.000159821000479463,0.02237494006712482,4
6258.0,20191,21571,23,28,1380,973,884,126,1,14,0.0036752956216043464,0.0044742729306487695,0.15548098434004473,0.141259188239054,0.00015979546180888463,0.02237136465324385,4
6259.0,20194,21579,23,28,1385,973,884,126,1,14,0.0036747084198753793,0.004473558076370027,0.15545614315385844,0.1412366192682537,0.00015976993129892953,0.022367790381850137,4
6260.0,20197,21579,23,28,1382,973,884,126,1,14,0.0036741214057507987,0.0044728434504792336,0.15543130990415335,0.1412140575079872,0.0001597444089456869,0.022364217252396165,4
6261.0,20200,21579,23,28,1379,973,884,126,1,14,0.0036735345791407124,0.004472129052866954,0.15540648458712666,0.14119150295479954,0.00015971889474524837,0.02236064526433477,4
6262.0,20203,21579,23,28,1376,973,884,126,1,14,0.0036729479399552857,0.004471414883423826,0.15538166719897797,0.14116895560523796,0.00015969338869370808,0.022357074417119132,4
6263.0,20206,21579,23,28,1373,973,884,126,1,14,0.0036723614881047422,0.004470700942040556,0.15535685773590932,0.14114641545585183,0.0001596678907871627,0.02235350471020278,4
6264.0,20209,21579,23,28,1370,973,885,126,1,14,0.0036717752234993613,0.004469987228607918,0.15533205619412516,0.14128352490421456,0.00015964240102171138,0.02234993614303959,4
6265.0,20212,21582,23,28,1370,974,885,126,1,14,0.003671189146049481,0.004469273743016759,0.15546687948922586,0.1412609736632083,0.0001596169193934557,0.0223463687150838,4
6266.0,20215,21590,23,28,1375,974,885,126,1,14,0.0036706032556654963,0.004468560485157995,0.15544206830513885,0.14123842962017236,0.00015959144589849984,0.022342802425789978,4
6267.0,20218,21590,23,28,1372,974,885,126,1,14,0.0036700175522578586,0.0044678474549226105,0.15541726503909367,0.14121589277166108,0.00015956598053295037,0.022339237274613052,4
6268.0,20221,21590,23,28,1369,974,885,126,1,14,0.003669432035737077,0.004467134652201659,0.15539246968730058,0.141193363114231,0.0001595405232929164,0.022335673261008295,4
6269.0,20224,21590,23,28,1366,974,886,126,1,14,0.0036688467060137183,0.004466422076886266,0.15536768224597225,0.1413303557186154,0.0001595150741745095,0.02233211038443133,4
6270.0,20227,21593,23,28,1366,974,886,126,1,14,0.003668261562998405,0.004465709728867623,0.15534290271132375,0.14130781499202552,0.0001594896331738437,0.022328548644338118,4
6271.0,20230,21593,23,28,1363,974,886,126,1,14,0.0036676766066018177,0.004464997608036996,0.15531813107957262,0.14128528145431352,0.00015946420028703555,0.022324988040184977,4
6272.0,20233,21593,23,28,1360,974,886,126,1,14,0.003667091836734694,0.004464285714285714,0.15529336734693877,0.1412627551020408,0.00015943877551020407,0.022321428571428572,4
6273.0,20236,21593,23,28,1357,974,886,126,1,14,0.0036665072533078272,0.004463574047505181,0.15526861150964452,0.14124023593177107,0.00015941335883947074,0.022317870237525905,4
6274.0,20239,21593,23,28,1354,975,886,126,1,14,0.003665922856232069,0.004462862607586867,0.15540325151418552,0.14121772394007012,0.0001593879502709595,0.02231431303793433,4
6275.0,20242,21601,23,28,1359,975,886,126,1,14,0.0036653386454183266,0.004462151394422311,0.1553784860557769,0.14119521912350597,0.00015936254980079682,0.022310756972111555,4
6276.0,20245,21601,23,28,1356,976,886,126,1,14,0.0036647546207775653,0.004461440407903123,0.15551306564690887,0.14117272147864882,0.00015933715742511153,0.022307202039515615,4
6277.0,20248,21609,23,28,1361,976,886,126,1,14,0.003664170782220806,0.004460729647920982,0.1554882905846742,0.14115023100207105,0.00015931177314003505,0.022303648239604908,4
6278.0,20251,21609,23,28,1358,977,886,126,1,14,0.003663587129659127,0.004460019114367633,0.15562280981204205,0.14112774769034725,0.00015928639694170118,0.022300095571838166,4
6279.0,20254,21617,23,28,1363,977,886,126,1,14,0.003663003663003663,0.004459308807134894,0.15559802516324256,0.14110527154005414,0.00015926102882624622,0.022296544035674472,4
6280.0,20257,21617,23,28,1360,977,886,126,1,14,0.003662420382165605,0.0044585987261146496,0.1555732484076433,0.1410828025477707,0.0001592356687898089,0.022292993630573247,4
6281.0,20260,21617,23,28,1357,977,886,126,1,14,0.003661837287056201,0.004457888871198854,0.1555484795414743,0.141060340710078,0.0001592103168285305,0.022289444355994267,4
6282.0,20263,21617,23,28,1354,977,886,126,1,14,0.0036612543775867558,0.004457179242279528,0.15552371856096783,0.14103788602355938,0.0001591849729385546,0.022285896211397645,4
6283.0,20264,21617,24,28,1353,977,886,126,1,14,0.003819831290784657,0.004456469839248766,0.15549896546235875,0.14101543848480025,0.0001591596371160274,0.022282349196243834,4
6284.0,20283,21732,24,28,1449,977,886,126,1,14,0.0038192234245703373,0.004455760661998727,0.15547422024188415,0.1409929980903883,0.00015913430935709738,0.022278803309993635,4
6285.0,20286,21732,24,28,1446,977,887,126,1,14,0.0038186157517899762,0.004455051710421639,0.15544948289578361,0.1411296738265712,0.00015910898965791568,0.022275258552108195,4
6286.0,20289,21735,24,28,1446,977,887,127,1,14,0.003818008272351257,0.004454342984409799,0.15542475342029907,0.14110722239898185,0.0001590836780146357,0.022430798600063633,4
6287.0,20292,21737,24,28,1445,977,887,127,1,14,0.0038174009861619215,0.004453634483855575,0.1554000318116749,0.14108477811356768,0.0001590583744234134,0.022427230793701288,4
6288.0,20295,21737,24,28,1442,977,887,127,1,14,0.003816793893129771,0.004452926208651399,0.15537531806615776,0.1410623409669211,0.00015903307888040714,0.022423664122137404,4
6289.0,20298,21737,24,28,1439,977,887,127,1,14,0.003816186993162665,0.004452218158689776,0.15535061217999682,0.14103991095563684,0.0001590077913817777,0.022420098584830656,4
6290.0,20301,21737,24,28,1436,977,887,127,1,14,0.0038155802861685214,0.004451510333863275,0.15532591414944355,0.1410174880763116,0.0001589825119236884,0.022416534181240063,4
6291.0,20304,21737,24,28,1433,977,887,127,1,14,0.003814973772055317,0.004450802734064537,0.15530122397075186,0.14099507232554442,0.00015895724050230488,0.02241297091082499,4
6292.0,20307,21737,24,28,1430,977,888,127,1,14,0.003814367450731087,0.004450095359186269,0.155276541640178,0.14113159567705022,0.0001589319771137953,0.022409408773045137,4
6293.0,20310,21740,24,28,1430,977,888,127,1,14,0.003813761322103925,0.004449388209121246,0.15525186715398062,0.14110916891784522,0.0001589067217543302,0.02240584776736056,4
6294.0,20313,21740,24,28,1427,977,889,127,1,14,0.0038131553860819827,0.0044486812837623135,0.15522720050842073,0.14124563075945346,0.00015888147442008263,0.022402287893231648,4
6295.0,20316,21743,24,28,1427,978,889,127,1,14,0.003812549642573471,0.004447974583002383,0.15536139793486894,0.14122319301032565,0.00015885623510722796,0.022398729150119142,4
6296.0,20319,21751,24,28,1432,978,889,127,1,14,0.0038119440914866584,0.0044472681067344345,0.15533672172808133,0.1412007623888183,0.0001588310038119441,0.022395171537484118,4
6297.0,20322,21751,24,28,1429,978,889,127,1,14,0.003811338732729871,0.004446561854851517,0.15531205335874226,0.14117833889153567,0.0001588057805304113,0.022391615054787994,4
6298.0,20325,21751,24,28,1426,978,889,127,1,14,0.003810733566211496,0.004445855827246745,0.15528739282311846,0.14115592251508416,0.00015878056525881233,0.022388059701492536,4
6299.0,20328,21751,24,28,1423,978,890,127,1,14,0.0038101285918399745,0.004445150023813304,0.15526274011747895,0.1412922686140657,0.00015875535799333228,0.022384505477059852,4
6300.0,20331,21754,24,28,1423,979,890,127,1,14,0.0038095238095238095,0.0044444444444444444,0.1553968253968254,0.14126984126984127,0.00015873015873015873,0.02238095238095238,4
6301.0,20334,21762,24,28,1428,979,890,127,2,14,0.0038089192191715603,0.004443739089033487,0.15537216314870655,0.14124742104427868,0.0003174099349309633,0.022377400412632916,4
6302.0,20337,21772,24,28,1435,979,890,127,2,14,0.003808314820691844,0.004443033957473818,0.15534750872738812,0.1412250079339892,0.00031735956839098697,0.02237384957156458,4
6303.0,20340,21772,24,28,1432,979,890,127,2,14,0.0038077106139933364,0.0044423290496588925,0.15532286212914484,0.14120260193558623,0.00031730921783277807,0.02237029985721085,4
6304.0,20343,21772,24,28,1429,979,890,127,2,14,0.0038071065989847717,0.004441624365482234,0.1552982233502538,0.1411802030456853,0.00031725888324873094,0.022366751269035534,4
6305.0,20346,21772,24,28,1426,979,890,127,2,14,0.0038065027755749404,0.0044409199048374304,0.15527359238699445,0.14115781126090404,0.00031720856463124506,0.022363203806502776,4
6306.0,20349,21772,24,28,1423,979,891,127,2,14,0.003805899143672693,0.004440215667618141,0.1552489692356486,0.1412940057088487,0.0003171582619727244,0.02235965746907707,4
6307.0,20352,21775,24,28,1423,980,891,127,2,14,0.003805295703186935,0.004439511653718091,0.15538290788013318,0.14127160298081498,0.00031710797526557794,0.022356112256223245,4
6308.0,20355,21783,24,28,1428,981,891,127,2,14,0.003804692454026633,0.004438807863031071,0.15551680405833862,0.14124920735573873,0.0003170577045022194,0.022352568167406467,4
6309.0,20358,21791,24,28,1433,982,891,127,2,14,0.0038040893961008085,0.004438104295450943,0.15565065779045809,0.14122681883024252,0.0003170074496750674,0.02234902520209225,4
6310.0,20361,21799,24,28,1438,982,891,128,2,14,0.003803486529318542,0.0044374009508716325,0.15562599049128367,0.14120443740095087,0.0003169572107765452,0.022503961965134708,4
6311.0,20364,21801,24,28,1437,982,891,128,2,14,0.0038028838535889716,0.004436697829187134,0.15560133100934875,0.14118206306449058,0.00031690698779908097,0.022500396133734748,4
6312.0,20367,21801,24,28,1434,982,891,128,2,14,0.0038022813688212928,0.004435994930291508,0.15557667934093788,0.1411596958174905,0.0003168567807351077,0.022496831432192648,4
6313.0,20370,21801,24,28,1431,982,891,128,2,14,0.0038016790749247583,0.004435292254078885,0.15555203548233804,0.14113733565658165,0.0003168065895770632,0.022493267859971487,4
6314.0,20373,21801,24,28,1428,982,892,128,2,14,0.003801076971808679,0.004434589800443459,0.15552739942983845,0.1412733607855559,0.0003167564143173899,0.022489705416534684,4
6315.0,20376,21804,24,28,1428,982,893,128,2,14,0.003800475059382423,0.004433887569279493,0.1555027711797308,0.14140934283452097,0.00031670625494853525,0.022486144101346,4
6316.0,20379,21807,24,28,1428,982,893,128,2,14,0.0037998733375554147,0.004433185560481318,0.15547815072830906,0.14138695376820773,0.00031665611146295124,0.022482583913869536,4
6317.0,20382,21807,24,28,1425,983,893,128,2,14,0.0037992718062371377,0.004432483773943328,0.1556118410637961,0.14136457179040685,0.00031660598385309483,0.022479024853569732,4
6318.0,20385,21815,24,28,1430,983,893,128,2,14,0.003798670465337132,0.004431782209559987,0.1555872111427667,0.14134219689775246,0.00031655587211142766,0.022475466919911365,4
6319.0,20388,21815,24,28,1427,983,893,128,2,14,0.0037980693147649943,0.004431080867225827,0.15556258901724956,0.14131982908688084,0.0003165057762304162,0.02247191011235955,4
6320.0,20391,21815,24,28,1424,983,893,128,2,14,0.0037974683544303796,0.004430379746835443,0.1555379746835443,0.14129746835443038,0.00031645569620253165,0.022468354430379745,4
6321.0,20394,21815,24,28,1421,983,893,128,2,14,0.0037968675842429997,0.004429678848283499,0.15551336813795286,0.1412751146970416,0.00031640563202024995,0.022464799873437746,4
6322.0,20397,21815,24,28,1418,983,893,128,2,14,0.0037962670041126224,0.004428978171464726,0.1554887693767795,0.14125276811135717,0.00031635558367605187,0.022461246440999685,4
6323.0,20400,21815,24,28,1415,983,893,128,2,14,0.003795666613949075,0.004428277716273921,0.15546417839633087,0.14123042859402182,0.0003163055511624229,0.022457694132532027,4
6324.0,20403,21815,24,28,1412,983,893,128,2,14,0.003795066413662239,0.004427577482605946,0.15543959519291586,0.14120809614168248,0.00031625553447185326,0.02245414294750158,4
6325.0,20406,21815,24,28,1409,983,893,128,2,14,0.003794466403162055,0.004426877470355731,0.15541501976284586,0.14118577075098815,0.00031620553359683795,0.022450592885375494,4
6326.0,20409,21815,24,28,1406,983,893,128,2,14,0.0037938665823585203,0.004426177679418274,0.1553904521024344,0.14116345241858994,0.0003161555485298767,0.022447043945621244,4
6327.0,20412,21815,24,28,1403,983,893,128,2,14,0.003793266951161688,0.004425478109688636,0.15536589220799746,0.14114114114114115,0.000316105579263474,0.022443496127706655,4
6328.0,20415,21815,24,28,1400,983,893,128,2,14,0.0037926675094816687,0.004424778761061947,0.15534134007585335,0.14111883691529709,0.0003160556257901391,0.022439949431099875,4
6329.0,20418,21815,24,28,1397,983,894,128,2,14,0.0037920682572286303,0.004424079633433402,0.15531679570232265,0.14125454258176648,0.00031600568810238584,0.022436403855269394,4
6330.0,20421,21818,24,28,1397,984,894,128,2,14,0.0037914691943127963,0.0044233807266982625,0.15545023696682464,0.14123222748815165,0.000315955766192733,0.022432859399684046,4
6331.0,20424,21826,24,28,1402,984,894,128,2,14,0.003790870320644448,0.004422682040751856,0.15542568314642236,0.14120991944400568,0.000315905860053704,0.022429316063812984,4
6332.0,20427,21826,24,28,1399,984,894,128,2,14,0.003790271636133923,0.004421983575489577,0.15540113708149084,0.14118761844598862,0.0003158559696778269,0.02242577384712571,4
6333.0,20430,21826,24,28,1396,984,894,128,2,14,0.0037896731406916154,0.004421285330806885,0.15537659876835622,0.14116532449076266,0.00031580609505763463,0.022422232749092056,4
6334.0,20433,21826,24,28,1393,984,894,128,2,14,0.003789074834227976,0.004420587306599305,0.15535206820334702,0.1411430375749921,0.00031575623618566466,0.02241869276918219,4
6335.0,20436,21826,24,28,1390,984,894,128,2,14,0.0037884767166535124,0.004419889502762431,0.155327545382794,0.14112075769534332,0.00031570639305445933,0.022415153906866613,4
6336.0,20439,21826,24,28,1387,984,894,128,2,14,0.003787878787878788,0.004419191919191919,0.1553030303030303,0.14109848484848486,0.0003156565656565657,0.02241161616161616,4
6337.0,20442,21826,24,28,1384,984,895,128,2,14,0.0037872810478144234,0.004418494555783494,0.15527852296039135,0.14123402240807953,0.00031560675398453525,0.022408079532902005,4
6338.0,20445,21829,24,28,1384,984,895,128,2,14,0.003786683496371095,0.004417797412432944,0.15525402335121488,0.14121173871883874,0.0003155569580309246,0.022404544020195646,4
6339.0,20448,21829,24,28,1381,984,895,128,2,14,0.003786086133459536,0.004417100489036125,0.155229531471841,0.14118946206026187,0.0003155071777882947,0.022401009622968922,4
6340.0,20451,21829,24,28,1378,984,896,128,2,14,0.0037854889589905363,0.004416403785488959,0.15520504731861198,0.14132492113564668,0.0003154574132492114,0.022397476340694007,4
6341.0,20454,21832,24,28,1378,984,896,128,2,14,0.003784891972874941,0.004415707301687431,0.15518057088787257,0.14130263365399778,0.00031540766440624505,0.022393944172843402,4
6342.0,20457,21832,24,28,1375,984,896,128,2,14,0.003784295175023652,0.004415011037527594,0.15515610217596973,0.141280353200883,0.000315357931251971,0.02239041311888994,4
6343.0,20460,21832,24,28,1372,984,896,128,2,14,0.0037836985653476275,0.004414314992905565,0.1551316411792527,0.14125807977297808,0.00031530821377896896,0.022386883178306796,4
6344.0,20463,21832,24,28,1369,984,897,128,2,14,0.0037831021437578815,0.004413619167717529,0.15510718789407313,0.1413934426229508,0.00031525851197982345,0.022383354350567465,4
6345.0,20466,21835,24,28,1369,984,897,128,2,14,0.0037825059101654845,0.004412923561859732,0.15508274231678487,0.141371158392435,0.00031520882584712374,0.022379826635145785,4
6346.0,20469,21835,24,28,1366,984,897,128,2,14,0.003781909864481563,0.00441222817522849,0.15505830444374408,0.14134888118499842,0.0003151591553734636,0.022376300031515917,4
6347.0,20472,21835,24,28,1363,984,898,128,2,14,0.0037813140066172996,0.004411533007720183,0.15503387427130927,0.14148416574759728,0.00031510950055144165,0.022372774539152356,4
6348.0,20475,21838,24,28,1363,984,898,128,2,14,0.003780718336483932,0.004410838059231254,0.15500945179584122,0.1414618777567738,0.000315059861373661,0.02236925015752993,4
6349.0,20478,21838,24,28,1360,984,898,128,2,14,0.003780122853992755,0.004410143329658214,0.15498503701370295,0.14143959678689558,0.00031501023783272954,0.0223657268861238,4
6350.0,20481,21838,24,28,1357,984,898,128,2,14,0.003779527559055118,0.004409448818897638,0.15496062992125983,0.14141732283464567,0.00031496062992125983,0.02236220472440945,4
6351.0,20484,21838,24,28,1354,984,898,128,2,14,0.003778932451582428,0.004408754526846166,0.15493623051487954,0.14139505589670917,0.000314911037631869,0.022358683671862698,4
6352.0,20487,21838,24,28,1351,984,898,128,2,14,0.003778337531486146,0.004408060453400504,0.15491183879093198,0.1413727959697733,0.00031486146095717883,0.022355163727959697,4
6353.0,20490,21838,24,28,1348,984,899,128,2,14,0.00377774279867779,0.004407366598457422,0.15488745474578938,0.14150794900047223,0.00031481189988981584,0.022351644892176923,4
6354.0,20493,21841,24,28,1348,985,899,128,2,14,0.003777148253068933,0.004406672961913755,0.15502045955303745,0.14148567831287379,0.0003147623544224111,0.022348127163991188,4
6355.0,20496,21849,24,28,1353,985,899,128,2,14,0.0037765538945712038,0.004405979543666404,0.15499606608969316,0.14146341463414633,0.0003147128245476003,0.022344610542879624,4
6356.0,20499,21849,24,28,1350,985,899,128,2,14,0.003775959723096287,0.004405286343612335,0.15497168030207678,0.14144115796098175,0.00031466331025802394,0.0223410950283197,4
6357.0,20502,21849,24,28,1347,985,899,128,2,14,0.0037753657385559227,0.004404593361648577,0.154947302186566,0.14141890829007395,0.0003146138115463269,0.02233758061978921,4
6358.0,20505,21849,24,28,1344,985,899,128,2,14,0.0037747719408619063,0.004403900597672224,0.15492293173954075,0.1413966656181189,0.00031456432840515884,0.02233406731676628,4
6359.0,20508,21849,24,28,1341,985,899,128,2,14,0.003774178329926089,0.0044032080515804374,0.15489856895738324,0.14137442994181476,0.0003145148608271741,0.02233055511872936,4
6360.0,20511,21849,24,28,1338,985,899,128,2,14,0.0037735849056603774,0.00440251572327044,0.15487421383647798,0.14135220125786163,0.00031446540880503143,0.02232704402515723,4
6361.0,20514,21849,24,28,1335,985,900,128,2,14,0.0037729916679767332,0.0044018236126395225,0.15484986637321177,0.1414871875491275,0.00031441597233139445,0.022323534035529006,4
6362.0,20517,21852,24,28,1335,985,900,128,2,14,0.003772398616787174,0.0044011317195850365,0.15482552656397358,0.141464948129519,0.00031436655139893113,0.022320025149324112,4
6363.0,20520,21852,24,28,1332,985,900,128,2,14,0.003771805752003772,0.0044004400440044,0.1548011944051548,0.14144271570014144,0.0003143171460003143,0.022316517366022318,4
6364.0,20523,21852,24,28,1329,985,900,128,2,14,0.003771213073538655,0.0043997485857950975,0.15477686989314896,0.14142049025769957,0.00031426775612822125,0.022313010685103708,4
6365.0,20526,21852,24,28,1326,985,900,128,2,14,0.0037706205813040064,0.004399057344854674,0.15475255302435192,0.14139827179890024,0.00031421838177533385,0.022309505106048705,4
6366.0,20529,21852,24,28,1323,985,900,128,2,14,0.003770028275212064,0.004398366321080742,0.15472824379516179,0.1413760603204524,0.00031416902293433867,0.022306000628338044,4
6367.0,20532,21852,24,28,1320,985,900,128,2,14,0.0037694361551751216,0.004397675514370976,0.15470394220197894,0.14135385581906706,0.00031411967959792684,0.022302497251452804,4
6368.0,20535,21852,24,28,1317,985,900,128,2,14,0.0037688442211055275,0.0043969849246231155,0.15467964824120603,0.14133165829145727,0.000314070351758794,0.02229899497487437,4
6369.0,20538,21852,24,28,1314,985,900,128,2,14,0.0037682524729156855,0.004396294551734966,0.15465536190924792,0.1413094677343382,0.0003140210394096404,0.022295493798084473,4
6370.0,20541,21852,24,28,1311,985,901,128,2,14,0.0037676609105180532,0.004395604395604396,0.1546310832025118,0.1414442700156986,0.0003139717425431711,0.02229199372056515,4
6371.0,20544,21855,24,28,1311,985,901,128,2,14,0.003767069533825145,0.004394914456129336,0.154606812117407,0.141422068749019,0.0003139224611520954,0.022288494741798774,4
6372.0,20547,21855,24,28,1308,985,901,128,2,14,0.003766478342749529,0.004394224733207784,0.15458254865034526,0.1413998744507219,0.00031387319522912746,0.022284996861268048,4
6373.0,20550,21855,24,28,1305,985,901,128,2,14,0.0037658873372038285,0.0043935352267378,0.15455829279774047,0.14137768711752707,0.00031382394476698575,0.022281500078455987,4
6374.0,20553,21855,24,28,1302,985,901,128,2,14,0.0037652965171007216,0.004392845936617509,0.15453404455600878,0.14135550674615627,0.00031377470975839345,0.022278004392845937,4
6375.0,20556,21855,24,28,1299,985,901,128,2,14,0.0037647058823529413,0.004392156862745098,0.15450980392156863,0.14133333333333334,0.00031372549019607844,0.02227450980392157,4
6376.0,20559,21855,24,28,1296,985,901,128,2,14,0.0037641154328732747,0.00439146800501882,0.15448557089084064,0.14131116687578418,0.0003136762860727729,0.022271016311166875,4
6377.0,20562,21855,24,28,1293,986,901,128,2,14,0.0037635251685745647,0.0043907793633369925,0.15461815900893838,0.14128900737023678,0.00031362709738121374,0.022267523914066174,4
6378.0,20565,21863,24,28,1298,986,901,128,2,14,0.0037629350893697085,0.004390090937597993,0.15459391658827218,0.14126685481342113,0.00031357792411414236,0.022264032612104107,4
6379.0,20568,21863,24,28,1295,986,901,128,2,14,0.003762345195171657,0.004389402727700266,0.15456968176830224,0.1412447092020693,0.00031352876626430476,0.02226054240476564,4
6380.0,20571,21863,24,28,1292,986,901,128,2,14,0.003761755485893417,0.00438871473354232,0.15454545454545454,0.14122257053291537,0.00031347962382445143,0.02225705329153605,4
6381.0,20574,21863,24,28,1289,987,901,128,2,14,0.0037611659614480487,0.004388026955022724,0.15467795016455102,0.1412004388026955,0.0003134304967873374,0.022253565271900956,4
6382.0,20577,21871,24,28,1294,987,901,128,2,14,0.003760576621748668,0.004387339392040113,0.154653713569414,0.14117831400814793,0.00031338138514572234,0.022250078345346286,4
6383.0,20580,21871,24,28,1291,987,901,128,2,14,0.0037599874667084443,0.004386652044493185,0.15462948456838477,0.14115619614601285,0.00031333228889237035,0.022246592511358295,4
6384.0,20583,21871,24,28,1288,987,901,128,2,14,0.0037593984962406013,0.0043859649122807015,0.15460526315789475,0.14113408521303258,0.0003132832080200501,0.022243107769423558,4
6385.0,20586,21871,24,28,1285,988,901,128,2,14,0.003758809710258418,0.004385277995301488,0.1547376664056382,0.14111198120595145,0.00031323414252153485,0.022239624119028974,4
6386.0,20589,21879,24,28,1290,988,901,128,2,14,0.003758221108675227,0.004384591293454432,0.15471343564046353,0.14108988412151582,0.00031318509238960227,0.02223614155966176,4
6387.0,20592,21879,24,28,1287,988,901,128,2,14,0.0037576326914044154,0.004383904806638484,0.15468921246281508,0.1410677939564741,0.0003131360576170346,0.022232660090809455,4
6388.0,20595,21879,24,28,1284,988,901,128,2,14,0.003757044458359424,0.004383218534752661,0.15466499686912963,0.1410457107075767,0.00031308703819661864,0.022229179711959923,4
6389.0,20598,21879,24,28,1281,988,902,128,2,14,0.0037564564094537487,0.0043825324776960405,0.15464078885584598,0.1411801533886367,0.0003130380341211457,0.022225700422601347,4
6390.0,20601,21882,24,28,1281,988,902,128,2,14,0.003755868544600939,0.004381846635367762,0.15461658841940532,0.14115805946791862,0.00031298904538341156,0.022222222222222223,4
6391.0,20604,21882,24,28,1278,989,902,128,2,14,0.0037552808637145987,0.004381161007667032,0.15474886559223908,0.14113597246127366,0.00031294007197621654,0.022218745110311376,4
6392.0,20607,21890,24,28,1283,990,902,128,2,14,0.0037546933667083854,0.004380475594493116,0.1548811013767209,0.14111389236545682,0.00031289111389236547,0.022215269086357948,4
6393.0,20610,21898,24,28,1288,990,902,128,2,14,0.003754106053496011,0.004379790395745347,0.15485687470671047,0.1410918191772251,0.00031284217112466763,0.0222117941498514,4
6394.0,20613,21898,24,28,1285,990,902,128,2,14,0.003753518923991242,0.004379105411323116,0.15483265561463871,0.1410697528933375,0.00031279324366593683,0.022208320300281515,4
6395.0,20616,21898,24,28,1282,990,902,128,2,14,0.003752931978107897,0.00437842064112588,0.15480844409695074,0.14104769351055513,0.0003127443315089914,0.02220484753713839,4
6396.0,20619,21898,24,28,1279,990,902,128,2,14,0.00375234521575985,0.004377736085053158,0.15478424015009382,0.14102564102564102,0.00031269543464665416,0.022201375859912446,4
6397.0,20622,21898,24,28,1276,990,902,128,2,14,0.0037517586368610288,0.004377051743004534,0.15476004377051744,0.1410035954353603,0.0003126465530717524,0.02219790526809442,4
6398.0,20625,21898,24,28,1273,990,902,128,2,14,0.003751172241325414,0.00437636761487965,0.15473585495467335,0.14098155673648016,0.00031259768677711783,0.022194435761175368,4
6399.0,20628,21898,24,28,1270,990,902,128,2,14,0.003750586029067042,0.004375683700578215,0.15471167369901548,0.14095952492576966,0.0003125488357555868,0.022190967338646665,4
6400.0,20631,21898,24,28,1267,990,903,128,2,14,0.00375,0.004375,0.1546875,0.14109375,0.0003125,0.0221875,4
6401.0,20634,21901,24,28,1267,990,903,128,2,14,0.0037494141540384317,0.004374316513044837,0.1546633338540853,0.14107170754569598,0.0003124511795032026,0.022184033744727386,4
6402.0,20637,21901,24,28,1264,990,903,128,2,14,0.0037488284910965324,0.0043736332396126214,0.15463917525773196,0.14104967197750704,0.00031240237425804435,0.02218056857232115,4
6403.0,20640,21901,24,28,1261,991,903,128,2,14,0.0037482430110885524,0.004372950179603311,0.15477120099953148,0.14102764329220677,0.00031235358425737937,0.022177104482273936,4
6404.0,20643,21909,24,28,1266,991,904,128,2,14,0.0037476577139287947,0.004372267332916927,0.15474703310430982,0.14116177389131793,0.0003123048094940662,0.0221736414740787,4
6405.0,20646,21912,24,28,1266,991,904,128,2,14,0.003747072599531616,0.004371584699453552,0.15472287275565963,0.14113973458235754,0.000312256049960968,0.02217017954722873,4
6406.0,20649,21912,24,28,1263,991,904,128,2,14,0.003746487667811427,0.004370902279113331,0.15469871995004683,0.14111770215423042,0.00031220730565095225,0.02216671870121761,4
6407.0,20652,21912,24,28,1260,991,904,128,2,14,0.003745902918682691,0.004370220071796473,0.15467457468393944,0.1410956766037147,0.0003121585765568909,0.022163258935539255,4
6408.0,20655,21912,24,28,1257,991,904,128,2,14,0.003745318352059925,0.004369538077403246,0.15465043695380773,0.14107365792759052,0.00031210986267166043,0.02215980024968789,4
6409.0,20658,21912,24,28,1254,991,904,128,2,14,0.0037447339678577003,0.004368856295833983,0.1546263067561242,0.14105164612264004,0.0003120611639881417,0.02215634264315806,4
6410.0,20661,21912,24,28,1251,991,904,128,2,14,0.00374414976599064,0.00436817472698908,0.15460218408736348,0.14102964118564743,0.00031201248049921997,0.02215288611544462,4
6411.0,20664,21912,24,28,1248,991,904,128,2,14,0.003743565746373421,0.004367493370768991,0.1545780689440025,0.14100764311339883,0.00031196381219778506,0.02214943066604274,4
6412.0,20667,21912,24,28,1245,991,904,128,2,14,0.0037429819089207735,0.004366812227074236,0.15455396132252028,0.14098565190268247,0.00031191515907673113,0.022145976294447912,4
6413.0,20670,21912,24,28,1242,991,904,128,2,14,0.0037423982535474817,0.0043661312958053955,0.1545298612193981,0.14096366755028847,0.0003118665211289568,0.02214252300015593,4
6414.0,20673,21912,24,28,1239,991,904,128,2,14,0.0037418147801683817,0.004365450576863112,0.15450576863111942,0.14094169005300905,0.0003118178983473651,0.022139070782662924,4
6415.0,20676,21912,24,28,1236,991,905,128,2,14,0.0037412314886983633,0.00436477007014809,0.1544816835541699,0.1410756040530008,0.0003117692907248636,0.022135619641465317,4
6416.0,20679,21915,24,28,1236,992,905,128,2,14,0.003740648379052369,0.004364089775561097,0.1546134663341646,0.14105361596009974,0.0003117206982543641,0.02213216957605985,4
6417.0,20682,21923,24,28,1241,992,905,128,2,14,0.0037400654511453952,0.004363409693002961,0.15458937198067632,0.14103163472027427,0.0003116721209287829,0.022128720585943586,4
6418.0,20685,21923,24,28,1238,992,905,128,2,14,0.00373948270489249,0.004362729822374571,0.15456528513555626,0.14100966033032097,0.0003116235587410408,0.0221252726706139,4
6419.0,20688,21923,24,28,1235,992,905,128,2,14,0.003738900140208755,0.004362050163576881,0.1545412057952952,0.1409876927870385,0.0003115750116840629,0.022121825829568467,4
6420.0,20691,21923,24,28,1232,992,905,128,2,14,0.003738317757009346,0.004361370716510903,0.1545171339563863,0.1409657320872274,0.00031152647975077883,0.022118380062305296,4
6421.0,20694,21923,24,28,1229,992,906,128,2,14,0.003737735555209469,0.004360691481077714,0.15449306961532472,0.14109951720915745,0.0003114779629341224,0.02211493536832269,4
6422.0,20697,21926,24,28,1229,993,906,128,2,14,0.003737153534724385,0.004360012457178449,0.15462472749922143,0.14107754593584554,0.0003114294612270321,0.022111491747119277,4
6423.0,20700,21934,24,28,1234,993,907,128,2,14,0.0037365716954694066,0.004359333644714308,0.1546006539000467,0.14121127199128133,0.00031138097462245055,0.02210804919819399,4
6424.0,20703,21937,24,28,1234,993,907,128,2,14,0.0037359900373599006,0.0043586550435865505,0.15457658779576589,0.1411892901618929,0.00031133250311332503,0.02210460772104608,4
6425.0,20706,21937,24,28,1231,993,907,128,2,14,0.003735408560311284,0.004357976653696498,0.15455252918287937,0.14116731517509729,0.000311284046692607,0.022101167315175096,4
6426.0,20709,21937,24,28,1228,993,908,128,2,14,0.003734827264239029,0.004357298474945534,0.15452847805788983,0.1413009648303766,0.0003112356053532524,0.02209772798008092,4
6427.0,20712,21940,24,28,1228,993,908,128,2,14,0.0037342461490586587,0.004356620507235102,0.154504434417302,0.1412789793060526,0.00031118717908822156,0.02209428971526373,4
6428.0,20715,21940,24,28,1225,993,908,128,2,14,0.00373366521468575,0.0043559427504667085,0.1544803982576229,0.14125700062227753,0.00031113876789047915,0.02209085252022402,4
6429.0,20718,21940,24,28,1222,993,908,128,2,14,0.003733084461035931,0.0043552652045419195,0.15445636957536163,0.1412350287758594,0.00031109037175299425,0.02208741639446259,4
6430.0,20721,21940,24,28,1219,993,908,128,2,14,0.0037325038880248835,0.004354587869362364,0.15443234836702954,0.1412130637636081,0.00031104199066874026,0.02208398133748056,4
6431.0,20724,21940,24,28,1216,993,908,128,2,14,0.003731923495568341,0.004353910744829731,0.1544083346291401,0.14119110558233555,0.00031099362463069506,0.02208054734877935,4
6432.0,20727,21940,24,28,1213,993,909,128,2,14,0.0037313432835820895,0.004353233830845771,0.15438432835820895,0.14132462686567165,0.0003109452736318408,0.022077114427860697,4
6433.0,20730,21943,24,28,1213,993,910,128,2,14,0.003730763251981968,0.004352557127312296,0.15436032955075393,0.14145810663764963,0.000310896937665164,0.022073682574226643,4
6434.0,20733,21946,24,28,1213,993,911,128,2,14,0.003730183400683867,0.004351880634131178,0.15433633820329498,0.14159154491762513,0.00031084861672365556,0.022070251787379546,4
6435.0,20736,21949,24,28,1213,993,912,128,2,14,0.0037296037296037296,0.004351204351204351,0.15431235431235432,0.14172494172494174,0.0003108003108003108,0.02206682206682207,4
6436.0,20739,21952,24,28,1213,993,912,128,2,14,0.0037290242386575512,0.00435052827843381,0.15428837787445618,0.14170292106898694,0.00031075201988812925,0.022063393412057177,4
6437.0,20742,21952,24,28,1210,993,912,128,2,14,0.0037284449277613795,0.0043498524157216095,0.15426440888612708,0.14168090725493243,0.00031070374398011494,0.02205996582258816,4
6438.0,20745,21952,24,28,1207,993,912,128,2,14,0.003727865796831314,0.004349176762969867,0.1542404473438956,0.14165890027958994,0.00031065548306927616,0.02205653929791861,4
6439.0,20748,21952,24,28,1204,993,912,128,2,14,0.003727286845783507,0.004348501320080758,0.1542164932442926,0.14163690013977326,0.00031060723714862557,0.022053113837552415,4
6440.0,20751,21952,24,28,1201,993,912,128,2,14,0.0037267080745341614,0.004347826086956522,0.15419254658385093,0.14161490683229813,0.00031055900621118014,0.022049689440993787,4
6441.0,20752,21952,25,28,1200,993,912,128,2,14,0.003881384878124515,0.004347151063499456,0.15416860735910573,0.1415929203539823,0.0003105107902499612,0.022046266107747244,4
6442.0,20771,22064,25,28,1293,993,912,128,2,14,0.00388078236572493,0.004346476249611922,0.15414467556659422,0.14157094070164544,0.0003104625892579944,0.022042843837317604,4
6443.0,20774,22064,25,28,1290,993,912,128,2,14,0.0038801800403538726,0.004345801645196337,0.15412075120285582,0.14154896787210927,0.0003104144032283098,0.022039422629209996,4
6444.0,20777,22064,25,28,1287,993,912,128,2,14,0.0038795779019242705,0.004345127250155183,0.15409683426443202,0.14152700186219738,0.00031036623215394165,0.02203600248292986,4
6445.0,20780,22064,25,28,1284,993,912,128,2,14,0.003878975950349108,0.004344453064391001,0.15407292474786657,0.14150504266873545,0.0003103180760279286,0.022032583397982933,4
6446.0,20783,22064,25,28,1281,993,912,128,2,14,0.003878374185541421,0.004343779087806391,0.15404902264970524,0.14148309028855105,0.00031026993484331366,0.02202916537387527,4
6447.0,20786,22064,25,28,1278,993,912,128,2,15,0.0038777726074143014,0.004343105320304018,0.15402512796649603,0.1414611447184737,0.0003102218085931441,0.022180859314409804,4
6448.0,20787,22065,25,28,1278,993,912,128,2,15,0.0038771712158808935,0.004342431761786601,0.15400124069478907,0.141439205955335,0.00031017369727047146,0.02217741935483871,4
6449.0,20788,22065,26,28,1277,993,912,128,2,15,0.004031632811288572,0.004341758412156923,0.1539773608311366,0.14141727399596837,0.0003101256008683517,0.022173980462087146,4
6450.0,20807,22177,26,28,1370,993,912,128,2,15,0.004031007751937985,0.004341085271317829,0.15395348837209302,0.1413953488372093,0.000310077519379845,0.022170542635658916,4
6451.0,20810,22177,26,28,1367,994,912,128,2,15,0.004030382886374206,0.004340412339172222,0.15408463804061387,0.1413734304758952,0.0003100294527980158,0.02216710587505813,4
6452.0,20813,22185,26,28,1372,994,912,128,2,15,0.0040297582145071295,0.0043397396156230625,0.15406075635461872,0.14135151890886546,0.00030998140111593303,0.02216367017978921,4
6453.0,20816,22185,26,28,1369,994,912,128,2,15,0.004029133736246707,0.004339067100573377,0.15403688207035487,0.1413296141329614,0.0003099333643266698,0.022160235549356887,4
6454.0,20819,22185,26,28,1366,994,912,128,2,15,0.004028509451502944,0.004338394793926247,0.1540130151843818,0.14130771614502635,0.0003098853424233034,0.02215680198326619,4
6455.0,20822,22185,26,28,1363,994,913,128,2,15,0.004027885360185902,0.004337722695584818,0.15398915569326105,0.14144074360960496,0.00030983733539891554,0.022153369481022464,4
6456.0,20825,22188,26,28,1363,995,913,128,2,15,0.0040272614622057,0.004337050805452293,0.15412019826517967,0.14141883519206938,0.0003097893432465923,0.02214993804213135,4
6457.0,20828,22196,26,28,1368,995,913,128,2,15,0.0040266377574725105,0.004336379123431934,0.1540963295648134,0.141396933560477,0.0003097413659594239,0.022146507666098807,4
6458.0,20831,22196,26,28,1365,995,913,128,2,15,0.004026014245896562,0.004335707649427067,0.15407246825642615,0.14137503871167545,0.0003096934035305048,0.022143078352431095,4
6459.0,20834,22196,26,28,1362,995,913,128,2,15,0.0040253909273881405,0.004335036383341075,0.15404861433658462,0.14135315064251433,0.0003096454559529339,0.02213965010063477,4
6460.0,20837,22196,26,28,1359,995,913,128,2,15,0.004024767801857585,0.0043343653250774,0.1540247678018576,0.1413312693498452,0.00030959752321981426,0.02213622291021672,4
6461.0,20840,22196,26,28,1356,995,913,128,2,15,0.004024144869215292,0.004333694474539545,0.15400092864881598,0.1413093948305216,0.00030954960532425323,0.022132796780684104,4
6462.0,20843,22196,26,28,1353,995,913,128,2,15,0.004023522129371711,0.004333023831631074,0.1539770968740328,0.14128752708139894,0.00030950170225936243,0.022129371711544412,4
6463.0,20846,22196,26,28,1350,995,913,128,2,15,0.004022899582237351,0.004332353396255609,0.15395327247408325,0.14126566609933466,0.00030945381401825775,0.022125947702305433,4
6464.0,20849,22196,26,28,1347,995,913,128,2,15,0.004022277227722772,0.004331683168316832,0.15392945544554457,0.14124381188118812,0.0003094059405940594,0.022122524752475246,4
6465.0,20852,22196,26,28,1344,996,913,128,2,15,0.004021655065738592,0.004331013147718484,0.15406032482598608,0.14122196442382057,0.0003093580819798917,0.022119102861562257,4
6466.0,20855,22204,26,28,1349,996,913,128,2,15,0.004021033096195484,0.004330343334364367,0.15403649860810392,0.14120012372409527,0.0003093102381688834,0.022115682029075164,4
6467.0,20858,22204,26,28,1346,996,913,128,2,15,0.004020411319004175,0.004329673728158343,0.15401267975877533,0.14117828977887736,0.0003092624091541673,0.022112262254522962,4
6468.0,20861,22204,26,28,1343,996,913,128,2,15,0.004019789734075448,0.004329004329004329,0.15398886827458255,0.141156462585034,0.00030921459492888067,0.022108843537414966,4
6469.0,20864,22204,26,28,1340,997,913,128,2,15,0.004019168341320142,0.004328335136806307,0.15411964754985313,0.14113464213943422,0.0003091667954861648,0.022105425877260783,4
6470.0,20867,22212,26,28,1345,997,914,128,2,15,0.00401854714064915,0.004327666151468315,0.15409582689335394,0.14126738794435859,0.0003091190108191654,0.022102009273570325,4
6471.0,20870,22215,26,28,1345,997,914,128,2,15,0.00401792613197342,0.004326997372894452,0.1540720135991346,0.14124555710091177,0.0003090712409210323,0.02209859372585381,4
6472.0,20873,22215,26,28,1342,997,914,128,2,15,0.0040173053152039555,0.004326328800988875,0.15404820766378244,0.14122373300370827,0.00030902348578491963,0.022095179233621757,4
6473.0,20876,22215,26,28,1339,998,914,128,2,15,0.004016684690251815,0.004325660435655801,0.1541788969565889,0.1412019156496215,0.0003089757454039858,0.022091765796384985,4
6474.0,20879,22223,26,28,1344,998,915,128,2,15,0.004016064257028112,0.004324992276799506,0.15415508186592525,0.14133456904541242,0.00030892801977139327,0.02208835341365462,4
6475.0,20882,22226,26,28,1344,998,915,128,2,15,0.004015444015444016,0.004324324324324324,0.15413127413127414,0.14131274131274132,0.0003088803088803089,0.022084942084942084,4
6476.0,20885,22226,26,28,1341,999,915,128,2,15,0.004014823965410748,0.004323656578134651,0.15426189005558988,0.14129092032118593,0.00030883261272390367,0.022081531809759112,4
6477.0,20888,22234,26,28,1346,999,915,128,2,15,0.004014204106839586,0.004322989038134939,0.15423807318202873,0.1412691060676239,0.0003087849312953528,0.022078122587617724,4
6478.0,20891,22234,26,28,1343,1000,915,128,2,15,0.004013584439641865,0.0043223217042297,0.15436863229391787,0.14124729854893486,0.00030873726458783575,0.022074714418030255,4
6479.0,20894,22242,26,28,1348,1000,916,128,2,15,0.004012964963728971,0.004321654576323507,0.1543448062972681,0.14137984256829758,0.0003086896125945362,0.022071307300509338,4
6480.0,20897,22245,26,28,1348,1000,916,128,2,15,0.004012345679012346,0.004320987654320987,0.15432098765432098,0.14135802469135803,0.00030864197530864197,0.0220679012345679,4
6481.0,20900,22245,26,28,1345,1000,916,128,2,15,0.004011726585403487,0.004320320938126832,0.1542971763616726,0.1413362135472921,0.00030859435272334514,0.02206449621971918,4
6482.0,20903,22245,26,28,1342,1000,917,128,2,15,0.004011107682813947,0.004319654427645789,0.154273372415921,0.14146868250539957,0.000308546744831842,0.022061092255476703,4
6483.0,20906,22248,26,28,1342,1000,917,128,2,15,0.004010488971155329,0.004318988122782663,0.15424957581366652,0.1414468610211322,0.00030849915162733303,0.02205768934135431,4
6484.0,20909,22248,26,28,1339,1000,917,128,2,15,0.004009870450339297,0.00431832202344232,0.15422578655151142,0.14142504626773597,0.00030845157310302283,0.022054287476866132,4
6485.0,20912,22248,26,28,1336,1000,917,128,2,15,0.0040092521202775636,0.004317656129529684,0.15420200462606015,0.14140323824209713,0.00030840400925212025,0.0220508866615266,4
6486.0,20915,22248,26,28,1333,1000,917,128,2,15,0.004008633980881899,0.004316990440949738,0.1541782300339192,0.14138143694110392,0.0003083564600678384,0.02204748689485045,4
6487.0,20918,22248,26,28,1330,1000,918,128,2,15,0.004008016032064128,0.004316324957607523,0.15415446277169725,0.14151379682441806,0.0003083089255433945,0.022044088176352707,4
6488.0,20921,22251,26,28,1330,1000,918,128,2,15,0.004007398273736128,0.004315659679408138,0.15413070283600494,0.14149198520345252,0.00030826140567200987,0.022040690505548705,4
6489.0,20924,22251,26,28,1327,1000,918,128,2,15,0.004006780705809832,0.004314994606256742,0.15410695022345508,0.14147018030513175,0.0003082139004469102,0.022037293881954075,4
6490.0,20927,22251,26,28,1324,1000,918,128,2,15,0.004006163328197226,0.004314329738058551,0.15408320493066255,0.14144838212634822,0.0003081664098613251,0.022033898305084745,4
6491.0,20930,22251,26,28,1321,1001,918,128,2,15,0.0040055461408103525,0.004313665074718842,0.1542135264211986,0.1414265906639963,0.0003081189339084887,0.02203050377445694,4
6492.0,20933,22259,26,28,1326,1001,919,128,2,15,0.004004929143561306,0.004313000616142945,0.1541897720271103,0.1415588416512631,0.00030807147258163895,0.022027110289587183,4
6493.0,20936,22262,26,28,1326,1002,919,128,2,15,0.004004312336362236,0.004312336362236255,0.1543200369628831,0.14153703988911134,0.00030802402587401816,0.0220237178499923,4
6494.0,20939,22270,26,28,1331,1002,919,128,2,15,0.004003695719125347,0.004311672312904219,0.15429627348321528,0.14151524484139205,0.0003079765937788728,0.022020326455189407,4
6495.0,20942,22270,26,28,1328,1002,919,128,2,15,0.004003079291762895,0.004311008468052348,0.15427251732101616,0.14149345650500386,0.00030792917628945344,0.02201693610469592,4
6496.0,20945,22270,26,28,1325,1002,919,128,2,15,0.0040024630541871924,0.004310344827586207,0.15424876847290642,0.14147167487684728,0.0003078817733990148,0.022013546798029558,4
6497.0,20948,22270,26,28,1322,1002,919,128,2,15,0.004001847006310605,0.004309681391411421,0.15422502693550869,0.14144989995382484,0.00030783438510081576,0.022010158534708328,4
6498.0,20951,22270,26,28,1319,1002,919,128,2,15,0.0040012311480455524,0.0043090181594336715,0.15420129270544783,0.14142813173284088,0.0003077870113881194,0.02200677131425054,4
6499.0,20954,22270,26,28,1316,1002,920,128,2,15,0.004000615479304508,0.004308355131558701,0.15417756577935066,0.14156024003692877,0.00030773965225419295,0.022003385136174797,4
6500.0,20957,22273,26,28,1316,1002,921,128,2,15,0.004,0.0043076923076923075,0.15415384615384614,0.1416923076923077,0.0003076923076923077,0.022,4
6501.0,20960,22276,26,28,1316,1002,921,128,2,15,0.003999384710044608,0.004307029687740348,0.15413013382556529,0.14167051222888785,0.00030764497769573913,0.021996615905245348,4
6502.0,20963,22276,26,28,1313,1003,921,128,2,15,0.003998769609350969,0.004306367271608736,0.15426022762227007,0.14164872346970164,0.00030759766225776686,0.02199323285143033,4
6503.0,20966,22284,26,28,1318,1003,921,128,2,15,0.00399815469783177,0.004305705059203444,0.1542365062278948,0.14162694141165616,0.00030755036137167463,0.021989850838074736,4
6504.0,20969,22284,26,28,1315,1003,921,128,2,15,0.003997539975399754,0.004305043050430504,0.15421279212792127,0.1416051660516605,0.0003075030750307503,0.021986469864698648,4
6505.0,20972,22284,26,28,1312,1003,921,128,2,15,0.003996925441967717,0.004304381245196003,0.1541890853189854,0.14158339738662568,0.00030745580322828596,0.021983089930822444,4
6506.0,20975,22284,26,28,1309,1004,921,128,2,15,0.003996311097448509,0.004303719643406086,0.15431909007070396,0.1415616354134645,0.0003074085459575776,0.0219797110359668,4
6507.0,20978,22292,26,28,1314,1005,921,128,2,15,0.003995696941755033,0.004303058244966958,0.15444905486399263,0.14153988012909174,0.0003073613032119256,0.021976333179652682,4
6508.0,20981,22300,26,28,1319,1005,921,128,2,15,0.003995082974800246,0.0043023970497848806,0.15442532267977874,0.14151813153042408,0.00030731407498463427,0.02197295636140135,4
6509.0,20984,22300,26,28,1316,1005,921,128,2,15,0.003994469196497158,0.00430173605776617,0.1544015977876786,0.1414963896143801,0.00030726686126901216,0.02196958058073437,4
6510.0,20987,22300,26,28,1313,1005,921,128,2,15,0.0039938556067588326,0.004301075268817204,0.1543778801843318,0.14147465437788018,0.00030721966205837174,0.02196620583717358,4
6511.0,20990,22300,26,28,1310,1005,921,128,2,15,0.0039932422054983875,0.004300414682844417,0.15435416986637998,0.14145292581784671,0.0003071724773460298,0.021962832130241132,4
6512.0,20993,22300,26,28,1307,1005,921,128,2,15,0.003992628992628993,0.0042997542997543,0.15433046683046683,0.14143120393120392,0.0003071253071253071,0.02195945945945946,4
6513.0,20996,22300,26,28,1304,1006,921,128,2,15,0.003992015968063872,0.004299094119453401,0.1544603101489329,0.14140948871487793,0.00030707815138952864,0.021956087824351298,4
6514.0,20999,22308,26,28,1309,1006,922,128,2,15,0.003991403131716303,0.004298434141848327,0.15443659809640772,0.14154129567086277,0.00030703101013202335,0.02195271722443967,4
6515.0,21002,22311,26,28,1309,1007,922,128,2,15,0.003990790483499616,0.00429777436684574,0.1545663852647736,0.1415195702225633,0.0003069838833461243,0.02194934765924789,4
6516.0,21005,22319,26,28,1314,1007,922,128,2,15,0.003990178023327195,0.004297114794352364,0.1545426642111725,0.14149785144260282,0.0003069367710251688,0.02194597912829957,4
6517.0,21008,22319,26,28,1311,1008,922,128,2,15,0.003989565751112475,0.004296455424274973,0.15467239527389903,0.14147613932791162,0.0003068896731624981,0.021942611631118613,4
6518.0,21011,22327,26,28,1316,1009,922,128,2,15,0.003988953666768947,0.004295796256520405,0.1548020865296103,0.14145443387542192,0.0003068425897514575,0.021939245167229213,4
6519.0,21014,22335,26,28,1321,1009,923,128,2,15,0.003988341770210155,0.0042951372909955515,0.15477834023623255,0.1415861328424605,0.00030679552078539653,0.021935879736155853,4
6520.0,21017,22338,26,28,1321,1009,923,128,2,15,0.003987730061349694,0.004294478527607362,0.15475460122699386,0.1415644171779141,0.00030674846625766873,0.02193251533742331,4
6521.0,21020,22338,26,28,1318,1009,923,128,2,15,0.003987118540101212,0.004293819966262843,0.15473086949854317,0.14154270817359302,0.00030670142616163164,0.021929151970556664,4
6522.0,21023,22338,26,28,1315,1009,923,128,2,15,0.003986507206378411,0.004293161606869059,0.15470714504753144,0.14152100582643362,0.00030665440049064706,0.021925789635081263,4
6523.0,21026,22338,26,28,1312,1009,923,128,2,15,0.003985896060095048,0.004292503449333129,0.15468342787061168,0.14149931013337422,0.00030660738923808065,0.021922428330522766,4
6524.0,21029,22338,26,28,1309,1009,923,128,2,15,0.00398528510116493,0.004291845493562232,0.154659717964439,0.141477621091355,0.00030656039239730225,0.02191906805640711,4
6525.0,21032,22338,26,28,1306,1009,923,128,2,15,0.003984674329501916,0.004291187739463602,0.1546360153256705,0.141455938697318,0.0003065134099616858,0.021915708812260536,4
6526.0,21035,22338,26,28,1303,1009,923,128,2,15,0.00398406374501992,0.004290530186944529,0.15461231995096536,0.14143426294820718,0.00030646644192460924,0.021912350597609563,4
6527.0,21038,22338,26,28,1300,1009,924,128,2,15,0.003983453347632909,0.004289872835912364,0.15458863183698482,0.141565803585108,0.00030641948827945457,0.021908993411981003,4
6528.0,21041,22341,26,28,1300,1010,924,128,2,15,0.003982843137254902,0.00428921568627451,0.15471813725490197,0.14154411764705882,0.00030637254901960784,0.02190563725490196,4
6529.0,21044,22349,26,28,1305,1010,924,128,2,15,0.003982233113799969,0.004288558737938429,0.1546944401899219,0.14152243835196815,0.00030632562413845916,0.02190228212589983,4
6530.0,21047,22349,26,28,1302,1010,925,128,2,15,0.003981623277182236,0.004287901990811639,0.1546707503828484,0.1416539050535988,0.00030627871362940275,0.021898928024502298,4
6531.0,21050,22352,26,28,1302,1010,926,128,2,15,0.003981013627315878,0.004287245444801715,0.15464706783034757,0.14178533149594244,0.0003062318174858368,0.02189557495023733,4
6532.0,21053,22355,26,28,1302,1010,926,128,2,15,0.003980404164115126,0.004286589099816289,0.15462339252908758,0.1417636252296387,0.0003061849357011635,0.02189222290263319,4
6533.0,21056,22355,26,28,1299,1010,927,128,2,15,0.0039797948874942595,0.0042859329557630495,0.15459972447573855,0.14189499464258382,0.00030613806826878924,0.02188887188121843,4
6534.0,21059,22358,26,28,1299,1010,927,128,2,15,0.003979185797367615,0.0042852770125497396,0.15457606366697277,0.1418732782369146,0.00030609121518212427,0.021885521885521887,4
6535.0,21062,22358,26,28,1296,1010,927,128,2,15,0.003978576893649579,0.004284621270084162,0.1545524100994644,0.14185156847742922,0.000306044376434583,0.021882172915072686,4
6536.0,21065,22358,26,28,1293,1010,928,128,2,15,0.00397796817625459,0.004283965728274173,0.15452876376988983,0.1419828641370869,0.0003059975520195838,0.021878824969400246,4
6537.0,21068,22361,26,28,1293,1010,928,128,2,15,0.0039773596450971395,0.004283310387027689,0.15450512467492733,0.14196114425577483,0.0003059507419305492,0.021875478048034268,4
6538.0,21071,22361,26,28,1290,1011,928,128,2,15,0.0039767513000917715,0.004282655246252677,0.15463444478433772,0.14193943101866013,0.0003059039461609055,0.021872132150504743,4
6539.0,21074,22369,26,28,1295,1011,928,128,2,15,0.003976143141153081,0.0042820003058571645,0.15461079675791406,0.1419177244226946,0.0003058571647040832,0.02186878727634195,4
6540.0,21077,22369,26,28,1292,1011,928,128,2,16,0.003975535168195718,0.004281345565749235,0.15458715596330275,0.1418960244648318,0.0003058103975535168,0.022018348623853212,4
6541.0,21078,22370,26,28,1292,1011,928,128,2,16,0.003974927381134383,0.004280691025837028,0.154563522397187,0.14187433114202722,0.00030576364470264486,0.02201498241859043,4
6542.0,21079,22370,27,28,1291,1011,928,128,2,16,0.004127178232956282,0.004280036686028737,0.1545398960562519,0.14185264445123816,0.0003057169061449098,0.022011617242433508,4
6543.0,21098,22482,27,28,1384,1012,928,128,2,16,0.0041265474552957355,0.004279382546232615,0.15466911202812167,0.1418309643894238,0.0003056701818737582,0.02200825309491059,4
6544.0,21101,22490,27,28,1389,1013,928,128,2,16,0.004125916870415648,0.004278728606356968,0.15479828850855745,0.14180929095354522,0.0003056234718826406,0.022004889975550123,4
6545.0,21104,22498,27,28,1394,1013,928,128,2,16,0.004125286478227655,0.0042780748663101605,0.1547746371275783,0.1417876241405653,0.00030557677616501144,0.022001527883880826,4
6546.0,21107,22498,27,28,1391,1013,928,128,2,16,0.004124656278643446,0.004277421326000611,0.1547509929728078,0.14176596394744884,0.00030553009471432935,0.021998166819431713,4
6547.0,21110,22498,27,28,1388,1013,929,128,2,16,0.004124026271574767,0.0042767679853367956,0.15472735604093477,0.1418970520849244,0.0003054834275240568,0.02199480678173209,4
6548.0,21113,22501,27,28,1388,1014,929,128,2,16,0.004123396456933414,0.004276114844227245,0.1548564447159438,0.14187538179596823,0.00030543677458766036,0.021991447770311544,4
6549.0,21116,22509,27,28,1393,1014,929,129,2,16,0.004122766834631242,0.004275461902580546,0.1548327989005955,0.14185371812490458,0.00030539013589861045,0.02214078485264926,4
6550.0,21119,22511,27,28,1392,1014,930,129,2,16,0.004122137404580153,0.004274809160305344,0.1548091603053435,0.14198473282442747,0.0003053435114503817,0.022137404580152672,4
6551.0,21122,22514,27,28,1392,1014,931,129,2,16,0.004121508166692108,0.004274156617310334,0.15478552892688138,0.14211570752556862,0.0003052969012364525,0.0221340253396428,4
6552.0,21125,22517,27,28,1392,1014,931,129,2,16,0.004120879120879121,0.004273504273504274,0.15476190476190477,0.1420940170940171,0.00030525030525030525,0.022130647130647132,4
6553.0,21128,22517,27,28,1389,1014,931,129,2,16,0.004120250267053258,0.004272852128795971,0.15473828780711124,0.14207233328246605,0.0003052037234854265,0.022127269952693422,4
6554.0,21131,22517,27,28,1386,1014,931,129,2,16,0.00411962160512664,0.0042722001830942935,0.1547146780592005,0.14205065608788525,0.0003051571559353067,0.022123893805309734,4
6555.0,21134,22517,27,28,1383,1015,931,129,2,16,0.004118993135011442,0.0042715484363081615,0.15484363081617086,0.14202898550724638,0.00030511060259344014,0.02212051868802441,4
6556.0,21137,22525,27,28,1388,1016,931,129,2,16,0.00411836485661989,0.004270896888346553,0.1549725442342892,0.14200732153752288,0.0003050640634533252,0.022117144600366078,4
6557.0,21140,22533,27,28,1393,1016,931,129,2,16,0.004117736769864267,0.0042702455391185,0.15494890956229984,0.1419856641756901,0.00030501753850846426,0.022113771541863655,4
6558.0,21143,22533,27,28,1390,1016,931,129,2,16,0.004117108874656907,0.004269594388533089,0.15492528209820067,0.14196401341872522,0.0003049710277523635,0.022110399512046356,4
6559.0,21146,22533,27,28,1387,1016,931,129,2,16,0.0041164811709102,0.004268943436499467,0.15490166183869492,0.14194236926360726,0.0003049245311785333,0.022107028510443664,4
6560.0,21149,22533,27,28,1384,1016,931,129,2,16,0.0041158536585365856,0.00426829268292683,0.1548780487804878,0.14192073170731706,0.0003048780487804878,0.022103658536585365,4
6561.0,21152,22533,27,28,1381,1016,931,129,2,16,0.00411522633744856,0.004267642127724432,0.15485444292028655,0.14189910074683737,0.00030483158055174517,0.022100289590001525,4
6562.0,21155,22533,27,28,1378,1016,932,129,2,16,0.004114599207558671,0.004266991770801585,0.15483084425480037,0.1420298689423956,0.00030478512648582747,0.022096921670222494,4
6563.0,21158,22536,27,28,1378,1016,932,129,2,16,0.004113972268779522,0.004266341612067652,0.1548072527807405,0.14200822794453755,0.00030473868657626083,0.022093554776778913,4
6564.0,21161,22536,27,28,1375,1016,932,129,2,16,0.004113345521023766,0.0042656916514320535,0.15478366849482023,0.14198659354052406,0.0003046922608165753,0.022090188909201707,4
6565.0,21164,22536,27,28,1372,1016,932,129,2,16,0.004112718964204113,0.004265041888804265,0.15476009139375477,0.14196496572734196,0.0003046458492003046,0.022086824067022087,4
6566.0,21167,22536,27,28,1369,1016,932,129,2,16,0.0041120925982333235,0.0042643923240938165,0.15473652147426134,0.1419433445019799,0.0003045994517209869,0.02208346024977155,4
6567.0,21170,22536,27,28,1366,1016,932,129,2,16,0.004111466423024212,0.004263742957210294,0.15471295873305924,0.14192172986142834,0.00030455306837216383,0.02208009745698188,4
6568.0,21173,22536,27,28,1363,1016,932,129,2,16,0.004110840438489647,0.004263093788063338,0.15468940316686966,0.14190012180267966,0.0003045066991473812,0.02207673568818514,4
6569.0,21176,22536,27,28,1360,1016,932,129,2,16,0.004110214644542549,0.004262444816562643,0.1546658547724159,0.14187852032272796,0.00030446034404018875,0.022073374942913684,4
6570.0,21179,22536,27,28,1357,1016,932,129,2,16,0.00410958904109589,0.00426179604261796,0.15464231354642313,0.14185692541856926,0.00030441400304414006,0.02207001522070015,4
6571.0,21182,22536,27,28,1354,1016,932,129,2,16,0.0041089636280627,0.004261147466139096,0.15461877948561864,0.14183533708720134,0.00030436767615279255,0.022066656521077463,4
6572.0,21185,22536,27,28,1351,1016,932,129,2,16,0.004108338405356056,0.00426049908703591,0.1545952525867316,0.14181375532562385,0.00030432136335970786,0.02206329884357882,4
6573.0,21188,22536,27,28,1348,1016,932,129,2,16,0.004107713372889092,0.004259850905218318,0.15457173284649323,0.14179218013083827,0.00030427506465845124,0.022059942187737713,4
6574.0,21191,22536,27,28,1345,1017,932,129,2,16,0.004107088530574992,0.0042592029205962886,0.15470033465165806,0.14177061149984788,0.000304228780042592,0.022056586553087922,4
6575.0,21194,22544,27,28,1350,1017,932,129,2,16,0.0041064638783269965,0.004258555133079848,0.1546768060836502,0.1417490494296578,0.0003041825095057034,0.022053231939163497,4
6576.0,21197,22544,27,28,1347,1017,932,129,2,16,0.004105839416058394,0.004257907542579075,0.15465328467153286,0.14172749391727493,0.00030413625304136254,0.022049878345498784,4
6577.0,21200,22544,27,28,1344,1018,932,129,2,16,0.00410521514368253,0.004257260149004106,0.15478181541736355,0.14170594495970806,0.0003040900106431504,0.0220465257716284,4
6578.0,21203,22552,27,28,1349,1018,932,129,2,16,0.0041045910611128,0.004256612952265126,0.1547582851930678,0.14168440255396778,0.0003040437823046519,0.02204317421708726,4
6579.0,21206,22552,27,28,1346,1018,932,129,2,16,0.004103967168262654,0.004255965952272382,0.154734762121903,0.14166286669706643,0.0003039975680194558,0.02203982368141055,4
6580.0,21209,22552,27,28,1343,1018,932,129,2,16,0.004103343465045593,0.00425531914893617,0.15471124620060792,0.14164133738601822,0.00030395136778115504,0.022036474164133738,4
6581.0,21212,22552,27,28,1340,1018,932,129,2,16,0.004102719951375171,0.004254672542166844,0.15468773742592312,0.14161981461783923,0.000303905181583346,0.022033125664792586,4
6582.0,21215,22552,27,28,1337,1018,932,129,2,16,0.004102096627164996,0.00425402613187481,0.15466423579459132,0.14159829838954724,0.00030385900941962927,0.022029778182923124,4
6583.0,21218,22552,27,28,1334,1019,932,129,2,16,0.004101473492328725,0.00425337991797053,0.15479264772899895,0.14157678869816193,0.0003038128512836093,0.022026431718061675,4
6584.0,21221,22560,27,28,1339,1019,932,129,2,16,0.004100850546780073,0.00425273390036452,0.15476913730255165,0.14155528554070473,0.00030376670716889426,0.022023086269744835,4
6585.0,21224,22560,27,28,1336,1019,932,129,2,16,0.004100227790432802,0.00425208807896735,0.15474563401670463,0.14153378891419893,0.00030372057706909645,0.02201974183750949,4
6586.0,21227,22560,27,28,1333,1020,932,129,2,16,0.004099605223200729,0.004251442453689645,0.1548739750986942,0.1415122988156696,0.0003036744609778318,0.022016398420892803,4
6587.0,21230,22568,27,28,1338,1020,932,129,2,16,0.004098982844997723,0.004250797024442083,0.15485046303324732,0.1414908152421436,0.0003036283588887202,0.022013056019432216,4
6588.0,21233,22568,27,28,1335,1020,932,129,2,16,0.004098360655737705,0.004250151791135397,0.15482695810564662,0.14146933819064966,0.00030358227079538557,0.02200971463266545,4
6589.0,21236,22568,27,28,1332,1020,932,129,2,16,0.004097738655334649,0.004249506753680376,0.15480346031264228,0.14144786765821823,0.00030353619669145547,0.02200637426013052,4
6590.0,21239,22568,27,28,1329,1021,932,129,2,16,0.00409711684370258,0.004248861911987861,0.1549317147192716,0.14142640364188164,0.00030349013657056146,0.022003034901365705,4
6591.0,21242,22576,27,28,1334,1021,932,129,2,16,0.004096495220755576,0.004248217265968746,0.15490820816264603,0.14140494613867394,0.00030344409042633893,0.021999696555909574,4
6592.0,21245,22576,27,28,1331,1021,932,129,2,16,0.004095873786407767,0.00424757281553398,0.15488470873786409,0.14138349514563106,0.00030339805825242716,0.02199635922330097,4
6593.0,21248,22576,27,28,1328,1021,932,129,2,16,0.004095252540573335,0.00424692856059457,0.15486121644168058,0.14136205065979068,0.0003033520400424693,0.021993022903079022,4
6594.0,21251,22576,27,28,1325,1021,932,129,2,16,0.004094631483166515,0.004246284501061571,0.1548377312708523,0.14134061267819228,0.00030330603579011223,0.021989687594783137,4
6595.0,21254,22576,27,28,1322,1022,932,129,2,16,0.004094010614101592,0.004245640636846095,0.15496588324488247,0.14131918119787718,0.00030326004548900684,0.021986353297952996,4
6596.0,21257,22584,27,28,1327,1022,933,129,2,16,0.004093389933292905,0.004244996967859308,0.15494238932686477,0.14144936325045482,0.00030321406913280777,0.021983020012128564,4
6597.0,21260,22587,27,28,1327,1022,933,129,2,16,0.004092769440654843,0.00424435349401243,0.15491890253145368,0.14142792178262847,0.00030316810671517357,0.021979687736850082,4
6598.0,21263,22587,27,28,1324,1023,933,129,2,16,0.004092149136101849,0.004243710215216732,0.15504698393452562,0.1414064868141861,0.0003031221582297666,0.02197635647165808,4
6599.0,21266,22595,27,28,1329,1023,933,129,2,16,0.004091529019548417,0.004243067131383543,0.15502348840733443,0.14138505834217305,0.00030307622367025305,0.021973026216093348,4
6600.0,21269,22595,27,28,1326,1023,933,129,2,16,0.004090909090909091,0.004242424242424243,0.155,0.14136363636363636,0.00030303030303030303,0.02196969696969697,4
6601.0,21272,22595,27,28,1323,1024,933,129,2,16,0.00409028935009847,0.0042417815482502655,0.15512801090743827,0.1413422208756249,0.0003029843963035904,0.021966368732010303,4
6602.0,21275,22603,27,28,1328,1024,933,129,2,16,0.004089669797031203,0.004241139048773099,0.1551045137837019,0.14132081187518933,0.0003029385034837928,0.021963041502574977,4
6603.0,21278,22603,27,28,1325,1024,934,129,2,16,0.00408905043162199,0.004240496743904286,0.15508102377707103,0.1414508556716644,0.00030289262456459186,0.02195971528093291,4
6604.0,21281,22606,27,28,1325,1024,934,129,2,16,0.004088431253785585,0.004239854633555421,0.15505754088431253,0.14142943670502725,0.0003028467595396729,0.021956390066626287,4
6605.0,21284,22606,27,28,1322,1025,934,129,2,16,0.00408781226343679,0.004239212717638153,0.15518546555639667,0.14140802422407267,0.0003028009084027252,0.02195306585919758,4
6606.0,21287,22614,27,28,1327,1025,934,129,2,16,0.004087193460490463,0.004238570996064184,0.1551619739630639,0.14138661822585527,0.0003027550711474417,0.021949742658189525,4
6607.0,21290,22614,27,28,1324,1025,934,129,2,16,0.0040865748448615105,0.0042379294687452706,0.15513848948085365,0.14136521870743152,0.0003027092477675193,0.02194642046314515,4
6608.0,21293,22614,27,28,1321,1025,935,129,2,16,0.004085956416464891,0.00423728813559322,0.15511501210653753,0.14149515738498789,0.0003026634382566586,0.021943099273607748,4
6609.0,21296,22617,27,28,1321,1025,936,129,2,16,0.0040853381752156154,0.004236646996519897,0.15509154183688909,0.141625056740808,0.0003026176426085641,0.021939779089120894,4
6610.0,21299,22620,27,28,1321,1025,936,129,2,16,0.004084720121028744,0.004236006051437216,0.1550680786686838,0.1416036308623298,0.000302571860816944,0.02193645990922844,4
6611.0,21302,22620,27,28,1318,1025,937,129,2,16,0.004084102253819392,0.004235365300257147,0.15504462259869914,0.1417334745121767,0.0003025260928755105,0.021933141733474514,4
6612.0,21305,22623,27,28,1318,1025,937,129,2,16,0.004083484573502722,0.004234724742891712,0.15502117362371445,0.14171203871748336,0.00030248033877797946,0.021929824561403508,4
6613.0,21308,22623,27,28,1315,1026,937,129,2,16,0.004082867079993951,0.004234084379252987,0.15514894903977014,0.141690609405716,0.00030243459851807047,0.02192650839256011,4
6614.0,21311,22631,27,28,1320,1026,937,129,2,16,0.004082249773208346,0.0042334442092530995,0.15512549138191714,0.14166918657393407,0.0003023888720895071,0.021923193226489265,4
6615.0,21314,22631,27,28,1317,1026,937,129,2,16,0.004081632653061225,0.004232804232804233,0.15510204081632653,0.1416477702191988,0.0003023431594860166,0.021919879062736205,4
6616.0,21317,22631,27,28,1314,1026,937,129,2,16,0.004081015719467957,0.004232164449818622,0.15507859733978235,0.14162636033857315,0.0003022974607013301,0.021916565900846435,4
6617.0,21320,22631,27,28,1311,1027,937,129,2,16,0.004080398972343962,0.004231524860208554,0.15520628683693516,0.14160495692912195,0.0003022517757291824,0.021913253740365724,4
6618.0,21323,22639,27,28,1316,1028,937,129,2,16,0.004079782411604714,0.0042308854638863705,0.15533393774554247,0.14158355998791175,0.0003022061045633122,0.021909942580840135,4
6619.0,21326,22647,27,28,1321,1028,937,129,2,16,0.004079166037165735,0.004230246260764466,0.1553104698594954,0.14156216951201087,0.00030216044719746184,0.021906632421815984,4
6620.0,21329,22647,27,28,1318,1028,937,129,2,16,0.004078549848942598,0.004229607250755287,0.15528700906344411,0.14154078549848942,0.00030211480362537764,0.02190332326283988,4
6621.0,21332,22647,27,28,1315,1028,937,129,2,16,0.0040779338468509285,0.004228968433771334,0.1552635553541761,0.14151940794441928,0.00030206917384080956,0.02190001510345869,4
6622.0,21335,22647,27,28,1312,1028,937,129,2,16,0.0040773180308064025,0.004228329809725159,0.15524010872848082,0.14149803684687406,0.0003020235578375113,0.02189670794321957,4
6623.0,21338,22647,27,28,1309,1028,937,129,2,16,0.004076702400724747,0.004227691378529367,0.15521666918314964,0.1414766722029292,0.00030197795560924054,0.021893401781669937,4
6624.0,21341,22647,27,28,1306,1029,937,129,2,16,0.004076086956521739,0.004227053140096618,0.15534420289855072,0.14145531400966183,0.00030193236714975844,0.021890096618357488,4
6625.0,21344,22655,27,28,1311,1029,937,129,2,16,0.004075471698113208,0.004226415094339623,0.15532075471698112,0.14143396226415095,0.0003018867924528302,0.02188679245283019,4
6626.0,21347,22655,27,28,1308,1029,937,129,2,16,0.004074856625415031,0.004225777241171144,0.15529731361303953,0.1414126169634772,0.00030184123151222455,0.021883489284636282,4
6627.0,21350,22655,27,28,1305,1030,937,129,2,16,0.004074241738343142,0.004225139580503999,0.1554247774256828,0.1413912781047231,0.0003017956843217142,0.02188018711332428,4
6628.0,21353,22663,27,28,1310,1030,938,129,2,16,0.004073627036813518,0.004224502112251056,0.15540132770066384,0.1415208207604104,0.00030175015087507544,0.021876885938442968,4
6629.0,21356,22666,27,28,1310,1030,938,129,2,16,0.004073012520742193,0.004223864836325237,0.1553778850505355,0.14149947201689547,0.0003017046311660884,0.02187358575954141,4
6630.0,21359,22666,27,28,1307,1030,938,129,2,16,0.004072398190045249,0.004223227752639517,0.15535444947209653,0.14147812971342383,0.00030165912518853697,0.021870286576168928,4
6631.0,21362,22666,27,28,1304,1030,938,129,2,16,0.004071784044638818,0.004222590861106922,0.1553310209621475,0.1414567938470819,0.0003016136329362087,0.02186698838787513,4
6632.0,21365,22666,27,28,1301,1030,938,129,2,16,0.004071170084439083,0.004221954161640531,0.15530759951749096,0.14143546441495777,0.00030156815440289503,0.021863691194209892,4
6633.0,21368,22666,27,28,1298,1030,938,129,2,16,0.004070556309362279,0.004221317654153475,0.1552841851349314,0.1414141414141414,0.00030152268958239106,0.021860394994723354,4
6634.0,21371,22666,27,28,1295,1030,938,129,2,16,0.004069942719324691,0.004220681338558939,0.15526077781127526,0.14139282484172444,0.00030147723846849563,0.021857099788965932,4
6635.0,21374,22666,27,28,1292,1030,938,129,2,16,0.004069329314242653,0.004220045214770159,0.15523737754333083,0.1413715146948003,0.0003014318010550113,0.02185380557648832,4
6636.0,21377,22666,27,28,1289,1030,938,129,2,16,0.00406871609403255,0.004219409282700422,0.15521398432790837,0.14135021097046413,0.0003013863773357444,0.021850512356841472,4
6637.0,21380,22666,27,28,1286,1030,938,129,2,16,0.0040681030586108185,0.004218773542263071,0.1551905981618201,0.14132891366581288,0.00030134096730450503,0.021847220129576617,4
6638.0,21383,22666,27,28,1283,1030,938,129,2,16,0.004067490207893944,0.004218137993371497,0.15516721904188008,0.14130762277794517,0.00030129557095510696,0.021843928894245256,4
6639.0,21386,22666,27,28,1280,1030,938,129,2,16,0.004066877541798464,0.004217502635939147,0.15514384696490435,0.14128633830396145,0.0003012501882813677,0.021840638650399157,4
6640.0,21389,22666,27,28,1277,1031,938,129,2,16,0.004066265060240964,0.004216867469879518,0.1552710843373494,0.14126506024096386,0.00030120481927710846,0.021837349397590362,4
6641.0,21392,22674,27,28,1282,1031,938,129,2,16,0.004065652763138082,0.004216232495106159,0.1552477036590875,0.14124378858605632,0.0003011594639361542,0.021834061135371178,4
6642.0,21395,22674,27,28,1279,1031,938,129,2,16,0.0040650406504065045,0.004215597711532671,0.155224330021078,0.14122252333634447,0.00030111412225233364,0.021830773863294187,4
6643.0,21398,22674,27,28,1276,1031,939,129,2,16,0.004064428721962969,0.004214963119072708,0.1552009634201415,0.14135179888604546,0.0003010687942194792,0.021827487580912238,4
6644.0,21401,22677,27,28,1276,1031,940,129,2,16,0.004063816977724262,0.004214328717639976,0.15517760385310053,0.14148103552077063,0.00030102347983142685,0.021824202287778448,4
6645.0,21404,22680,27,28,1276,1031,940,129,2,16,0.004063205417607223,0.004213694507148232,0.15515425131677954,0.14145974416854779,0.00030097817908201655,0.0218209179834462,4
6646.0,21407,22680,27,28,1273,1031,940,129,2,16,0.004062594041528739,0.004213060487511285,0.15513090580800482,0.14143845922359313,0.0003009328919650918,0.021817634667469155,4
6647.0,21410,22680,27,28,1270,1031,940,129,2,16,0.004061982849405747,0.004212426658642997,0.15510756732360464,0.1414171806830149,0.00030088761847449976,0.021814352339401235,4
6648.0,21413,22680,27,28,1267,1031,940,129,2,16,0.004061371841155234,0.00421179302045728,0.15508423586040915,0.14139590854392298,0.00030084235860409147,0.02181107099879663,4
6649.0,21416,22680,27,28,1264,1031,940,129,2,16,0.00406076101669424,0.0042111595728681,0.1550609114152504,0.1413746428034291,0.00030079711234772146,0.021807790645209806,4
6650.0,21419,22680,27,28,1261,1032,940,129,2,16,0.00406015037593985,0.004210526315789474,0.15518796992481204,0.14135338345864662,0.0003007518796992481,0.02180451127819549,4
6651.0,21422,22688,27,28,1266,1033,940,129,2,16,0.0040595399188092015,0.0042098932491354685,0.15531499022703352,0.14133213050669072,0.00030070666065253347,0.021801232897308676,4
6652.0,21425,22696,27,28,1271,1033,941,129,2,16,0.004058929645219483,0.004209260372820205,0.1552916416115454,0.141461214672279,0.0003006614552014432,0.02179795550210463,4
6653.0,21428,22699,27,28,1271,1033,941,129,2,16,0.00405831955508793,0.004208627686757853,0.1552683000150308,0.14143995190139785,0.0003006162633398467,0.021794679092138884,4
6654.0,21431,22699,27,28,1268,1033,941,129,2,16,0.0040577096483318306,0.004207995190862639,0.15524496543432523,0.14141869552149083,0.00030057108506161706,0.02179140366696724,4
6655.0,21434,22699,27,28,1265,1034,941,129,2,16,0.00405709992486852,0.0042073628850488355,0.15537190082644628,0.14139744552967692,0.00030052592036063113,0.021788129226145755,4
6656.0,21437,22707,27,28,1270,1034,941,129,2,16,0.004056490384615385,0.004206730769230769,0.15534855769230768,0.14137620192307693,0.00030048076923076925,0.021784855769230768,4
6657.0,21440,22707,27,28,1267,1035,941,129,2,16,0.00405588102748986,0.004206098843322818,0.1554754393871113,0.14135496469881328,0.0003004356316659156,0.02178158329577888,4
6658.0,21443,22715,27,28,1272,1035,942,129,2,16,0.004055271853409433,0.004205467107239411,0.15545208771402824,0.1414839291078402,0.00030039050765995795,0.02177831180534695,4
6659.0,21446,22718,27,28,1272,1035,943,129,2,16,0.004054662862291635,0.004204835560895029,0.15542874305451268,0.14161285478300045,0.0003003453972067878,0.021775041297492116,4
6660.0,21449,22721,27,28,1272,1035,943,129,2,16,0.004054054054054054,0.004204204204204204,0.1554054054054054,0.1415915915915916,0.0003003003003003003,0.02177177177177177,4
6661.0,21452,22721,27,28,1269,1035,943,129,2,16,0.004053445428614322,0.00420357303708152,0.155382074763549,0.14157033478456688,0.00030025521693439425,0.021768503227743582,4
6662.0,21455,22721,27,28,1266,1035,943,129,2,16,0.004052836985890123,0.004202942059441609,0.15535875112578806,0.14154908435905134,0.0003002101471029721,0.021765235664965476,4
6663.0,21458,22721,27,28,1263,1035,944,129,2,16,0.00405222872579919,0.00420231127119916,0.15533543448896894,0.14167792285757166,0.00030016509079993996,0.021761969082995648,4
6664.0,21461,22724,27,28,1263,1035,944,129,2,16,0.004051620648259304,0.004201680672268907,0.15531212484993998,0.14165666266506602,0.00030012004801920766,0.02175870348139256,4
6665.0,21464,22724,27,28,1260,1035,944,129,2,16,0.004051012753188297,0.0042010502625656415,0.15528882220555137,0.14163540885221304,0.0003000750187546887,0.02175543885971493,4
6666.0,21467,22724,27,28,1257,1035,944,129,2,16,0.004050405040504051,0.0042004200420042,0.15526552655265527,0.1416141614161416,0.00030003000300030005,0.021752175217521753,4
6667.0,21470,22724,27,28,1254,1035,944,129,2,16,0.004049797510124494,0.004199790010499475,0.1552422378881056,0.1415929203539823,0.0002999850007499625,0.021748912554372283,4
6668.0,21473,22724,27,28,1251,1035,944,129,2,16,0.004049190161967606,0.004199160167966407,0.15521895620875825,0.14157168566286743,0.00029994001199760045,0.021745650869826036,4
6669.0,21476,22724,27,28,1248,1035,944,129,2,16,0.004048582995951417,0.004198530514319988,0.15519568151147098,0.14155045733993102,0.000299895036737142,0.021742390163442794,4
6670.0,21479,22724,27,28,1245,1036,944,129,2,16,0.004047976011994003,0.004197901049475262,0.15532233883058472,0.14152923538230885,0.0002998500749625187,0.021739130434782608,4
6671.0,21482,22732,27,28,1250,1036,944,129,2,16,0.004047369210013491,0.004197271773347324,0.155299055613851,0.14150801978713837,0.00029980512666766604,0.021735871683405787,4
6672.0,21485,22732,27,28,1247,1037,944,129,2,16,0.0040467625899280575,0.004196642685851319,0.15542565947242207,0.14148681055155876,0.00029976019184652276,0.021732613908872902,4
6673.0,21488,22740,27,28,1252,1037,944,129,2,16,0.004046156151655927,0.004196013786902443,0.1554023677506369,0.14146560767271094,0.0002997152704930316,0.021729357110744793,4
6674.0,21491,22740,27,28,1249,1037,944,129,2,16,0.004045549895115373,0.004195385076415942,0.15537908300869044,0.14144441114773748,0.00029967036260113877,0.02172610128858256,4
6675.0,21494,22740,27,28,1246,1037,944,129,2,16,0.004044943820224719,0.004194756554307116,0.1553558052434457,0.14142322097378277,0.000299625468164794,0.021722846441947566,4
6676.0,21497,22740,27,28,1243,1037,944,129,2,16,0.004044337926902336,0.004194128220491312,0.15533253445176753,0.14140203714799282,0.0002995805871779509,0.021719592570401437,4
6677.0,21500,22740,27,28,1240,1038,944,129,2,16,0.004043732215066646,0.00419350007488393,0.15545903849033998,0.14138085966751535,0.0002995357196345664,0.021716339673506065,4
6678.0,21503,22748,27,28,1245,1038,944,129,2,16,0.004043126684636119,0.0041928721174004195,0.1554357592093441,0.14135968852949984,0.0002994908655286014,0.0217130877508236,4
6679.0,21506,22748,27,28,1242,1038,944,130,2,16,0.0040425213355292705,0.0041922443479562805,0.15541248689923642,0.14133852373109748,0.0002994460248540201,0.021859559814343465,4
6680.0,21509,22750,27,28,1241,1038,944,130,2,16,0.004041916167664671,0.004191616766467066,0.15538922155688623,0.14131736526946106,0.0002994011976047904,0.021856287425149702,4
6681.0,21512,22750,27,28,1238,1038,944,130,2,16,0.004041311180960934,0.004190989372848376,0.1553659631791648,0.14129621314174526,0.000299356383774884,0.021853016015566534,4
6682.0,21515,22750,27,28,1235,1039,944,130,2,16,0.004040706375336726,0.004190362167015863,0.15549236755462437,0.14127506734510625,0.000299311583358276,0.021849745585154144,4
6683.0,21518,22758,27,28,1240,1039,944,130,2,16,0.004040101750710758,0.004189735148885231,0.15546910070327696,0.14125392787670207,0.0002992667963489451,0.02184647613347299,4
6684.0,21521,22758,27,28,1237,1039,944,131,2,16,0.004039497307001795,0.004189108318372232,0.1554458408138839,0.1412327947336924,0.0002992220227408737,0.02199281867145422,4
6685.0,21524,22760,27,28,1236,1039,944,131,2,16,0.004038893044128646,0.004188481675392671,0.15542258788332086,0.14121166791323858,0.0002991772625280479,0.02198952879581152,4
6686.0,21527,22760,27,28,1233,1039,945,131,2,16,0.00403828896201017,0.004187855219862399,0.15539934190846544,0.14134011367035595,0.0002991325157044571,0.021986239904277595,4
6687.0,21530,22763,27,28,1233,1039,946,131,2,16,0.004037685060565276,0.004187228951697323,0.1553761028861971,0.1414685210109167,0.0002990877822640945,0.021982951996410947,4
6688.0,21533,22766,27,28,1233,1039,947,131,2,16,0.004037081339712919,0.004186602870813397,0.15535287081339713,0.1415968899521531,0.0002990430622009569,0.021979665071770335,4
6689.0,21536,22769,27,28,1233,1039,948,131,2,16,0.004036477799372103,0.004185976977126625,0.1553296456869487,0.1417252205112872,0.0002989983555090447,0.021976379129914785,4
6690.0,21539,22772,27,28,1233,1039,948,131,2,16,0.004035874439461884,0.004185351270553065,0.1553064275037369,0.14170403587443947,0.00029895366218236175,0.02197309417040359,4
6691.0,21542,22772,27,28,1230,1040,948,131,2,16,0.00403527125990136,0.004184725751008818,0.1554326707517561,0.14168285756986998,0.00029890898221491554,0.021969810192796292,4
6692.0,21545,22780,27,28,1235,1040,948,131,2,16,0.004034668260609683,0.0041841004184100415,0.15540944411237298,0.14166168559474,0.00029886431560071725,0.021966527196652718,4
6693.0,21548,22780,27,28,1232,1040,948,131,2,16,0.004034065441506051,0.004183475272672942,0.15538622441356642,0.14164051994621246,0.00029881966233378154,0.021963245181532944,4
6694.0,21551,22780,27,28,1229,1040,948,131,2,16,0.00403346280250971,0.004182850313713774,0.15536301165222588,0.14161936062145206,0.00029877502240812666,0.021959964146997312,4
6695.0,21554,22780,27,28,1226,1040,948,131,2,16,0.004032860343539955,0.004182225541448843,0.1553398058252427,0.1415982076176251,0.0002987303958177745,0.021956684092606423,4
6696.0,21555,22780,27,28,1225,1040,948,131,2,16,0.004032258064516129,0.004181600955794504,0.15531660692951016,0.14157706093189965,0.0002986857825567503,0.021953405017921146,4
6697.0,21557,22794,27,28,1237,1040,948,131,2,16,0.004031655965357623,0.004180976556667164,0.15529341496192325,0.14155592056144542,0.00029864118261908315,0.021950126922502613,4
6698.0,21558,22794,27,28,1236,1040,948,131,2,16,0.004031054045983876,0.0041803523439832785,0.15527022991937892,0.14153478650343387,0.00029859659599880563,0.021946849805912213,4
6699.0,21559,22794,27,29,1235,1040,948,131,2,16,0.004030452306314375,0.004329004329004329,0.15524705179877593,0.14151365875503807,0.0002985520226899537,0.0219435736677116,4
6700.0,21604,23088,27,29,1484,1040,948,131,2,16,0.004029850746268657,0.004328358208955224,0.15522388059701492,0.14149253731343284,0.00029850746268656717,0.021940298507462687,4
6701.0,21607,23088,27,29,1481,1040,948,131,2,16,0.004029249365766304,0.004327712281748993,0.15520071631099835,0.14147142217579467,0.00029846291598268916,0.021937024324727654,4
6702.0,21610,23088,27,29,1478,1040,948,131,2,16,0.0040286481647269475,0.004327066547299314,0.15517755893763055,0.1414503133393017,0.0002984183825723665,0.021933751119068933,4
6703.0,21613,23088,27,29,1475,1041,948,131,2,16,0.004028047143070267,0.0043264210055199166,0.15530359540504252,0.14142921080113383,0.0002983738624496494,0.021930478890049232,4
6704.0,21616,23096,27,29,1480,1042,948,131,2,16,0.004027446300715991,0.004325775656324582,0.15542959427207637,0.14140811455847255,0.0002983293556085919,0.021927207637231504,4
6705.0,21619,23104,27,29,1485,1042,949,131,2,16,0.004026845637583893,0.004325130499627144,0.15540641312453393,0.14153616703952274,0.0002982848620432513,0.02192393736017897,4
6706.0,21622,23107,27,29,1485,1042,949,131,2,16,0.004026245153593797,0.004324485535341485,0.15538323889054578,0.14151506113927825,0.00029824038174768865,0.021920668058455117,4
6707.0,21625,23107,27,29,1482,1042,949,131,2,16,0.004025644848665574,0.004323840763381542,0.15536007156701953,0.141493961532727,0.0002981959147159684,0.021917399731623675,4
6708.0,21628,23107,27,29,1479,1043,949,131,2,16,0.004025044722719142,0.0043231961836613,0.15548598688133572,0.14147286821705427,0.0002981514609421586,0.02191413237924866,4
6709.0,21631,23115,27,29,1484,1043,949,132,2,16,0.004024444775674467,0.004322551796094798,0.15546281114920257,0.141451781189447,0.0002981070204203309,0.022059919511104486,4
6710.0,21634,23117,27,29,1483,1043,949,132,2,16,0.004023845007451565,0.004321907600596126,0.15543964232488822,0.14143070044709388,0.00029806259314456036,0.022056631892697468,4
6711.0,21637,23117,27,29,1480,1043,949,132,2,16,0.004023245417970496,0.004321263597079422,0.15541648040530473,0.1414096259871852,0.00029801817910892565,0.022053345254060497,4
6712.0,21640,23117,27,29,1477,1043,949,132,2,16,0.004022646007151371,0.00432061978545888,0.15539332538736592,0.14138855780691298,0.0002979737783075089,0.02205005959475566,4
6713.0,21643,23117,27,29,1474,1043,949,132,2,16,0.004022046774914345,0.004319976165648741,0.1553701772679875,0.1413674959034709,0.00029792939073439596,0.0220467749143453,4
6714.0,21646,23117,27,29,1471,1043,949,132,2,16,0.004021447721179625,0.004319332737563301,0.15534703604408698,0.1413464402740542,0.0002978850163836759,0.022043491212392016,4
6715.0,21649,23117,27,29,1468,1043,949,133,2,16,0.004020848845867461,0.004318689501116903,0.15532390171258376,0.14132539091586002,0.0002978406552494416,0.022189128816083394,4
6716.0,21652,23119,27,29,1467,1043,949,133,2,16,0.004020250148898154,0.004318046456223943,0.15530077427039904,0.14130434782608695,0.0002977963073257892,0.022185824895771294,4
6717.0,21655,23119,27,29,1464,1043,949,133,2,16,0.00401965163019205,0.004317403602798868,0.15527765371445587,0.1412833110019354,0.0002977519726068185,0.02218252195920798,4
6718.0,21658,23119,27,29,1461,1043,949,133,2,16,0.004019053289669544,0.004316760940756177,0.15525454004167907,0.14126228044060732,0.00029770765108663293,0.022179220005954153,4
6719.0,21661,23119,27,29,1458,1044,949,133,2,16,0.004018455127251079,0.0043161184700104185,0.15538026492037504,0.14124125613930644,0.0002976633427593392,0.02217591903557077,4
6720.0,21664,23127,27,29,1463,1044,949,133,2,16,0.0040178571428571425,0.004315476190476191,0.15535714285714286,0.1412202380952381,0.00029761904761904765,0.02217261904761905,4
6721.0,21667,23127,27,29,1460,1044,950,133,2,16,0.004017259336408272,0.004314834102068145,0.1553340276744532,0.14134801368843922,0.00029757476565987203,0.022169320041660466,4
6722.0,21670,23130,27,29,1460,1044,950,133,2,16,0.004016661707825052,0.0043141922047009815,0.15531091936923536,0.14132698601606664,0.0002975304968759298,0.02216602201725677,4
6723.0,21673,23130,27,29,1457,1044,950,133,2,16,0.004016064257028112,0.004313550498289454,0.15528781793842034,0.1413059645991373,0.00029748624126134165,0.022162724973969955,4
6724.0,21676,23130,27,29,1454,1044,950,133,2,16,0.004015466983938132,0.004312908982748364,0.1552647233789411,0.1412849494348602,0.000297441998810232,0.022159428911362283,4
6725.0,21679,23130,27,29,1451,1044,950,133,2,16,0.004014869888475836,0.004312267657992565,0.15524163568773233,0.1412639405204461,0.00029739776951672863,0.022156133828996283,4
6726.0,21682,23130,27,29,1448,1044,950,133,2,16,0.004014272970561998,0.004311626523936961,0.15521855486173058,0.14124293785310735,0.0002973535533749628,0.022152839726434732,4
6727.0,21685,23130,27,29,1445,1044,950,133,2,16,0.004013676230117437,0.004310985580496507,0.15519548089787424,0.14122194143005798,0.0002973093503790694,0.022149546603240672,4
6728.0,21688,23130,27,29,1442,1045,950,133,2,16,0.00401307966706302,0.004310344827586207,0.15532104637336505,0.14120095124851367,0.00029726516052318666,0.02214625445897741,4
6729.0,21691,23138,27,29,1447,1045,950,133,2,16,0.004012483281319661,0.004309704265121118,0.15529796403626095,0.1411799673056918,0.0002972209838014564,0.0221429632932085,4
6730.0,21694,23138,27,29,1444,1045,950,133,2,16,0.004011887072808321,0.004309063893016345,0.15527488855869243,0.1411589895988113,0.00029717682020802375,0.022139673105497772,4
6731.0,21697,23138,27,29,1441,1045,950,133,2,16,0.004011291041450008,0.004308423711187045,0.15525181993760215,0.14113801812509286,0.0002971326697370376,0.0221363838954093,4
6732.0,21700,23138,27,29,1438,1045,950,134,2,16,0.004010695187165776,0.004307783719548425,0.15522875816993464,0.14111705288175877,0.00029708853238265005,0.022281639928698752,4
6733.0,21703,23140,27,29,1437,1045,950,134,2,16,0.004010099509876726,0.0043071439180157435,0.15520570325263627,0.14109609386603297,0.0002970444081390168,0.022278330610426257,4
6734.0,21706,23140,27,29,1434,1045,951,134,2,16,0.004009504009504009,0.004306504306504306,0.15518265518265517,0.14122364122364123,0.000297000297000297,0.022275022275022274,4
6735.0,21709,23143,27,29,1434,1045,951,134,2,16,0.004008908685968819,0.004305864884929473,0.15515961395694136,0.14120267260579064,0.0002969561989606533,0.022271714922048998,4
6736.0,21712,23143,27,29,1431,1045,951,134,2,16,0.004008313539192399,0.00430522565320665,0.15513657957244656,0.14118171021377673,0.0002969121140142518,0.022268408551068885,4
6737.0,21715,23143,27,29,1428,1046,951,134,2,16,0.004007718569096037,0.004304586611251299,0.155261986047202,0.14116075404482709,0.00029686804215526197,0.02226510316164465,4
6738.0,21718,23151,27,29,1433,1046,951,134,2,16,0.004007123775601068,0.0043039477589789255,0.15523894330661916,0.14113980409617097,0.00029682398337785694,0.02226179875333927,4
6739.0,21721,23151,27,29,1430,1047,951,134,2,16,0.0040065291586288765,0.00430330909630509,0.15536429737349755,0.14111886036503932,0.0002967799376762131,0.02225849532571598,4
6740.0,21724,23159,27,29,1435,1047,951,134,2,16,0.0040059347181008904,0.0043026706231454005,0.15534124629080118,0.14109792284866468,0.0002967359050445104,0.02225519287833828,4
6741.0,21727,23159,27,29,1432,1047,951,134,2,16,0.004005340453938585,0.004302032339415517,0.155318202047174,0.14107699154428127,0.0002966918854769322,0.022251891410769914,4
6742.0,21730,23159,27,29,1429,1047,951,134,2,16,0.0040047463660634825,0.004301394245031148,0.15529516463957282,0.14105606644912488,0.0002966478789676654,0.022248590922574904,4
6743.0,21733,23159,27,29,1426,1048,951,134,2,16,0.004004152454397152,0.004300756339908052,0.1554204360077117,0.14103514756043303,0.00029660388551090017,0.022245291413317516,4
6744.0,21736,23167,27,29,1431,1049,951,134,2,16,0.00400355871886121,0.00430011862396204,0.15554567022538554,0.14101423487544484,0.0002965599051008304,0.02224199288256228,4
6745.0,21739,23175,27,29,1436,1049,951,134,2,16,0.004002965159377317,0.004299481097108969,0.15552260934025203,0.14099332839140105,0.0002965159377316531,0.02223869532987398,4
6746.0,21742,23175,27,29,1433,1049,951,134,2,16,0.004002371775867181,0.004298843759264749,0.15549955529202492,0.14097242810554403,0.0002964719833975689,0.02223539875481767,4
6747.0,21745,23175,27,29,1430,1049,951,134,2,16,0.004001778568252557,0.004298206610345339,0.15547650807766414,0.14095153401511784,0.00029642804209278195,0.022232103156958647,4
6748.0,21748,23175,27,29,1427,1049,952,134,2,16,0.004001185536455246,0.004297569650266746,0.1554534676941316,0.14107883817427386,0.0002963841138114997,0.02222880853586248,4
6749.0,21751,23178,27,29,1427,1049,952,134,2,16,0.004000592680397096,0.004296932878945029,0.15543043413839086,0.14105793450881612,0.000296340198547933,0.022225514891094977,4
6750.0,21754,23178,27,29,1424,1049,952,134,2,16,0.004,0.004296296296296296,0.1554074074074074,0.14103703703703704,0.0002962962962962963,0.022222222222222223,4
6751.0,21757,23178,27,29,1421,1049,952,134,2,16,0.003999407495185898,0.004295659902236706,0.15538438749814842,0.14101614575618426,0.0002962524070508073,0.022218930528810545,4
6752.0,21760,23178,27,29,1418,1049,952,135,2,16,0.003998815165876777,0.0042950236966824646,0.15536137440758294,0.14099526066350712,0.0002962085308056872,0.022363744075829382,4
6753.0,21763,23180,27,29,1417,1049,952,135,2,16,0.003998223011994669,0.00429438767954983,0.15533836813268176,0.14097438175625648,0.0002961646675551607,0.02236043240041463,4
6754.0,21766,23180,27,29,1414,1049,952,135,2,16,0.0039976310334616525,0.004293751850755108,0.15531536867041754,0.14095350903168494,0.0002961208172934557,0.02235712170565591,4
6755.0,21767,23180,28,29,1413,1049,952,135,2,16,0.004145077720207254,0.004293116210214656,0.1552923760177646,0.14093264248704662,0.00029607698001480384,0.02235381199111769,4
6756.0,21786,23292,28,29,1506,1049,952,135,2,16,0.0041444641799881585,0.004292480757844878,0.15526939017169922,0.1409117821195974,0.0002960331557134399,0.02235050325636471,4
6757.0,21789,23292,28,29,1503,1049,952,135,2,16,0.004143850821370431,0.004291845493562232,0.15524641112919935,0.14089092792659463,0.0002959893443836022,0.022347195500961967,4
6758.0,21792,23292,28,29,1500,1049,952,135,2,16,0.004143237644273453,0.00429121041728322,0.15522343888724474,0.14087007990529743,0.0002959455460195324,0.022343888724474698,4
6759.0,21795,23292,28,29,1497,1050,952,135,2,16,0.00414262464861666,0.004290575528924397,0.15534842432312473,0.14084923805296642,0.00029590176061547566,0.022340582926468414,4
6760.0,21798,23300,28,29,1502,1050,952,135,2,16,0.004142011834319527,0.004289940828402367,0.15532544378698224,0.1408284023668639,0.0002958579881656805,0.022337278106508877,4
6761.0,21801,23300,28,29,1499,1050,952,135,2,16,0.004141399201301583,0.004289306315633782,0.15530247004880934,0.1408075728442538,0.00029581422866439876,0.022333974264162105,4
6762.0,21804,23300,28,29,1496,1050,953,135,2,16,0.004140786749482402,0.004288671990535345,0.15527950310559005,0.1409346347234546,0.0002957704821058858,0.02233067139899438,4
6763.0,21807,23303,28,29,1496,1050,954,135,2,16,0.0041401744787816054,0.004288037853023806,0.1552565429543102,0.141061659027059,0.0002957267484844004,0.02232736951057223,4
6764.0,21810,23306,28,29,1496,1050,954,135,2,16,0.004139562389118865,0.004287403903015967,0.15523358959195743,0.1410408042578356,0.00029568302779420464,0.02232406859846245,4
6765.0,21813,23306,28,29,1493,1050,954,135,2,16,0.004138950480413895,0.004286770140428677,0.15521064301552107,0.141019955654102,0.00029563932002956393,0.022320768662232076,4
6766.0,21816,23306,28,29,1490,1050,954,135,2,16,0.004138338752586462,0.0042861365651788354,0.15518770322199232,0.14099911321312444,0.0002955956251847473,0.02231746970144842,4
6767.0,21819,23306,28,29,1487,1051,954,135,2,16,0.0041377272055563765,0.00428550317718339,0.15531254617999113,0.14097827693217083,0.0002955519432540269,0.02231417171567903,4
6768.0,21822,23314,28,29,1492,1051,955,135,2,16,0.004137115839243499,0.004284869976359338,0.15528959810874704,0.14110520094562648,0.0002955082742316785,0.022310874704491727,4
6769.0,21825,23317,28,29,1492,1051,955,135,2,16,0.004136504653567736,0.004284236962623726,0.15526665681784607,0.14108435514847098,0.0002954646181119811,0.022307578667454572,4
6770.0,21828,23317,28,29,1489,1051,955,135,2,16,0.00413589364844904,0.004283604135893649,0.1552437223042836,0.1410635155096012,0.0002954209748892171,0.022304283604135895,4
6771.0,21831,23317,28,29,1486,1051,955,135,2,16,0.004135282823807414,0.00428297149608625,0.15522079456505686,0.14104268202628858,0.0002953773445576724,0.02230098951410427,4
6772.0,21834,23317,28,29,1483,1052,955,135,2,16,0.004134672179562906,0.004282339043118724,0.1553455404607206,0.14102185469580625,0.00029533372711163615,0.02229769639692853,4
6773.0,21837,23325,28,29,1488,1052,955,135,2,16,0.004134061715635612,0.0042817067769083126,0.15532260445888085,0.14100103351542892,0.0002952901225454009,0.022294404252177765,4
6774.0,21840,23325,28,29,1485,1052,955,135,2,16,0.004133451431945674,0.004281074697372306,0.15529967522881605,0.14098021848243283,0.0002952465308532625,0.022291113079421318,4
6775.0,21843,23325,28,29,1482,1052,956,135,2,16,0.004132841328413284,0.004280442804428044,0.15527675276752767,0.1411070110701107,0.0002952029520295203,0.022287822878228784,4
6776.0,21846,23328,28,29,1482,1052,957,135,2,16,0.004132231404958678,0.004279811097992916,0.1552538370720189,0.14123376623376624,0.00029515938606847696,0.022284533648170013,4
6777.0,21849,23331,28,29,1482,1052,958,135,2,16,0.00413162166150214,0.004279179577984358,0.15523092813929468,0.14136048398996606,0.00029511583296443856,0.02228124538881511,4
6778.0,21852,23334,28,29,1482,1053,958,135,2,16,0.004131012097964001,0.004278548244319859,0.15535556211271762,0.1413396282089112,0.00029507229271171436,0.022277958099734436,4
6779.0,21855,23342,28,29,1487,1053,958,135,2,16,0.0041304027142646405,0.004277917096916949,0.15533264493288096,0.14131877858091163,0.0002950287653046172,0.0222746717804986,4
6780.0,21858,23342,28,29,1484,1053,958,135,2,16,0.004129793510324484,0.004277286135693215,0.15530973451327434,0.14129793510324484,0.0002949852507374631,0.022271386430678466,4
6781.0,21861,23342,28,29,1481,1053,959,135,2,16,0.004129184486064003,0.0042766553605662885,0.15528683085090694,0.14142456864769207,0.0002949417490045716,0.022268102049845157,4
6782.0,21864,23345,28,29,1481,1054,959,135,2,16,0.0041285756414037155,0.0042760247714538485,0.15541138307283986,0.14140371571807725,0.0002948982601002654,0.022264818637570037,4
6783.0,21867,23353,28,29,1486,1055,959,135,2,16,0.0041279669762641896,0.004275394368273625,0.15553589856995428,0.14138286893704852,0.0002948547840188707,0.02226153619342474,4
6784.0,21870,23361,28,29,1491,1055,959,135,2,16,0.004127358490566038,0.004274764150943396,0.1555129716981132,0.1413620283018868,0.00029481132075471697,0.022258254716981132,4
6785.0,21873,23361,28,29,1488,1055,960,135,2,16,0.004126750184229919,0.0042741341193809875,0.15549005158437731,0.1414885777450258,0.0002947678703021371,0.02225497420781135,4
6786.0,21876,23364,28,29,1488,1055,960,135,2,16,0.00412614205717654,0.004273504273504274,0.15546713822575892,0.14146772767462423,0.0002947244326554671,0.022251694665487768,4
6787.0,21879,23364,28,29,1485,1055,960,135,2,16,0.004125534109326654,0.004272874613231177,0.15544423161927215,0.1414468837483424,0.0002946810078090467,0.022248416089583025,4
6788.0,21882,23364,28,29,1482,1056,960,135,2,16,0.0041249263406010605,0.00427224513847967,0.15556865055981142,0.14142604596346495,0.0002946375957572186,0.022245138479670006,4
6789.0,21885,23372,28,29,1487,1056,961,135,2,16,0.004124318750920607,0.004271615849167771,0.15554573574900574,0.1415525114155251,0.0002945941964943291,0.022241861835321845,4
6790.0,21888,23375,28,29,1487,1056,961,135,2,16,0.004123711340206186,0.004270986745213549,0.15552282768777614,0.14153166421207658,0.0002945508100147275,0.02223858615611193,4
6791.0,21891,23375,28,29,1484,1057,961,135,2,16,0.004123104108378736,0.00427035782653512,0.1556471800912973,0.1415108231482845,0.0002945074363127669,0.022235311441613902,4
6792.0,21894,23383,28,29,1489,1057,961,135,2,16,0.004122497055359246,0.004269729093050648,0.15562426383981154,0.141489988221437,0.0002944640753828033,0.022232037691401647,4
6793.0,21897,23383,28,29,1486,1057,961,135,2,16,0.004121890181068747,0.0042691005446783455,0.15560135433534522,0.1414691594288238,0.00029442072721919626,0.022228764905049315,4
6794.0,21900,23383,28,29,1483,1057,961,135,2,16,0.004121283485428319,0.004268472181336473,0.15557845157491904,0.14144833676773624,0.00029437739181630853,0.022225493082131294,4
6795.0,21903,23383,28,29,1480,1057,961,135,2,16,0.0041206769683590876,0.004267844002943341,0.15555555555555556,0.14142752023546726,0.00029433406916850625,0.022222222222222223,4
6796.0,21906,23383,28,29,1477,1057,961,135,2,16,0.004120070629782225,0.0042672160094173045,0.15553266627427897,0.14140670982931136,0.0002942907592701589,0.022218952324897,4
6797.0,21909,23383,28,29,1474,1058,961,135,2,16,0.004119464469618949,0.0042665882006767695,0.15565690745917315,0.14138590554656466,0.00029424746211563924,0.022215683389730765,4
6798.0,21912,23391,28,29,1479,1058,961,135,2,16,0.004118858487790526,0.004265960576640188,0.15563401000294205,0.14136510738452487,0.0002942041776993233,0.02221241541629891,4
6799.0,21915,23391,28,29,1476,1059,961,135,2,16,0.004118252684218267,0.004265333137226063,0.15575819973525518,0.14134431534049124,0.00029416090601559053,0.022209148404177086,4
6800.0,21918,23399,28,29,1481,1059,962,135,2,16,0.00411764705882353,0.004264705882352941,0.15573529411764706,0.14147058823529413,0.0002941176470588235,0.022205882352941176,4
6801.0,21921,23402,28,29,1481,1059,962,135,2,16,0.004117041611527717,0.00426407881193942,0.1557123952359947,0.1414497867960594,0.00029407440082340834,0.022202617262167327,4
6802.0,21924,23402,28,29,1478,1059,962,135,2,16,0.004116436342252279,0.004263451925904146,0.15568950308732726,0.14142899147309615,0.00029403116730373417,0.022199353131431933,4
6803.0,21927,23402,28,29,1475,1059,962,135,2,16,0.004115831250918712,0.004262825224165809,0.1556666176686756,0.14140820226370718,0.00029398794649419373,0.022196089960311628,4
6804.0,21930,23402,28,29,1472,1059,962,135,2,16,0.00411522633744856,0.004262198706643151,0.15564373897707232,0.14138741916519695,0.00029394473838918284,0.022192827748383305,4
6805.0,21933,23402,28,29,1469,1059,962,135,2,16,0.00411462160176341,0.00426157237325496,0.1556208670095518,0.1413666421748714,0.00029390154298310065,0.0221895664952241,4
6806.0,21936,23402,28,29,1466,1060,962,135,2,16,0.004114017043784896,0.004260946223920071,0.15574493094328534,0.1413458712900382,0.0002938583602703497,0.022186306200411402,4
6807.0,21939,23410,28,29,1471,1060,962,135,2,16,0.0041134126634347,0.004260320258557367,0.1557220508300279,0.14132510650800648,0.00029381519024533566,0.022183046863522845,4
6808.0,21942,23410,28,29,1468,1060,963,135,2,16,0.004112808460634548,0.004259694477085781,0.15569917743830788,0.1414512338425382,0.0002937720329024677,0.02217978848413631,4
6809.0,21945,23413,28,29,1468,1061,963,135,2,16,0.0041122044353062125,0.004259068879424292,0.15582317520928182,0.14143045968571008,0.000293728888236158,0.02217653106182993,4
6810.0,21948,23421,28,29,1473,1062,963,135,2,16,0.0041116005873715125,0.004258443465491923,0.15594713656387665,0.14140969162995595,0.0002936857562408223,0.022173274596182086,4
6811.0,21951,23429,28,29,1478,1062,963,135,2,16,0.0041109969167523125,0.004257818235207752,0.155924240199677,0.14138892967258845,0.00029364263691087944,0.022170019086771398,4
6812.0,21954,23429,28,29,1475,1062,964,135,2,16,0.004110393423370522,0.0042571931884908985,0.1559013505578391,0.14151497357604229,0.0002935995302407516,0.022166764533176748,4
6813.0,21957,23432,28,29,1475,1062,964,135,2,16,0.004109790107148099,0.004256568325260532,0.15587846763540292,0.14149420226038456,0.0002935564362248642,0.02216351093497725,4
6814.0,21960,23432,28,29,1472,1063,964,135,2,16,0.004109186968007044,0.004255943645435867,0.15600234810683886,0.14147343704138537,0.000293513354857646,0.022160258291752274,4
6815.0,21963,23440,28,29,1477,1063,964,135,2,16,0.004108584005869406,0.00425531914893617,0.15597945707997066,0.14145267791636096,0.000293470286133529,0.02215700660308144,4
6816.0,21966,23440,28,29,1474,1063,964,135,2,16,0.004107981220657277,0.004254694835680751,0.15595657276995306,0.1414319248826291,0.00029342723004694836,0.0221537558685446,4
6817.0,21969,23440,28,29,1471,1063,964,135,2,16,0.004107378612292797,0.004254070705588969,0.15593369517383013,0.14141117793750918,0.00029338418659234265,0.022150506087721872,4
6818.0,21972,23440,28,29,1468,1064,964,135,2,16,0.004106776180698152,0.004253446758580229,0.15605749486652978,0.14139043707832208,0.0002933411557641537,0.022147257260193606,4
6819.0,21975,23448,28,29,1473,1064,964,135,2,16,0.004106173925795572,0.004252822994573985,0.1560346091802317,0.14136970230239038,0.0002932981375568265,0.0221440093855404,4
6820.0,21978,23448,28,29,1470,1065,964,135,2,16,0.004105571847507331,0.004252199413489736,0.156158357771261,0.14134897360703813,0.0002932551319648094,0.02214076246334311,4
6821.0,21981,23456,28,29,1475,1065,964,135,2,16,0.004104969945755754,0.004251576015247031,0.15613546400820993,0.14132825098959098,0.00029321213898255387,0.022137516493182817,4
6822.0,21984,23456,28,29,1472,1065,964,135,2,16,0.004104368220463207,0.0042509527997654645,0.15611257695690414,0.14130753444737615,0.0002931691586045148,0.02213427147464087,4
6823.0,21987,23456,28,29,1469,1065,964,135,2,16,0.004103766671552103,0.004250329766964678,0.1560896966143925,0.1412868239777224,0.0002931261908251502,0.02213102740729884,4
6824.0,21990,23456,28,29,1466,1065,964,135,2,16,0.004103165298944901,0.004249706916764361,0.15606682297772567,0.14126611957796015,0.00029308323563892143,0.02212778429073857,4
6825.0,21993,23456,28,29,1463,1065,964,135,2,16,0.0041025641025641026,0.004249084249084249,0.15604395604395604,0.14124542124542125,0.00029304029304029304,0.022124542124542124,4
6826.0,21996,23456,28,29,1460,1065,964,135,2,16,0.004101963082332259,0.004248461763844125,0.1560210958101377,0.1412247289774392,0.0002929973630237328,0.022121300908291824,4
6827.0,21997,23456,29,29,1459,1065,964,135,2,16,0.00424783946096382,0.00424783946096382,0.1559982422733265,0.14120404277134904,0.00029295444558371175,0.022118060641570236,4
6828.0,22016,23571,29,29,1555,1066,964,135,2,16,0.00424721734036321,0.00424721734036321,0.15612185120093733,0.1411833626244874,0.00029291154071470416,0.022114821323960164,4
6829.0,22019,23579,29,29,1560,1067,964,135,2,16,0.00424659540196222,0.00424659540196222,0.15624542392736857,0.14116268853419242,0.0002928686484111876,0.022111582955044663,4
6830.0,22022,23587,29,29,1565,1067,964,135,2,16,0.00424597364568082,0.00424597364568082,0.1562225475841874,0.1411420204978038,0.00029282576866764275,0.022108345534407027,4
6831.0,22025,23587,29,29,1562,1067,965,135,2,16,0.004245352071439028,0.004245352071439028,0.15619967793880837,0.14126774996340213,0.00029278290147855365,0.022105109061630802,4
6832.0,22028,23590,29,29,1562,1067,965,135,2,16,0.004244730679156909,0.004244730679156909,0.1561768149882904,0.14124707259953162,0.0002927400468384075,0.022101873536299766,4
6833.0,22031,23590,30,29,1559,1067,965,135,2,16,0.0043904580711254205,0.004244109468754574,0.15615395872969412,0.1412264012878677,0.0002926972047416947,0.022098638957997952,4
6834.0,22050,23702,30,29,1652,1067,965,135,2,16,0.004389815627743635,0.0042434884401521804,0.15613110916008194,0.1412057360257536,0.000292654375182909,0.022095405326309627,4
6835.0,22053,23702,30,29,1649,1067,965,135,2,16,0.0043891733723482075,0.004242867593269934,0.15610826627651792,0.14118507681053402,0.0002926115581565472,0.02209217264081931,4
6836.0,22056,23702,30,29,1646,1067,965,135,2,16,0.004388531304856641,0.0042422469280280865,0.15608543007606787,0.1411644236395553,0.0002925687536571094,0.022088940901111763,4
6837.0,22059,23702,30,29,1643,1068,965,135,2,16,0.004387889425186486,0.004241626444346936,0.15620886353663888,0.14114377651016527,0.000292525961679099,0.022085710106771975,4
6838.0,22062,23710,30,29,1648,1068,965,135,2,16,0.004387247733255338,0.004241006142146827,0.15618601930389003,0.14112313541971336,0.0002924831822170225,0.0220824802573852,4
6839.0,22065,23710,30,29,1645,1068,966,135,2,16,0.004386606228980845,0.00424038602134815,0.1561631817517181,0.14124872057318322,0.00029244041526538966,0.02207925135253692,4
6840.0,22068,23713,30,29,1645,1068,966,135,2,16,0.0043859649122807015,0.004239766081871345,0.156140350877193,0.1412280701754386,0.00029239766081871346,0.022076023391812867,4
6841.0,22071,23713,30,29,1642,1069,966,135,2,16,0.00438532378307265,0.004239146323636895,0.1562637041368221,0.14120742581493934,0.00029235491887151,0.022072796374799006,4
6842.0,22074,23721,30,29,1647,1069,966,135,2,16,0.0043846828412744815,0.0042385267465653315,0.15624086524408068,0.1411867874890383,0.00029231218941829873,0.022069570301081556,4
6843.0,22077,23721,30,29,1644,1069,966,135,2,16,0.004384042086804033,0.004237907350577232,0.15621803302645038,0.14116615519508988,0.00029226947245360223,0.022066345170246967,4
6844.0,22080,23721,30,29,1641,1070,966,135,2,16,0.004383401519579193,0.00423728813559322,0.15634132086499122,0.14114552893045004,0.0002922267679719462,0.02206312098188194,4
6845.0,22083,23729,30,29,1646,1070,967,135,2,16,0.004382761139517896,0.004236669101533966,0.15631848064280496,0.1412710007304602,0.00029218407596785974,0.02205989773557341,4
6846.0,22086,23732,30,29,1646,1070,967,135,2,16,0.0043821209465381246,0.004236050248320187,0.1562956470931931,0.14125036517674555,0.00029214139643587495,0.02205667543090856,4
6847.0,22089,23732,30,29,1643,1070,967,135,2,16,0.0043814809405579086,0.004235431575872645,0.15627282021323208,0.14122973565064992,0.0002920987293705272,0.022053454067474807,4
6848.0,22092,23732,30,29,1640,1071,967,135,2,16,0.004380841121495327,0.004234813084112149,0.15639602803738317,0.14120911214953272,0.0002920560747663551,0.022050233644859814,4
6849.0,22095,23740,30,29,1645,1071,967,135,2,16,0.004380201489268506,0.004234194772959556,0.15637319316688567,0.14118849467075487,0.0002920134326179004,0.022047014162651483,4
6850.0,22098,23740,30,29,1642,1072,967,135,2,16,0.004379562043795621,0.004233576642335766,0.1564963503649635,0.14116788321167884,0.00029197080291970805,0.022043795620437956,4
6851.0,22101,23748,30,29,1647,1072,967,135,2,16,0.0043789227849948915,0.004232958692161728,0.15647350751715078,0.14114727776966865,0.00029192818566632606,0.022040578017807618,4
6852.0,22104,23748,30,29,1644,1072,967,135,2,16,0.0043782837127845885,0.0042323409223584355,0.15645067133683596,0.1411266783420899,0.0002918855808523059,0.022037361354349094,4
6853.0,22107,23748,30,29,1641,1072,968,135,2,16,0.00437764482708303,0.004231723332846929,0.15642784182110026,0.14125200642054575,0.00029184298847220193,0.02203414562965125,4
6854.0,22110,23751,30,29,1641,1072,969,135,2,16,0.004377006127808579,0.004231105923548293,0.15640501896702655,0.1413772979282171,0.0002918004085205719,0.02203093084330318,4
6855.0,22113,23754,30,29,1641,1072,969,135,2,16,0.00437636761487965,0.004230488694383662,0.15638220277169948,0.1413566739606127,0.00029175784099197665,0.02202771699489424,4
6856.0,22116,23754,30,29,1638,1073,969,135,2,16,0.004375729288214702,0.004229871645274212,0.15650525087514586,0.14133605600933488,0.00029171528588098014,0.022024504084014,4
6857.0,22119,23762,30,29,1643,1074,969,135,2,16,0.004375091147732244,0.0042292547761411696,0.15662826308881436,0.1413154440717515,0.00029167274318214965,0.022021292110252298,4
6858.0,22122,23770,30,29,1648,1074,969,135,2,16,0.004374453193350831,0.004228638086905804,0.15660542432195976,0.14129483814523183,0.00029163021289005544,0.022018081073199185,4
6859.0,22125,23770,30,29,1645,1074,969,135,2,16,0.004373815424989065,0.00422802157748943,0.15658259221460855,0.14127423822714683,0.000291587694999271,0.022014870972444964,4
6860.0,22128,23770,30,29,1642,1074,969,135,2,16,0.004373177842565598,0.004227405247813411,0.1565597667638484,0.1412536443148688,0.0002915451895043732,0.022011661807580175,4
6861.0,22131,23770,30,29,1639,1074,969,135,2,16,0.004372540445999125,0.004226789097799155,0.1565369479667687,0.14123305640577175,0.0002915026963999417,0.0220084535781956,4
6862.0,22134,23770,30,29,1636,1074,969,135,2,16,0.004371903235208394,0.004226173127368114,0.1565141358204605,0.14121247449723112,0.0002914602156805596,0.02200524628388225,4
6863.0,22137,23770,30,29,1633,1074,970,135,2,16,0.004371266210112196,0.004225557336441789,0.15649133032201662,0.14133760746029433,0.0002914177473408131,0.022002039924231387,4
6864.0,22140,23773,30,29,1633,1075,970,135,2,16,0.004370629370629371,0.004224941724941725,0.1566142191142191,0.14131701631701632,0.0002913752913752914,0.0219988344988345,4
6865.0,22143,23781,30,29,1638,1075,970,135,2,16,0.004369992716678805,0.004224326292789512,0.15659140568099053,0.1412964311726147,0.000291332847778587,0.021995630007283322,4
6866.0,22146,23781,30,29,1635,1075,970,135,2,16,0.004369356248179435,0.004223711039906787,0.1565685988930964,0.1412758520244684,0.00029129041654529564,0.021992426449169822,4
6867.0,22149,23781,30,29,1632,1075,970,135,2,16,0.00436871996505024,0.0042230959662152324,0.1565457987476336,0.14125527886995776,0.000291247997670016,0.021989223824086208,4
6868.0,22152,23781,30,29,1629,1075,970,135,2,16,0.004368083867210251,0.004222481071636575,0.15652300524170065,0.14123471170646476,0.00029120559114735004,0.021986022131624927,4
6869.0,22155,23781,30,29,1626,1075,971,135,2,16,0.004367447954578541,0.00422186635609259,0.15650021837239772,0.14135973212985878,0.00029116319697190275,0.021982821371378657,4
6870.0,22158,23784,30,29,1626,1075,971,135,2,16,0.004366812227074236,0.0042212518195050945,0.1564774381368268,0.1413391557496361,0.0002911208151382824,0.02197962154294032,4
6871.0,22161,23784,30,29,1623,1075,971,135,2,16,0.004366176684616504,0.004220637461795954,0.1564546645320914,0.1413185853587542,0.00029107844564110026,0.02197642264590307,4
6872.0,22164,23784,30,29,1620,1076,971,135,2,16,0.004365541327124563,0.004220023282887078,0.15657741559953434,0.14129802095459837,0.0002910360884749709,0.021973224679860303,4
6873.0,22167,23792,30,29,1625,1077,971,135,2,16,0.004364906154517678,0.004219409282700422,0.15670013094718463,0.1412774625345555,0.00029099374363451185,0.021970027644405647,4
6874.0,22170,23800,30,29,1630,1077,971,135,2,16,0.0043642711667151585,0.004218795461157987,0.15667733488507418,0.14125691009601396,0.0002909514111143439,0.021966831539132963,4
6875.0,22173,23800,30,29,1627,1077,971,135,2,16,0.004363636363636364,0.004218181818181818,0.15665454545454546,0.14123636363636363,0.0002909090909090909,0.021963636363636362,4
6876.0,22176,23800,30,29,1624,1077,972,135,2,16,0.004363001745200698,0.004217568353694008,0.15663176265270506,0.14136125654450263,0.00029086678301337986,0.02196044211751018,4
6877.0,22179,23803,30,29,1624,1077,973,135,2,16,0.004362367311327614,0.004216955067616693,0.15660898647666133,0.1414861131307256,0.0002908244874218409,0.02195724880034899,4
6878.0,22182,23806,30,29,1624,1077,973,135,2,16,0.004361733061936609,0.004216341959872056,0.15658621692352429,0.1414655423088107,0.0002907822041291073,0.0219540564117476,4
6879.0,22185,23806,30,29,1621,1077,973,136,2,16,0.00436109899694723,0.004215729030382323,0.15656345399040558,0.1414449774676552,0.00029073993312981537,0.02209623491786597,4
6880.0,22188,23808,30,29,1620,1077,974,136,2,16,0.00436046511627907,0.004215116279069768,0.1565406976744186,0.14156976744186048,0.00029069767441860465,0.022093023255813953,4
6881.0,22191,23811,30,29,1620,1077,974,136,2,16,0.004359831419851766,0.004214503705856707,0.1565179479726784,0.14154919343118733,0.0002906554279901177,0.022089812527248946,4
6882.0,22194,23811,30,29,1617,1077,975,136,2,16,0.004359197907585004,0.004213891310665505,0.15649520488230165,0.14167393199651265,0.0002906131938390003,0.02208660273176402,4
6883.0,22197,23814,30,29,1617,1077,976,136,2,16,0.004358564579398518,0.0042132790934185675,0.1564724684004068,0.14179863431643178,0.0002905709719599012,0.022083393868952493,4
6884.0,22200,23817,30,29,1617,1077,976,136,2,16,0.004357931435212086,0.00421266705403835,0.1564497385241139,0.14177803602556652,0.0002905287623474724,0.022080185938407902,4
6885.0,22203,23817,30,29,1614,1077,976,136,2,16,0.004357298474945534,0.004212055192447349,0.15642701525054467,0.14175744371822804,0.00029048656499636893,0.02207697893972404,4
6886.0,22206,23817,30,29,1611,1077,976,136,2,16,0.004356665698518733,0.004211443508568109,0.15640429857682253,0.14173685739180947,0.0002904443799012489,0.02207377287249492,4
6887.0,22209,23817,30,29,1608,1077,976,136,2,16,0.004356033105851605,0.004210832002323217,0.1563815885000726,0.14171627704370554,0.0002904022070567736,0.022070567736314797,4
6888.0,22212,23817,30,29,1605,1077,976,136,2,16,0.004355400696864111,0.004210220673635308,0.1563588850174216,0.14169570267131243,0.00029036004645760743,0.022067363530778164,4
6889.0,22215,23817,30,29,1602,1078,976,136,2,16,0.004354768471476266,0.004209609522427058,0.15648134707504718,0.14167513427202788,0.00029031789809841774,0.02206416025547975,4
6890.0,22218,23825,30,29,1607,1079,976,136,2,16,0.0043541364296081275,0.00420899854862119,0.15660377358490565,0.1416545718432511,0.00029027576197387516,0.022060957910014514,4
6891.0,22221,23833,30,29,1612,1079,976,136,2,16,0.0043535045711798,0.004208387752140473,0.15658104774343345,0.14163401538238282,0.0002902336380786533,0.02205775649397765,4
6892.0,22224,23833,30,29,1609,1079,976,136,2,16,0.004352872896111433,0.004207777132907719,0.1565583284968079,0.1416134648868253,0.0002901915264074289,0.022054556006964595,4
6893.0,22227,23833,30,29,1606,1079,976,136,2,16,0.0043522414043232266,0.004207166690845786,0.15653561584215872,0.1415929203539823,0.0002901494269548818,0.022051356448571015,4
6894.0,22230,23833,30,29,1603,1079,976,136,2,16,0.004351610095735422,0.004206556425877575,0.15651290977661736,0.14157238178125905,0.0002901073397156948,0.022048157818392804,4
6895.0,22233,23833,30,29,1600,1079,976,136,2,16,0.00435097897026831,0.004205946337926033,0.15649021029731688,0.14155184916606237,0.000290065264684554,0.022044960116026104,4
6896.0,22236,23833,30,29,1597,1079,977,136,2,16,0.004350348027842227,0.004205336426914153,0.15646751740139211,0.14167633410672853,0.0002900232018561485,0.022041763341067284,4
6897.0,22239,23836,30,29,1597,1079,977,136,2,16,0.004349717268377556,0.00420472669276497,0.15644483108597942,0.1416557923734957,0.0002899811512251704,0.02203856749311295,4
6898.0,22242,23836,30,29,1594,1079,977,136,2,16,0.004349086691794723,0.004204117135401566,0.15642215134821688,0.1416352565961148,0.00028993911278631486,0.022035372571759932,4
6899.0,22245,23836,30,29,1591,1079,978,136,2,16,0.004348456298014205,0.004203507754747065,0.15639947818524425,0.1417596753152631,0.00028989708653428034,0.022032178576605305,4
6900.0,22248,23839,30,29,1591,1079,979,136,2,16,0.004347826086956522,0.004202898550724638,0.15637681159420289,0.1418840579710145,0.0002898550724637681,0.022028985507246378,4
6901.0,22251,23842,30,29,1591,1079,979,136,2,16,0.00434719605854224,0.004202289523257499,0.1563541515722359,0.14186349804376178,0.0002898130705694827,0.022025793363280685,4
6902.0,22254,23842,30,29,1588,1079,979,137,2,16,0.004346566212691973,0.004201680672268907,0.15633149811648797,0.1418429440741814,0.0002897710808461316,0.022167487684729065,4
6903.0,22257,23844,30,29,1587,1080,979,137,2,16,0.004345936549326379,0.004201071997682168,0.15645371577574968,0.1418223960596842,0.0002897291032884253,0.02216427640156454,4
6904.0,22260,23852,30,29,1592,1080,979,137,2,16,0.004345307068366165,0.004200463499420626,0.1564310544611819,0.1418018539976825,0.00028968713789107763,0.022161066048667438,4
6905.0,22263,23852,30,29,1589,1080,979,137,2,16,0.004344677769732078,0.004199855177407676,0.1564083997103548,0.14178131788559015,0.0002896451846488052,0.0221578566256336,4
6906.0,22266,23852,30,29,1586,1081,979,137,2,16,0.004344048653344918,0.004199247031566753,0.1565305531421952,0.14176078772082248,0.0002896032435563278,0.022154648132059078,4
6907.0,22269,23860,30,29,1591,1081,979,137,2,16,0.004343419719125525,0.00419863906182134,0.1565078905458231,0.1417402635007963,0.0002895613146083683,0.022151440567540176,4
6908.0,22272,23860,30,29,1588,1081,979,137,2,16,0.004342790966994789,0.0041980312680949625,0.15648523451071222,0.14171974522292993,0.00028951939779965256,0.022148233931673422,4
6909.0,22275,23860,30,29,1585,1081,979,137,2,16,0.004342162396873643,0.004197423650311188,0.1564625850340136,0.14169923288464323,0.0002894774931249095,0.02214502822405558,4
6910.0,22278,23860,30,29,1582,1081,979,137,2,16,0.004341534008683068,0.004196816208393632,0.15643994211287987,0.14167872648335744,0.0002894356005788712,0.022141823444283646,4
6911.0,22281,23860,30,29,1579,1081,979,137,2,16,0.0043409058023440895,0.004196208942265953,0.15641730574446536,0.14165822601649544,0.0002893937201562726,0.022138619591954855,4
6912.0,22284,23860,30,29,1576,1081,980,137,2,16,0.004340277777777778,0.004195601851851852,0.15639467592592593,0.1417824074074074,0.00028935185185185184,0.022135416666666668,4
6913.0,22287,23863,30,29,1576,1081,980,137,2,16,0.0043396499349052505,0.004194994937075076,0.1563720526544192,0.14176189787357152,0.0002893099956603501,0.02213221466801678,4
6914.0,22290,23863,30,29,1573,1082,980,137,2,16,0.004339022273647671,0.004194388197859416,0.15649407000289267,0.1417413942724906,0.0002892681515765114,0.022129013595603125,4
6915.0,22293,23871,30,29,1578,1082,980,137,2,16,0.004338394793926247,0.004193781634128706,0.15647143890093998,0.14172089660159073,0.00028922631959508316,0.02212581344902386,4
6916.0,22296,23871,30,29,1575,1082,980,137,2,16,0.004337767495662233,0.004193175245806825,0.15644881434355118,0.1417004048582996,0.0002891844997108155,0.022122614227877386,4
6917.0,22299,23871,30,29,1572,1082,980,137,2,16,0.004337140378776926,0.004192569032817696,0.15642619632788782,0.14167991904004626,0.00028914269191846175,0.022119415931762323,4
6918.0,22302,23871,30,29,1569,1082,980,137,2,16,0.004336513443191674,0.004191962995085285,0.15640358485111303,0.14165943914426135,0.0002891008962127783,0.022116218560277536,4
6919.0,22305,23871,30,29,1566,1082,981,137,2,16,0.004335886688827865,0.004191357132533603,0.15638097991039168,0.1417834947246712,0.00028905911258852437,0.022113022113022112,4
6920.0,22308,23874,30,29,1566,1082,981,137,2,16,0.004335260115606936,0.004190751445086705,0.15635838150289016,0.1417630057803468,0.00028901734104046245,0.022109826589595375,4
6921.0,22311,23874,30,29,1563,1082,982,137,2,16,0.004334633723450368,0.00419014593266869,0.15633578962577663,0.14188701054760872,0.00028897558156335787,0.022106631989596878,4
6922.0,22314,23877,30,29,1563,1082,982,137,2,16,0.004334007512279688,0.004189540595203698,0.15631320427622075,0.1418665125686218,0.0002889338341519792,0.022103438312626407,4
6923.0,22317,23877,30,29,1560,1082,983,137,2,16,0.0043333814820164665,0.004188935432615918,0.1562906254513939,0.14199046656073958,0.0002888920988010978,0.022100245558283983,4
6924.0,22320,23880,30,29,1560,1082,983,138,2,16,0.004332755632582322,0.004188330444829578,0.1562680531484691,0.14196995956094743,0.00028885037550548814,0.02224147891392259,4
6925.0,22323,23882,30,29,1559,1082,983,138,2,16,0.004332129963898917,0.004187725631768953,0.15624548736462093,0.1419494584837545,0.0002888086642599278,0.02223826714801444,4
6926.0,22326,23882,30,29,1556,1082,983,138,2,16,0.004331504475887958,0.00418712099335836,0.1562229280970257,0.14192896332659544,0.00028876696505919725,0.022235056309558188,4
6927.0,22329,23882,30,29,1553,1082,983,138,2,16,0.0043308791684712,0.00418651652952216,0.15620037534286127,0.14190847408690632,0.00028872527789807997,0.022231846398152157,4
6928.0,22332,23882,30,29,1550,1082,984,138,2,16,0.0043302540415704385,0.0041859122401847575,0.15617782909930716,0.1420323325635104,0.0002886836027713626,0.022228637413394918,4
6929.0,22335,23885,30,29,1550,1082,984,138,2,16,0.004329629095107519,0.004185308125270602,0.15615528936354453,0.14201183431952663,0.0002886419396738346,0.022225429354885265,4
6930.0,22338,23885,30,29,1547,1082,984,138,2,16,0.004329004329004329,0.004184704184704185,0.15613275613275612,0.141991341991342,0.0002886002886002886,0.022222222222222223,4
6931.0,22341,23885,30,29,1544,1083,984,138,2,16,0.004328379743182802,0.0041841004184100415,0.15625450872889915,0.1419708555763959,0.00028855864954552014,0.02221901601500505,4
6932.0,22344,23893,30,29,1549,1083,984,138,2,16,0.004327755337564916,0.004183496826312753,0.1562319676860935,0.14195037507212926,0.00028851702250432774,0.022215810732833238,4
6933.0,22347,23893,30,29,1546,1084,984,138,2,16,0.004327131112072695,0.004182893408336939,0.15635367084956006,0.14192990047598442,0.0002884754074715131,0.022212606375306504,4
6934.0,22350,23901,30,29,1551,1084,985,138,2,16,0.004326507066628208,0.004182290164407268,0.15633112200749927,0.14205364868762618,0.00028843380444188056,0.022209402942024805,4
6935.0,22353,23904,30,29,1551,1084,986,138,2,16,0.004325883201153569,0.00418168709444845,0.15630857966834896,0.1421773612112473,0.00028839221341023794,0.02220620043258832,4
6936.0,22356,23907,30,29,1551,1084,986,138,2,16,0.004325259515570935,0.004181084198385236,0.15628604382929642,0.14215686274509803,0.0002883506343713956,0.022202998846597464,4
6937.0,22359,23907,30,29,1548,1084,987,138,2,16,0.004324636009802508,0.004180481476142425,0.15626351448753062,0.14228052472250252,0.00028830906732016723,0.022199798183652877,4
6938.0,22362,23910,30,29,1548,1085,987,138,2,16,0.004324012683770539,0.004179878927644855,0.15638512539636784,0.14226001729605073,0.0002882675122513693,0.022196598443355434,4
6939.0,22365,23918,30,29,1553,1085,987,138,2,16,0.00432338953739732,0.004179276552817409,0.15636258826920305,0.1422395157803718,0.0002882259691598213,0.02219339962530624,4
6940.0,22368,23918,30,29,1550,1085,987,139,2,16,0.004322766570605188,0.004178674351585014,0.1563400576368876,0.14221902017291066,0.00028818443804034583,0.0223342939481268,4
6941.0,22371,23920,30,29,1549,1085,987,139,2,16,0.004322143783316525,0.004178072323872641,0.1563175334966143,0.14219853047111367,0.00028814291888776836,0.022331076213802047,4
6942.0,22374,23920,30,29,1546,1085,988,139,2,16,0.00432152117545376,0.004177470469605301,0.15629501584557765,0.14232209737827714,0.0002881014116969173,0.02232785940651109,4
6943.0,22377,23923,30,29,1546,1085,988,139,2,16,0.004320898746939364,0.004176868788708051,0.15627250468097365,0.14230159873253637,0.00028805991646262423,0.022324643525853376,4
6944.0,22380,23923,30,29,1543,1085,989,139,2,16,0.004320276497695853,0.004176267281105991,0.15625,0.14242511520737328,0.0002880184331797235,0.022321428571428572,4
6945.0,22383,23926,30,29,1543,1085,989,139,2,16,0.004319654427645789,0.004175665946724262,0.156227501799856,0.14240460763138948,0.00028797696184305253,0.022318214542836574,4
6946.0,22386,23926,30,29,1540,1085,990,139,2,16,0.004319032536711776,0.0041750647854880505,0.1562050100777426,0.14252807371148862,0.00028793550244745177,0.02231500143967751,4
6947.0,22389,23929,30,29,1540,1086,990,139,2,16,0.004318410824816468,0.004174463797322585,0.15632647185835613,0.14250755721894343,0.0002878940549877645,0.022311789261551748,4
6948.0,22392,23937,30,29,1545,1086,991,139,2,16,0.004317789291882556,0.004173862982153138,0.15630397236614854,0.14263097294185378,0.0002878526194588371,0.022308578008059875,4
6949.0,22395,23940,30,29,1545,1087,991,139,2,16,0.004317167937832781,0.004173262339905022,0.15642538494747446,0.14261044754640956,0.0002878111958555188,0.022305367678802705,4
6950.0,22398,23948,30,29,1550,1088,991,139,2,16,0.004316546762589928,0.004172661870503597,0.15654676258992806,0.14258992805755397,0.00028776978417266187,0.022302158273381296,4
6951.0,22401,23956,30,29,1555,1088,991,139,2,16,0.0043159257660768235,0.004172061573874263,0.15652424111638613,0.14256941447273774,0.00028772838440512156,0.022298949791396922,4
6952.0,22404,23956,30,29,1552,1089,991,139,2,16,0.00431530494821634,0.004171461449942462,0.15664556962025317,0.14254890678941312,0.00028768699654775604,0.022295742232451093,4
6953.0,22407,23964,30,29,1557,1089,991,139,2,16,0.004314684308931396,0.0041708614986336835,0.15662304041420969,0.1425284050050338,0.00028764562059542645,0.02229253559614555,4
6954.0,22410,23964,30,29,1554,1089,992,139,2,16,0.004314063848144953,0.004170261719873454,0.15660051768766178,0.14265171124532644,0.0002876042565429968,0.022289329882082255,4
6955.0,22413,23967,30,29,1554,1089,992,139,2,16,0.004313443565780014,0.004169662113587347,0.15657800143781453,0.14263120057512582,0.0002875629043853343,0.02228612508986341,4
6956.0,22416,23967,30,29,1551,1089,992,139,2,16,0.004312823461759632,0.004169062679700977,0.15655549166187463,0.14261069580218516,0.0002875215641173088,0.022282921219091433,4
6957.0,22419,23967,30,29,1548,1089,992,139,2,16,0.004312203536006899,0.0041684634181400025,0.15653298835705046,0.14259019692396147,0.0002874802357337933,0.022279718269368982,4
6958.0,22422,23967,30,29,1545,1089,992,139,2,16,0.004311583788444955,0.004167864328830124,0.15651049152055188,0.14256970393791318,0.0002874389192296637,0.022276516240298937,4
6959.0,22425,23967,30,29,1542,1089,993,139,2,16,0.0043109642189969825,0.0041672654116970825,0.15648800114959047,0.14269291564880013,0.00028739761459979884,0.02227331513148441,4
6960.0,22428,23970,30,29,1542,1089,993,140,2,16,0.004310344827586207,0.004166666666666667,0.1564655172413793,0.14267241379310344,0.00028735632183908046,0.022413793103448276,4
6961.0,22431,23972,30,29,1541,1089,993,140,2,16,0.0043097256141359,0.004166068093664703,0.15644303979313318,0.1426519178278983,0.0002873150409423933,0.02241057319350668,4
6962.0,22434,23972,30,29,1538,1089,994,140,2,16,0.0043091065785693765,0.004165469692617064,0.15642056880206837,0.14277506463659867,0.0002872737719046251,0.02240735420856076,4
6963.0,22437,23975,30,29,1538,1089,994,140,2,16,0.004308487720809996,0.004164871463449663,0.15639810426540285,0.1427545598161712,0.0002872325147206664,0.02240413614821198,4
6964.0,22440,23975,30,29,1535,1089,994,140,2,16,0.00430786904078116,0.004164273406088455,0.15637564618035613,0.1427340608845491,0.0002871912693854107,0.022400919012062034,4
6965.0,22443,23975,30,29,1532,1089,994,140,2,16,0.004307250538406317,0.00416367552045944,0.1563531945441493,0.14271356783919598,0.0002871500358937545,0.02239770279971285,4
6966.0,22446,23975,30,29,1529,1089,994,140,2,16,0.004306632213608958,0.004163077806488659,0.15633074935400518,0.1426930806775768,0.0002871088142405972,0.02239448751076658,4
6967.0,22449,23975,30,29,1526,1089,994,140,2,16,0.004306014066312616,0.004162480264102196,0.15630831060714798,0.14267259939715804,0.00028706760442084113,0.022391273144825606,4
6968.0,22452,23975,30,29,1523,1089,995,140,2,16,0.004305396096440872,0.004161882893226177,0.15628587830080368,0.14279563719862226,0.0002870264064293915,0.022388059701492536,4
6969.0,22455,23978,30,29,1523,1089,995,140,2,16,0.004304778303917348,0.00416128569378677,0.15626345243219975,0.1427751470799254,0.00028698522026115655,0.02238484718037021,4
6970.0,22458,23978,30,29,1520,1089,996,140,2,16,0.00430416068866571,0.004160688665710187,0.1562410329985653,0.14289813486370156,0.00028694404591104734,0.022381635581061692,4
6971.0,22461,23981,30,29,1520,1089,996,140,2,16,0.004303543250609668,0.00416009180892268,0.15621861999713096,0.142877635920241,0.00028690288337397793,0.022378424903170276,4
6972.0,22464,23981,30,29,1517,1090,996,140,2,16,0.004302925989672977,0.004159495123350545,0.15633964429145153,0.14285714285714285,0.00028686173264486515,0.022375215146299483,4
6973.0,22467,23989,30,29,1522,1090,996,140,2,16,0.004302308905779435,0.00415889860892012,0.15631722357665281,0.14283665567187723,0.000286820593718629,0.022372006310053063,4
6974.0,22470,23989,30,29,1519,1090,996,140,2,16,0.004301691998852882,0.004158302265557786,0.1562948092916547,0.14281617436191568,0.00028677946659019213,0.022368798394034987,4
6975.0,22473,23989,30,29,1516,1090,996,140,2,16,0.004301075268817204,0.004157706093189964,0.15627240143369175,0.14279569892473118,0.0002867383512544803,0.022365591397849462,4
6976.0,22476,23989,30,29,1513,1090,996,140,2,16,0.0043004587155963305,0.0041571100917431195,0.15625,0.14277522935779816,0.00028669724770642203,0.02236238532110092,4
6977.0,22479,23989,30,29,1510,1091,996,140,2,16,0.004299842339114232,0.004156514261143758,0.1563709330657876,0.14275476565859252,0.00028665615594094884,0.02235918016339401,4
6978.0,22482,23997,30,29,1515,1091,996,140,2,16,0.004299226139294927,0.00415591860131843,0.15634852393235885,0.14273430782459157,0.00028661507595299513,0.02235597592433362,4
6979.0,22485,23997,30,29,1512,1092,996,140,2,16,0.0042986101160624735,0.004155323112193724,0.15646940822467403,0.14271385585327412,0.0002865740077374982,0.022352772603524862,4
6980.0,22488,24005,30,29,1517,1092,996,140,2,16,0.004297994269340974,0.004154727793696275,0.15644699140401147,0.14269340974212033,0.00028653295128939826,0.022349570200573064,4
6981.0,22491,24005,30,29,1514,1092,996,140,2,16,0.004297378599054577,0.004154132645752757,0.1564245810055866,0.14267296948861194,0.00028649190660363845,0.0223463687150838,4
6982.0,22494,24005,30,29,1511,1092,996,140,2,16,0.00429676310512747,0.004153537668289888,0.15640217702663994,0.142652535090232,0.0002864508736751647,0.02234316814666285,4
6983.0,22497,24005,30,29,1508,1092,996,140,2,16,0.004296147787483889,0.004152942861234426,0.1563797794644136,0.14263210654446512,0.00028640985249892595,0.022339968494916224,4
6984.0,22500,24005,30,29,1505,1092,996,140,2,16,0.00429553264604811,0.004152348224513173,0.1563573883161512,0.14261168384879724,0.000286368843069874,0.022336769759450172,4
6985.0,22503,24005,30,29,1502,1092,996,140,2,16,0.004294917680744453,0.0041517537580529704,0.15633500357909808,0.1425912670007158,0.0002863278453829635,0.022333571939871153,4
6986.0,22506,24005,30,29,1499,1092,996,140,2,16,0.00429430289149728,0.004151159461780705,0.156312625250501,0.14257085599770972,0.000286286859433152,0.022330375035785856,4
6987.0,22509,24005,30,29,1496,1092,996,140,2,16,0.004293688278231,0.0041505653356233,0.1562902533276084,0.14255045083726922,0.0002862458852154,0.0223271790468012,4
6988.0,22512,24005,30,29,1493,1092,996,140,2,16,0.004293073840870063,0.004149971379507728,0.15626788780767029,0.14253005151688608,0.00028620492272467084,0.022323983972524327,4
6989.0,22515,24005,30,29,1490,1092,996,140,2,16,0.0042924595793389616,0.004149377593360996,0.1562455286879382,0.14250965803405352,0.00028616397195593076,0.022320789812562598,4
6990.0,22518,24005,30,29,1487,1093,996,140,2,16,0.004291845493562232,0.004148783977110157,0.1563662374821173,0.1424892703862661,0.0002861230329041488,0.022317596566523604,4
6991.0,22521,24013,30,29,1492,1093,996,140,2,16,0.004291231583464454,0.004148190530682306,0.1563438706908883,0.14246888857101989,0.00028608210556429694,0.02231440423401516,4
6992.0,22524,24013,30,29,1489,1093,996,140,2,16,0.004290617848970252,0.004147597254004576,0.15632151029748284,0.14244851258581237,0.0002860411899313501,0.02231121281464531,4
6993.0,22527,24013,30,29,1486,1093,996,140,2,16,0.00429000429000429,0.004147004147004147,0.1562991562991563,0.14242814242814242,0.000286000286000286,0.02230802230802231,4
6994.0,22530,24013,30,29,1483,1093,997,140,2,16,0.0042893909064912784,0.004146411209608235,0.15627680869316557,0.14255075779239348,0.00028595939376608524,0.022304832713754646,4
6995.0,22533,24016,30,29,1483,1093,998,140,2,16,0.004288777698355968,0.004145818441744103,0.15625446747676913,0.14267333809864188,0.0002859185132237312,0.022301644031451035,4
6996.0,22536,24019,30,29,1483,1094,998,140,2,16,0.004288164665523156,0.004145225843339051,0.1563750714694111,0.14265294453973698,0.0002858776443682104,0.022298456260720412,4
6997.0,22539,24027,30,29,1488,1094,998,140,2,16,0.004287551807917679,0.0041446334143204235,0.15635272259539804,0.14263255681006146,0.0002858367871945119,0.022295269401171932,4
6998.0,22542,24027,30,29,1485,1094,998,140,2,16,0.004286939125464418,0.004144041154615604,0.15633038010860245,0.1426121749071163,0.0002857959416976279,0.022292083452414974,4
6999.0,22545,24027,30,29,1482,1094,999,140,2,16,0.0042863266180882984,0.004143449064152022,0.15630804400628662,0.14273467638234033,0.00028575510787255323,0.022288898414059153,4
7000.0,22548,24030,30,29,1482,1094,999,140,2,16,0.004285714285714286,0.004142857142857143,0.15628571428571428,0.1427142857142857,0.00028571428571428574,0.022285714285714287,4
7001.0,22551,24030,30,29,1479,1095,999,140,2,16,0.0042851021282673905,0.004142265390658477,0.15640622768175974,0.1426939008713041,0.00028567347521782604,0.02228253106699043,4
7002.0,22554,24038,30,29,1484,1095,1000,140,2,16,0.004284490145672665,0.004141673807483576,0.15638389031705227,0.14281633818908884,0.00028563267637817766,0.022279348757497857,4
7003.0,22557,24041,30,29,1484,1096,1000,140,2,16,0.004283878337855205,0.004141082393260031,0.15650435527631015,0.1427959445951735,0.000285591889190347,0.022276167356847065,4
7004.0,22560,24049,30,29,1489,1096,1000,140,2,16,0.004283266704740148,0.004140491147915477,0.1564820102798401,0.1427755568246716,0.00028555111364934324,0.02227298686464877,4
7005.0,22563,24049,30,29,1486,1097,1000,140,2,16,0.004282655246252677,0.004139900071377587,0.15660242683797287,0.14275517487508924,0.00028551034975017847,0.02226980728051392,4
7006.0,22566,24057,30,29,1491,1097,1000,140,2,16,0.004282043962318013,0.0041393091635740795,0.15658007422209536,0.14273479874393377,0.00028546959748786756,0.02226662860405367,4
7007.0,22569,24057,30,29,1488,1097,1000,140,2,16,0.004281432852861425,0.00413871842443271,0.1565577279862994,0.14271442842871415,0.0002854288568574283,0.022263450834879406,4
7008.0,22572,24057,30,29,1485,1097,1001,140,2,16,0.004280821917808219,0.004138127853881278,0.1565353881278539,0.1428367579908676,0.00028538812785388126,0.02226027397260274,4
7009.0,22575,24060,30,29,1485,1097,1001,140,2,16,0.0042802111570837496,0.004137537451847625,0.1565130546440291,0.1428163789413611,0.00028534741047224997,0.022257098016835498,4
7010.0,22578,24060,30,29,1482,1097,1001,140,2,16,0.0042796005706134095,0.004136947218259629,0.156490727532097,0.1427960057061341,0.0002853067047075606,0.02225392296718973,4
7011.0,22581,24060,30,29,1479,1098,1001,140,2,16,0.004278990158322636,0.004136357153045215,0.15661103979460847,0.14277563828269862,0.0002852660105548424,0.022250748823277707,4
7012.0,22584,24068,30,29,1484,1098,1001,140,2,16,0.004278379920136908,0.004135767256132345,0.15658870507701084,0.14275527666856816,0.0002852253280091272,0.022247575584711923,4
7013.0,22587,24068,30,29,1481,1098,1002,140,2,16,0.004277769855981748,0.004135177527449023,0.15656637672893198,0.1428775131897904,0.00028518465706544986,0.02224440325110509,4
7014.0,22590,24071,30,29,1481,1098,1002,141,2,16,0.00427715996578272,0.004134587966923296,0.15654405474764757,0.14285714285714285,0.00028514399771884804,0.022383803820929568,4
7015.0,22593,24073,30,29,1480,1098,1002,141,2,16,0.0042765502494654314,0.00413399857448325,0.1565217391304348,0.1428367783321454,0.0002851033499643621,0.022380612972202424,4
7016.0,22596,24073,30,29,1477,1098,1002,141,2,16,0.00427594070695553,0.004133409350057012,0.1564994298745724,0.1428164196123147,0.00028506271379703536,0.022377423033067275,4
7017.0,22599,24073,30,29,1474,1098,1002,141,2,16,0.004275331338178709,0.004132820293572752,0.15647712697734073,0.14279606669516887,0.0002850220892119139,0.022374234003135242,4
7018.0,22602,24073,30,29,1471,1098,1002,141,2,16,0.004274722143060701,0.004132231404958678,0.15645483043602165,0.1427757195782274,0.00028498147620404675,0.02237104588201767,4
7019.0,22605,24073,30,29,1468,1098,1002,141,2,16,0.004274113121527283,0.0041316426841430404,0.15643254024789857,0.14275537825901125,0.00028494087476848553,0.022367858669326116,4
7020.0,22608,24073,30,29,1465,1098,1002,141,2,16,0.004273504273504274,0.004131054131054131,0.1564102564102564,0.14273504273504273,0.0002849002849002849,0.022364672364672364,4
7021.0,22611,24073,30,29,1462,1099,1002,141,2,16,0.004272895598917533,0.004130465745620282,0.15653040877367896,0.1427147130038456,0.0002848597065945022,0.022361486967668424,4
7022.0,22614,24081,30,29,1467,1100,1002,141,2,16,0.004272287097692965,0.0041298775277698666,0.1566505269154087,0.14269438906294504,0.0002848191398461977,0.022358302477926518,4
7023.0,22617,24089,30,29,1472,1100,1002,141,2,16,0.004271678769756515,0.004129289477431297,0.15662822155773887,0.14267407090986758,0.0002847785846504343,0.022355118895059093,4
7024.0,22620,24089,30,29,1469,1100,1002,141,2,16,0.004271070615034169,0.00412870159453303,0.15660592255125286,0.14265375854214124,0.0002847380410022779,0.022351936218678814,4
7025.0,22623,24089,30,29,1466,1100,1002,141,2,16,0.004270462633451958,0.004128113879003558,0.15658362989323843,0.14263345195729538,0.00028469750889679714,0.022348754448398577,4
7026.0,22626,24089,30,29,1463,1100,1002,141,2,16,0.004269854824935952,0.00412752633077142,0.15656134358098492,0.1426131511528608,0.0002846569883290635,0.022345573583831484,4
7027.0,22629,24089,30,29,1460,1100,1002,141,2,16,0.004269247189412267,0.004126938949765191,0.15653906361178313,0.1425928561263697,0.00028461647929415115,0.022342393624590864,4
7028.0,22632,24089,30,29,1457,1100,1002,141,2,16,0.0042686397268070575,0.004126351735913489,0.15651678998292545,0.14257256687535572,0.0002845759817871372,0.022339214570290266,4
7029.0,22635,24089,30,29,1454,1100,1002,141,2,16,0.004268032437046522,0.004125764689144971,0.1564945226917058,0.14255228339735382,0.0002845354958031014,0.02233603642054346,4
7030.0,22638,24089,30,29,1451,1100,1002,141,2,16,0.004267425320056899,0.004125177809388336,0.15647226173541964,0.14253200568990043,0.0002844950213371266,0.02233285917496444,4
7031.0,22641,24089,30,29,1448,1101,1002,141,2,16,0.004266818375764472,0.0041245910965723226,0.1565922343905561,0.14251173375053336,0.0002844545583842981,0.022329682833167403,4
7032.0,22644,24097,30,29,1453,1101,1002,141,2,16,0.004266211604095563,0.004124004550625711,0.15656996587030717,0.14249146757679182,0.0002844141069397042,0.02232650739476678,4
7033.0,22647,24097,30,29,1450,1102,1002,141,2,16,0.00426560500497654,0.004123418171477321,0.1566898905161382,0.14247120716621642,0.00028437366699843596,0.02232333285937722,4
7034.0,22650,24105,30,29,1455,1102,1002,141,2,16,0.004264998578333807,0.004122831959056014,0.15666761444412852,0.14245095251634915,0.0002843332385555871,0.02232015922661359,4
7035.0,22653,24105,30,29,1452,1102,1002,141,2,16,0.0042643923240938165,0.00412224591329069,0.1566453447050462,0.14243070362473348,0.00028429282160625445,0.022316986496090974,4
7036.0,22656,24105,30,29,1449,1102,1002,141,2,16,0.004263786242183059,0.00412166003411029,0.156623081296191,0.14241046048891415,0.0002842524161455372,0.022313814667424672,4
7037.0,22659,24105,30,29,1446,1102,1002,141,2,16,0.004263180332528066,0.004121074321443797,0.1566008242148643,0.1423902231064374,0.0002842120221685377,0.022310643740230212,4
7038.0,22662,24105,30,29,1443,1102,1003,141,2,16,0.004262574595055414,0.004120488775220233,0.15657857345836884,0.14251207729468598,0.0002841716396703609,0.02230747371412333,4
7039.0,22665,24108,30,29,1443,1102,1003,141,2,16,0.004261969029691718,0.00411990339536866,0.1565563290240091,0.14249183122602643,0.0002841312686461145,0.02230430458871999,4
7040.0,22668,24108,30,29,1440,1102,1003,141,2,16,0.004261363636363636,0.0041193181818181815,0.1565340909090909,0.14247159090909092,0.0002840909090909091,0.022301136363636363,4
7041.0,22671,24108,30,29,1437,1103,1003,141,2,16,0.004260758414997869,0.004118733134497941,0.15665388439142167,0.14245135634142878,0.000284050560999858,0.022297969038488852,4
7042.0,22674,24116,30,29,1442,1103,1003,141,2,16,0.0042601533655211585,0.00411814825333712,0.1566316387389946,0.14243112752059073,0.00028401022436807724,0.022294802612894064,4
7043.0,22677,24116,30,29,1439,1103,1004,141,2,16,0.004259548487860287,0.004117563538264944,0.15660939940366322,0.14255288939372426,0.0002839698991906858,0.022291637086468835,4
7044.0,22680,24119,30,29,1439,1103,1004,142,2,16,0.004258943781942078,0.0041169789892106755,0.1565871663827371,0.14253265190232822,0.00028392958546280523,0.022430437251561613,4
7045.0,22683,24121,30,29,1438,1103,1004,142,2,16,0.0042583392476933995,0.004116394606103619,0.15656493967352733,0.1425124201561391,0.00028388928317956,0.022427253371185236,4
7046.0,22686,24121,30,29,1435,1104,1004,142,2,16,0.004257734885041158,0.00411581038887312,0.15668464376951463,0.14249219415271075,0.0002838489923360772,0.022424070394550098,4
7047.0,22689,24129,30,29,1440,1104,1004,142,2,16,0.004257130693912303,0.00411522633744856,0.15666240953597274,0.14247197388959842,0.0002838087129274869,0.022420888321271464,4
7048.0,22692,24129,30,29,1437,1104,1005,142,2,16,0.004256526674233825,0.004114642451759364,0.15664018161180476,0.14259364358683316,0.00028376844494892167,0.022417707150964812,4
7049.0,22695,24132,30,29,1437,1104,1005,142,2,16,0.004255922825932757,0.0041140587317349975,0.15661795999432543,0.14257341466874734,0.0002837281883955171,0.022414526883245852,4
7050.0,22698,24132,30,29,1434,1104,1005,142,2,16,0.00425531914893617,0.004113475177304964,0.15659574468085105,0.1425531914893617,0.00028368794326241134,0.022411347517730495,4
7051.0,22701,24132,30,29,1431,1104,1005,142,2,16,0.004254715643171181,0.0041128917883988085,0.15657353566869947,0.14253297404623458,0.00028364770954474543,0.02240816905403489,4
7052.0,22704,24132,30,29,1428,1104,1005,142,2,16,0.004254112308564946,0.0041123085649461145,0.15655133295519003,0.1425127623369257,0.0002836074872376631,0.022404991491775383,4
7053.0,22707,24132,30,29,1425,1105,1005,142,2,16,0.004253509145044662,0.004111725506876506,0.15667092017581172,0.14249255635899616,0.0002835672763363108,0.022401814830568554,4
7054.0,22710,24140,30,29,1430,1105,1005,142,2,16,0.0042529061525375675,0.004111142614119648,0.15664870995180039,0.1424723561100085,0.0002835270768358378,0.022398639070031187,4
7055.0,22713,24140,30,29,1427,1105,1005,142,2,16,0.004252303330970942,0.004110559886605245,0.1566265060240964,0.14245216158752658,0.00028348688873139615,0.022395464209780298,4
7056.0,22716,24140,30,29,1424,1105,1005,142,2,16,0.004251700680272109,0.004109977324263038,0.15660430839002268,0.14243197278911565,0.0002834467120181406,0.02239229024943311,4
7057.0,22719,24140,30,29,1421,1105,1005,142,2,16,0.0042510982003684285,0.004109394927022814,0.15658211704690378,0.14241178971234236,0.00028340654669122857,0.022389117188607057,4
7058.0,22722,24140,30,29,1418,1106,1005,142,2,16,0.004250495891187305,0.004108812694814395,0.15670161518843864,0.1423916123547747,0.00028336639274582036,0.022385945026919808,4
7059.0,22725,24148,30,29,1423,1107,1005,142,2,16,0.004249893752656183,0.004108230627567644,0.1568210794730132,0.14237144071398214,0.0002833262501770789,0.022382773763989235,4
7060.0,22728,24156,30,29,1428,1107,1005,142,2,16,0.00424929178470255,0.004107648725212465,0.15679886685552408,0.1423512747875354,0.00028328611898016995,0.02237960339943343,4
7061.0,22731,24156,30,29,1425,1107,1005,142,2,16,0.0042486899872539305,0.004107066987678799,0.15677666052967001,0.14233111457300665,0.000283245999150262,0.0223764339328707,4
7062.0,22734,24156,30,29,1422,1107,1005,142,2,16,0.004248088360237893,0.00410648541489663,0.15675446049277825,0.14231096006796942,0.0002832058906825262,0.022373265363919568,4
7063.0,22737,24156,30,29,1419,1107,1005,142,2,16,0.004247486903582048,0.004105904006795979,0.15673226674217755,0.1422908112699986,0.0002831657935721365,0.022370097692198783,4
7064.0,22740,24156,30,29,1416,1107,1005,142,2,16,0.004246885617214043,0.004105322763306908,0.1567100792751982,0.14227066817667045,0.00028312570781426955,0.022366930917327294,4
7065.0,22743,24156,30,29,1413,1107,1005,142,2,16,0.004246284501061571,0.004104741684359519,0.15668789808917197,0.14225053078556263,0.00028308563340410475,0.022363765038924274,4
7066.0,22746,24156,30,29,1410,1107,1006,142,2,16,0.0042456835550523635,0.004104160769883952,0.1566657231814322,0.14237192187942257,0.0002830455703368242,0.022360600056609115,4
7067.0,22749,24159,30,29,1410,1107,1006,142,2,16,0.004245082779114193,0.004103580019810386,0.15664355454931372,0.14235177585962927,0.0002830055186076129,0.022357435970001414,4
7068.0,22752,24159,30,29,1407,1107,1006,142,2,16,0.004244482173174873,0.004102999434069043,0.1566213921901528,0.14233163554046407,0.0002829654782116582,0.022354272778720995,4
7069.0,22755,24159,30,29,1404,1108,1006,142,2,16,0.004243881737162258,0.004102419012590183,0.1567406988258594,0.1423115009195077,0.00028292544914415053,0.02235111048238789,4
7070.0,22758,24167,30,29,1409,1109,1006,142,2,16,0.004243281471004243,0.004101838755304102,0.15685997171145685,0.1422913719943423,0.0002828854314002829,0.022347949080622348,4
7071.0,22761,24175,30,29,1414,1110,1006,142,2,16,0.004242681374628765,0.00410125866214114,0.15697921086126432,0.14227124876255126,0.000282845424975251,0.02234478857304483,4
7072.0,22764,24183,30,29,1419,1110,1006,143,2,16,0.004242081447963801,0.004100678733031674,0.15695701357466063,0.14225113122171945,0.0002828054298642534,0.022483031674208145,4
7073.0,22767,24185,30,29,1418,1111,1006,143,2,16,0.004241481690937367,0.0041000989679061215,0.15707620528771385,0.14223101936943305,0.0002827654460624912,0.02247985296196805,4
7074.0,22770,24193,30,29,1423,1111,1007,143,2,16,0.004240882103477523,0.004099519366694939,0.15705400056545094,0.1423522759400622,0.0002827254735651682,0.022476675148430873,4
7075.0,22773,24196,30,29,1423,1111,1007,143,2,16,0.004240282685512367,0.004098939929328622,0.15703180212014134,0.1423321554770318,0.0002826855123674912,0.02247349823321555,4
7076.0,22776,24196,30,29,1420,1111,1007,143,2,16,0.004239683436970039,0.004098360655737705,0.1570096099491238,0.14231204070096098,0.0002826455624646693,0.02247032221594121,4
7077.0,22779,24196,30,29,1417,1111,1007,143,2,16,0.00423908435777872,0.004097781545852762,0.1569874240497386,0.14229193160943904,0.00028260562385191464,0.022467147096227214,4
7078.0,22782,24196,30,29,1414,1111,1007,143,2,16,0.004238485447866629,0.004097202599604408,0.1569652444193275,0.14227182820005652,0.00028256569652444194,0.022463972873693134,4
7079.0,22785,24196,30,29,1411,1111,1007,143,2,16,0.004237886707162028,0.004096623816923294,0.15694307105523378,0.14225173047040543,0.00028252578047746857,0.02246079954795875,4
7080.0,22788,24196,30,29,1408,1111,1007,143,2,16,0.00423728813559322,0.004096045197740113,0.15692090395480227,0.1422316384180791,0.0002824858757062147,0.022457627118644068,4
7081.0,22791,24196,30,29,1405,1111,1008,143,2,16,0.0042366897330885465,0.004095466741985595,0.15689874311537919,0.14235277503177518,0.00028244598220590313,0.0224544555853693,4
7082.0,22794,24199,30,29,1405,1111,1008,143,2,16,0.004236091499576391,0.004094888449590511,0.15687658853431233,0.14233267438576674,0.0002824060999717594,0.022451284947754873,4
7083.0,22797,24199,30,29,1402,1111,1008,143,2,16,0.004235493434985175,0.0040943103204856696,0.156854440208951,0.1423125794155019,0.00028236622899901174,0.02244811520542143,4
7084.0,22800,24199,30,29,1399,1112,1008,143,2,16,0.004234895539243365,0.00409373235460192,0.15697346132128742,0.1422924901185771,0.000282326369282891,0.022444946357989836,4
7085.0,22803,24207,30,29,1404,1113,1008,143,2,16,0.004234297812279464,0.004093154551870148,0.1570924488355681,0.14227240649259,0.0002822865208186309,0.02244177840508116,4
7086.0,22806,24215,30,29,1409,1113,1008,143,2,16,0.004233700254022015,0.004092576912221282,0.15707027942421675,0.14225232853513972,0.0002822466836014677,0.02243861134631668,4
7087.0,22809,24215,30,29,1406,1114,1008,143,2,16,0.004233102864399605,0.004091999435586285,0.15718921969803867,0.14223225624382674,0.00028220685762664035,0.022435445181317907,4
7088.0,22812,24223,30,29,1411,1114,1008,143,2,16,0.004232505643340858,0.004091422121896162,0.1571670428893905,0.14221218961625282,0.0002821670428893905,0.022432279909706546,4
7089.0,22815,24223,30,29,1408,1114,1009,143,2,16,0.004231908590774439,0.004090844971081958,0.1571448723374242,0.14233319226971364,0.0002821272393849626,0.022429115531104528,4
7090.0,22818,24226,30,29,1408,1114,1009,143,2,16,0.004231311706629055,0.004090267983074753,0.15712270803949224,0.14231311706629055,0.00028208744710860365,0.022425952045133993,4
7091.0,22821,24226,30,29,1405,1114,1009,143,2,16,0.004230714990833451,0.004089691157805669,0.1571005499929488,0.14229304752503172,0.0002820476660555634,0.02242278945141729,4
7092.0,22824,24226,30,29,1402,1115,1009,143,2,16,0.004230118443316413,0.0040891144952058655,0.15721940214326002,0.14227298364354202,0.0002820078962210942,0.02241962774957699,4
7093.0,22827,24234,30,29,1407,1115,1009,143,2,16,0.004229522064006767,0.004088537995206542,0.15719723671225153,0.1422529254194276,0.00028196813760045117,0.022416466939235866,4
7094.0,22830,24234,30,29,1404,1115,1009,143,2,16,0.00422892585283338,0.004087961657738935,0.1571750775303073,0.14223287285029604,0.000281928390188892,0.022413307020016916,4
7095.0,22833,24234,30,29,1401,1115,1009,143,2,16,0.004228329809725159,0.00408738548273432,0.15715292459478505,0.14221282593375617,0.00028188865398167724,0.02241014799154334,4
7096.0,22836,24234,30,29,1398,1115,1009,143,2,16,0.004227733934611048,0.004086809470124014,0.15713077790304397,0.14219278466741828,0.0002818489289740699,0.022406989853438558,4
7097.0,22839,24234,30,29,1395,1116,1009,143,2,16,0.004227138227420037,0.004086233619839369,0.15724954206002537,0.1421727490488939,0.0002818092151613358,0.022403832605326194,4
7098.0,22842,24242,30,29,1400,1116,1009,143,2,16,0.00422654268808115,0.004085657931811778,0.15722738799661876,0.142152719075796,0.0002817695125387433,0.022400676246830092,4
7099.0,22845,24242,30,29,1397,1116,1009,143,2,16,0.004225947316523454,0.0040850824059726724,0.1572052401746725,0.14213269474573884,0.0002817298211015636,0.022397520777574308,4
7100.0,22848,24242,30,29,1394,1116,1009,143,2,16,0.004225352112676056,0.004084507042253521,0.1571830985915493,0.14211267605633804,0.00028169014084507044,0.0223943661971831,4
7101.0,22851,24242,30,29,1391,1116,1009,143,2,16,0.004224757076468103,0.0040839318405858326,0.15716096324461343,0.14209266300521053,0.0002816504717645402,0.022391212505280946,4
7102.0,22854,24242,30,29,1388,1116,1009,143,2,16,0.00422416220782878,0.004083356800901154,0.15713883413123064,0.14207265558997464,0.000281610813855252,0.022388059701492536,4
7103.0,22857,24242,30,29,1385,1116,1009,143,2,16,0.0042235675066873155,0.004082781923131071,0.15711671124876814,0.14205265380825002,0.0002815711671124877,0.022384907785442772,4
7104.0,22860,24242,30,29,1382,1116,1009,143,2,16,0.004222972972972973,0.004082207207207207,0.1570945945945946,0.14203265765765766,0.00028153153153153153,0.022381756756756757,4
7105.0,22863,24242,30,29,1379,1116,1009,143,2,16,0.00422237860661506,0.004081632653061225,0.15707248416608022,0.14201266713581984,0.00028149190710767064,0.022378606615059818,4
7106.0,22866,24242,30,29,1376,1116,1009,143,2,16,0.004221784407542921,0.004081058260624824,0.15705037996059668,0.14199268224036027,0.00028145229383619476,0.022375457359977483,4
7107.0,22869,24242,30,29,1373,1116,1009,143,2,16,0.004221190375685944,0.004080484029829745,0.1570282819755171,0.1419727029689039,0.0002814126917123962,0.0223723089911355,4
7108.0,22872,24242,30,29,1370,1116,1010,143,2,16,0.004220596510973551,0.004079909960607766,0.1570061902082161,0.14209341586944288,0.0002813731007315701,0.02236916150815982,4
7109.0,22875,24245,30,29,1370,1116,1010,143,2,16,0.004220002813335209,0.004079336052890702,0.15698410465606977,0.14207342804895204,0.0002813335208890139,0.022366014910676607,4
7110.0,22878,24245,30,29,1367,1116,1010,143,2,16,0.004219409282700422,0.004078762306610408,0.1569620253164557,0.1420534458509142,0.00028129395218002813,0.022362869198312235,4
7111.0,22881,24245,30,29,1364,1116,1010,143,2,16,0.004218815918998735,0.004078188721698776,0.1569399521867529,0.1420334692729574,0.0002812543945999156,0.022359724370693293,4
7112.0,22884,24245,30,29,1361,1117,1010,143,2,16,0.00421822272215973,0.004077615298087739,0.15705849268841396,0.1420134983127109,0.00028121484814398203,0.02235658042744657,4
7113.0,22887,24253,30,29,1366,1117,1010,143,2,16,0.004217629692113032,0.004077042035709265,0.15703641220300857,0.14199353296780542,0.0002811753128075355,0.022353437368199072,4
7114.0,22890,24253,30,29,1363,1117,1010,143,2,16,0.004217036828788305,0.004076468934495361,0.15701433792521788,0.14197357323587292,0.000281135788585887,0.022350295192578015,4
7115.0,22893,24253,30,29,1360,1117,1010,143,2,16,0.004216444132115249,0.004075895994378074,0.15699226985242445,0.14195361911454674,0.00028109627547435,0.02234715390021082,4
7116.0,22896,24253,30,29,1357,1117,1010,143,2,16,0.0042158516020236085,0.004075323215289488,0.15697020798201236,0.1419336706014615,0.0002810567734682406,0.022344013490725127,4
7117.0,22899,24253,30,29,1354,1117,1010,143,2,16,0.004215259238443164,0.004074750597161726,0.15694815231136716,0.1419137276942532,0.0002810172825628776,0.02234087396374877,4
7118.0,22902,24253,30,29,1351,1118,1010,143,2,16,0.004214667041303737,0.004074178139926945,0.1570665917392526,0.14189379039055913,0.0002809778027535825,0.022337735318909806,4
7119.0,22905,24261,30,29,1356,1118,1010,143,2,16,0.004214075010535188,0.004073605843517348,0.15704452872594465,0.14187385868801797,0.00028093833403567916,0.022334597555836493,4
7120.0,22908,24261,30,29,1353,1118,1011,143,2,16,0.004213483146067416,0.004073033707865169,0.15702247191011237,0.14199438202247192,0.0002808988764044944,0.022331460674157304,4
7121.0,22911,24264,30,29,1353,1118,1011,143,2,16,0.004212891447830361,0.004072461732902682,0.1570004212891448,0.14197444179188315,0.0002808594298553574,0.02232832467350091,4
7122.0,22914,24264,30,29,1350,1118,1012,143,2,16,0.004212299915754001,0.0040718899185622015,0.15697837686043245,0.14209491715810166,0.0002808199943836001,0.02232518955349621,4
7123.0,22917,24267,30,29,1350,1118,1012,143,2,16,0.004211708549768356,0.004071318264776078,0.1569563386213674,0.14207496841218586,0.00028078056998455706,0.022322055313772286,4
7124.0,22920,24267,30,29,1347,1119,1012,143,2,16,0.004211117349803481,0.004070746771476699,0.15707467714766984,0.1420550252667041,0.00028074115665356543,0.02231892195395845,4
7125.0,22923,24275,30,29,1352,1119,1012,143,2,16,0.004210526315789474,0.004070175438596491,0.15705263157894736,0.14203508771929824,0.0002807017543859649,0.02231578947368421,4
7126.0,22926,24275,30,29,1349,1119,1012,143,2,16,0.004209935447656469,0.00406960426606792,0.1570305921975863,0.14201515576761156,0.000280662363177098,0.022312657872579286,4
7127.0,22929,24275,30,29,1346,1119,1012,143,2,16,0.004209344745334643,0.004069033253823488,0.15700855900098218,0.14199522940928863,0.0002806229830223095,0.02230952715027361,4
7128.0,22932,24275,30,29,1343,1119,1012,143,2,16,0.004208754208754209,0.004068462401795735,0.15698653198653198,0.1419753086419753,0.0002805836139169473,0.022306397306397305,4
7129.0,22935,24275,30,29,1340,1120,1012,143,2,16,0.00420816383784542,0.004067891709917239,0.15710478327956234,0.14195539346331884,0.00028054425585636136,0.022303268340580728,4
7130.0,22938,24283,30,29,1345,1120,1012,143,2,16,0.004207573632538569,0.004067321178120617,0.1570827489481066,0.14193548387096774,0.00028050490883590464,0.022300140252454418,4
7131.0,22941,24283,30,29,1342,1120,1013,143,2,16,0.004206983592763988,0.004066750806338522,0.15706072079652222,0.14205581264899733,0.0002804655728509325,0.022297013041649136,4
7132.0,22944,24286,30,29,1342,1120,1013,143,2,16,0.004206393718452047,0.004066180594503646,0.15703869882220975,0.14203589455973079,0.00028042624789680314,0.02229388670779585,4
7133.0,22947,24286,30,29,1339,1121,1013,143,2,16,0.004205804009533156,0.004065610542548718,0.1571568764895556,0.14201598205523622,0.00028038693396887705,0.022290761250525724,4
7134.0,22950,24294,30,29,1344,1121,1013,143,2,16,0.004205214465937763,0.0040650406504065045,0.15713484721054108,0.14199607513316512,0.0002803476310625175,0.022287636669470142,4
7135.0,22953,24294,30,29,1341,1121,1013,143,2,16,0.004204625087596356,0.004064470918009811,0.15711282410651717,0.14197617379117028,0.0002803083391730904,0.022284512964260688,4
7136.0,22956,24294,30,29,1338,1121,1013,143,2,16,0.004204035874439462,0.004063901345291479,0.15709080717488788,0.14195627802690583,0.0002802690582959641,0.022281390134529146,4
7137.0,22959,24294,30,29,1335,1121,1013,143,2,16,0.004203446826397646,0.004063331932184391,0.1570687964130587,0.14193638783802717,0.00028022978842650974,0.022278268179907523,4
7138.0,22962,24294,30,29,1332,1122,1013,143,2,16,0.004202857943401513,0.004062762678621463,0.1571868870832166,0.1419165032221911,0.0002801905295601009,0.02227514710002802,4
7139.0,22965,24302,30,29,1337,1122,1013,143,2,16,0.004202269225381706,0.0040621935845356495,0.15716486902927582,0.14189662417705562,0.0002801512816921137,0.022272026894523043,4
7140.0,22968,24302,30,29,1334,1122,1014,143,2,16,0.004201680672268907,0.004061624649859944,0.15714285714285714,0.14201680672268907,0.00028011204481792715,0.02226890756302521,4
7141.0,22971,24305,30,29,1334,1122,1014,143,2,16,0.004201092283993838,0.004061055874527377,0.15712085142136956,0.14199691919899174,0.0002800728189329226,0.022265789105167345,4
7142.0,22974,24305,30,29,1331,1122,1014,143,2,16,0.004200504060487258,0.004060487258471017,0.15709885186222347,0.14197703724446933,0.0002800336040324839,0.02226267152058247,4
7143.0,22977,24305,30,29,1328,1122,1014,143,2,16,0.004199916001679967,0.004059918801623968,0.15707685846283073,0.14195716085678287,0.0002799944001119978,0.022259554808903823,4
7144.0,22980,24305,30,29,1325,1122,1014,143,2,16,0.0041993281075028,0.004059350503919373,0.1570548712206047,0.14193729003359462,0.0002799552071668533,0.022256438969764838,4
7145.0,22983,24305,30,29,1322,1122,1014,143,2,16,0.004198740377886634,0.004058782365290413,0.15703289013296012,0.14191742477256822,0.00027991602519244227,0.02225332400279916,4
7146.0,22986,24305,30,29,1319,1123,1014,143,2,16,0.0041981528127623844,0.004058214385670305,0.15715085362440526,0.1418975650713686,0.000279876854184159,0.02225020990764064,4
7147.0,22989,24313,30,29,1324,1123,1014,143,2,16,0.0041975654120610046,0.0040576465649923045,0.15712886525815029,0.14187771092766197,0.0002798376941374003,0.022247096683923325,4
7148.0,22992,24313,30,29,1321,1124,1014,143,2,16,0.004196978175713486,0.004057078903189703,0.15724678231673195,0.14185786233911585,0.0002797985450475658,0.022243984331281476,4
7149.0,22995,24321,30,29,1326,1124,1014,143,2,16,0.00419639110365086,0.004056511400195832,0.15722478668345224,0.14183801930339907,0.00027975940691005733,0.022240872849349558,4
7150.0,22998,24321,30,29,1323,1124,1014,143,2,16,0.004195804195804196,0.004055944055944056,0.1572027972027972,0.14181818181818182,0.0002797202797202797,0.022237762237762238,4
7151.0,23001,24321,30,29,1320,1125,1014,143,2,16,0.0041952174521046005,0.004055376870367781,0.15732065445392251,0.14179834988113552,0.00027968116347364006,0.022234652496154386,4
7152.0,23004,24329,30,29,1325,1125,1015,143,2,16,0.0041946308724832215,0.004054809843400447,0.1572986577181208,0.14191834451901567,0.0002796420581655481,0.022231543624161073,4
7153.0,23007,24332,30,29,1325,1125,1015,143,2,16,0.004194044456871243,0.004054242974975535,0.1572766671326716,0.1418985041241437,0.0002796029637914162,0.022228435621417585,4
7154.0,23010,24332,30,29,1322,1125,1015,144,2,16,0.004193458205199888,0.004053676265026559,0.15725468269499582,0.14187866927592954,0.0002795638803466592,0.02236511042773274,4
7155.0,23013,24334,30,29,1321,1125,1015,144,2,16,0.0041928721174004195,0.0040531097134870716,0.15723270440251572,0.1418588399720475,0.0002795248078266946,0.02236198462613557,4
7156.0,23016,24334,30,29,1318,1126,1015,144,2,16,0.004192286193404136,0.004052543320290665,0.15735047512576858,0.14183901621017328,0.00027948574622694243,0.022358859698155393,4
7157.0,23019,24342,30,29,1323,1126,1016,144,2,16,0.004191700433142378,0.0040519770853709655,0.1573284895906106,0.14195892133575522,0.0002794466955428252,0.022355735643426015,4
7158.0,23022,24345,30,29,1323,1126,1016,144,2,16,0.004191114836546521,0.004051411008661637,0.15730651019837943,0.1419390891310422,0.0002794076557697681,0.022352612461581448,4
7159.0,23025,24345,30,29,1320,1126,1016,144,2,16,0.004190529403547982,0.004050845090096383,0.1572845369465009,0.14191926246682499,0.0002793686269031988,0.022349490152255902,4
7160.0,23028,24345,30,29,1317,1126,1016,144,2,16,0.004189944134078212,0.004050279329608939,0.15726256983240222,0.1418994413407821,0.00027932960893854746,0.0223463687150838,4
7161.0,23031,24345,30,29,1314,1126,1017,144,2,16,0.0041893590280687055,0.004049713727133082,0.15724060885351207,0.14201927105152912,0.00027929060187124703,0.022343248149699763,4
7162.0,23034,24348,30,29,1314,1126,1017,145,2,16,0.004188774085450991,0.004049148282602625,0.15721865400726054,0.14199944149678861,0.00027925160569673273,0.022479754258586986,4
7163.0,23037,24350,30,29,1313,1126,1018,145,2,16,0.004188189306156638,0.004048582995951417,0.15719670529107915,0.14211922378891526,0.00027921262041044257,0.022476615943040627,4
7164.0,23040,24353,30,29,1313,1127,1018,145,2,16,0.0041876046901172526,0.004048017867113345,0.1573143495254048,0.1420993858179788,0.00027917364600781687,0.022473478503629258,4
7165.0,23043,24361,30,29,1318,1127,1018,145,2,16,0.00418702023726448,0.004047452896022331,0.1572923935799023,0.14207955338450803,0.0002791346824842987,0.02247034193998604,4
7166.0,23046,24361,30,29,1315,1127,1018,145,2,16,0.004186435947530003,0.0040468880826123365,0.15727044376221044,0.14205972648618476,0.00027909572983533354,0.022467206251744348,4
7167.0,23049,24361,30,29,1312,1127,1019,145,2,16,0.004185851820845542,0.004046323426817358,0.1572485000697642,0.14217943351472023,0.0002790567880563695,0.022464071438537743,4
7168.0,23052,24364,30,29,1312,1127,1019,145,2,16,0.004185267857142857,0.004045758928571429,0.1572265625,0.14215959821428573,0.00027901785714285713,0.0224609375,4
7169.0,23055,24364,30,29,1309,1127,1019,145,2,16,0.004184684056353746,0.004045194587808621,0.1572046310503557,0.14213976844748222,0.0002789789370902497,0.0224578044357651,4
7170.0,23058,24364,30,29,1306,1127,1019,145,2,16,0.0041841004184100415,0.004044630404463041,0.15718270571827056,0.14211994421199442,0.0002789400278940028,0.022454672245467225,4
7171.0,23061,24364,30,29,1303,1127,1019,145,2,16,0.00418351694324362,0.0040440663784688325,0.15716078650118534,0.1421001255055083,0.0002789011295495747,0.02245154092874076,4
7172.0,23064,24364,30,29,1300,1128,1019,145,2,16,0.004182933630786392,0.0040435025097601785,0.15727830451756833,0.1420803123257111,0.0002788622420524261,0.0224484104852203,4
7173.0,23067,24372,30,29,1305,1128,1019,145,2,16,0.004182350480970306,0.004042938798271295,0.15725637808448348,0.14206050467029138,0.00027882336539802036,0.02244528091454064,4
7174.0,23070,24372,30,29,1302,1128,1019,145,2,16,0.004181767493727348,0.004042375243936437,0.15723445776414832,0.14204070253693896,0.00027878449958182325,0.02244215221633677,4
7175.0,23073,24372,30,29,1299,1128,1020,145,2,16,0.004181184668989547,0.0040418118466898955,0.15721254355400696,0.1421602787456446,0.00027874564459930314,0.0224390243902439,4
7176.0,23076,24375,30,29,1299,1128,1020,145,2,16,0.004180602006688963,0.004041248606465998,0.15719063545150502,0.14214046822742474,0.0002787068004459309,0.022435897435897436,4
7177.0,23079,24375,30,29,1296,1128,1020,145,2,16,0.004180019506757698,0.004040685523199109,0.15716873345408947,0.14212066322976175,0.00027866796711717987,0.02243277135293298,4
7178.0,23082,24375,30,29,1293,1128,1020,145,2,16,0.004179437169127891,0.004040122596823628,0.1571468375592087,0.14210086375034828,0.00027862914460852607,0.02242964614098635,4
7179.0,23085,24375,30,29,1290,1128,1020,145,2,16,0.004178854993731718,0.004039559827273994,0.15712494776431257,0.1420810697868784,0.0002785903329154478,0.022426521799693552,4
7180.0,23088,24375,30,29,1287,1128,1020,145,2,16,0.004178272980501393,0.00403899721448468,0.15710306406685237,0.14206128133704735,0.0002785515320334262,0.022423398328690808,4
7181.0,23091,24375,30,29,1284,1129,1020,145,2,16,0.004177691129369169,0.004038434758390197,0.1572204428352597,0.14204149839855174,0.0002785127419579446,0.022420275727614538,4
7182.0,23094,24383,30,29,1289,1129,1021,145,2,16,0.004177109440267335,0.00403787245892509,0.15719855193539403,0.14216095795043163,0.000278473962684489,0.022417153996101363,4
7183.0,23097,24386,30,29,1289,1129,1021,145,2,16,0.004176527913128219,0.004037310316023945,0.1571766671307253,0.14214116664346374,0.00027843519420854795,0.022414033133788112,4
7184.0,23100,24386,30,29,1286,1129,1021,145,2,16,0.0041759465478841875,0.004036748329621381,0.15715478841870825,0.14212138084632517,0.00027839643652561246,0.022410913140311805,4
7185.0,23103,24386,30,29,1283,1130,1021,145,2,16,0.0041753653444676405,0.004036186499652053,0.15727209464161448,0.1421016005567154,0.0002783576896311761,0.022407794015309672,4
7186.0,23106,24394,30,29,1288,1131,1021,145,2,16,0.004174784302811021,0.004035624826050654,0.15738936821597552,0.1420818257723351,0.00027831895352073476,0.02240467575841915,4
7187.0,23109,24402,30,29,1293,1131,1022,145,2,16,0.004174203422846807,0.004035063308751913,0.15736746904132462,0.1422011966049812,0.0002782802281897871,0.022401558369277864,4
7188.0,23112,24405,30,29,1293,1131,1022,145,2,16,0.004173622704507512,0.0040345019476905955,0.15734557595993323,0.14218141346688926,0.0002782415136338342,0.02239844184752365,4
7189.0,23115,24405,30,29,1290,1131,1022,145,2,16,0.004173042147725692,0.004033940742801502,0.15732368896925858,0.14216163583252192,0.00027820280984837946,0.022395326192794548,4
7190.0,23118,24405,30,29,1287,1131,1022,145,2,16,0.004172461752433936,0.004033379694019471,0.1573018080667594,0.14214186369958276,0.0002781641168289291,0.02239221140472879,4
7191.0,23121,24405,30,29,1284,1132,1022,145,2,16,0.004171881518564873,0.004032818801279377,0.1574189959671812,0.14212209706577666,0.0002781254345709915,0.022389097482964818,4
7192.0,23124,24413,30,29,1289,1132,1022,145,2,16,0.004171301446051168,0.004032258064516129,0.15739710789766406,0.14210233592880978,0.00027808676307007786,0.022385984427141268,4
7193.0,23127,24413,30,29,1286,1132,1022,145,2,16,0.004170721534825525,0.004031697483664674,0.15737522591408315,0.14208258028638954,0.00027804810232170165,0.022382872236896983,4
7194.0,23130,24413,30,29,1283,1132,1023,145,2,16,0.004170141784820684,0.004031137058659994,0.15735335001390047,0.14220183486238533,0.00027800945232137893,0.022379760911871004,4
7195.0,23133,24416,30,29,1283,1132,1024,145,2,16,0.004169562195969423,0.004030576789437109,0.15733148019457957,0.14232105628908964,0.0002779708130646282,0.022376650451702573,4
7196.0,23136,24419,30,29,1283,1132,1024,145,2,16,0.004168982768204558,0.004030016675931073,0.15730961645358532,0.1423012784880489,0.00027793218454697053,0.02237354085603113,4
7197.0,23139,24419,30,29,1280,1132,1025,145,2,16,0.004168403501458941,0.004029456718076976,0.15728775878838405,0.14242045296651382,0.00027789356676392944,0.02237043212449632,4
7198.0,23142,24422,30,29,1280,1132,1025,145,2,16,0.004167824395665463,0.0040288969158099475,0.15726590719644346,0.1424006668519033,0.0002778549597110308,0.022367324256737982,4
7199.0,23145,24422,30,29,1277,1133,1025,145,2,16,0.00416724545075705,0.004028337269065148,0.15738296985692457,0.1423808862341992,0.0002778163633838033,0.022364217252396165,4
7200.0,23148,24430,30,29,1282,1133,1025,145,2,16,0.004166666666666667,0.004027777777777778,0.15736111111111112,0.1423611111111111,0.0002777777777777778,0.02236111111111111,4
7201.0,23151,24430,30,29,1279,1133,1025,145,2,16,0.004166088043327316,0.004027218441883072,0.1573392584363283,0.14234134148034996,0.0002777392028884877,0.022358005832523262,4
7202.0,23154,24430,30,29,1276,1133,1025,145,2,16,0.004165509580672035,0.004026659261316301,0.15731741183004722,0.14232157733962789,0.00027770063871146905,0.02235490141627326,4
7203.0,23157,24430,30,29,1273,1133,1025,145,2,16,0.004164931278633903,0.004026100236012772,0.1572955712897404,0.14230181868665834,0.00027766208524226016,0.022351797862001945,4
7204.0,23160,24430,30,29,1270,1133,1025,145,2,16,0.00416435313714603,0.004025541365907829,0.15727373681288173,0.14228206551915604,0.000277623542476402,0.022348695169350362,4
7205.0,23163,24430,30,29,1267,1133,1025,145,2,16,0.004163775156141568,0.004024982650936849,0.15725190839694655,0.14226231783483692,0.0002775850104094379,0.02234559333795975,4
7206.0,23166,24430,30,29,1264,1133,1026,145,2,16,0.004163197335553705,0.004024424091035248,0.1572300860394116,0.14238134887593673,0.0002775464890369137,0.02234249236747155,4
7207.0,23169,24433,30,29,1264,1134,1026,145,2,16,0.004162619675315666,0.0040238656861384765,0.15734702372693216,0.14236159289579575,0.0002775079783543777,0.022339392257527405,4
7208.0,23172,24441,30,29,1269,1134,1026,145,2,16,0.004162042175360711,0.00402330743618202,0.15732519422863486,0.1423418423973363,0.0002774694783573807,0.022336293007769147,4
7209.0,23175,24441,30,29,1266,1134,1026,145,2,16,0.004161464835622139,0.004022749341101401,0.15730337078651685,0.14232209737827714,0.00027743098904147595,0.022333194617838812,4
7210.0,23178,24441,30,29,1263,1134,1026,145,2,16,0.004160887656033287,0.004022191400832178,0.15728155339805824,0.1423023578363384,0.00027739251040221914,0.02233009708737864,4
7211.0,23181,24441,30,29,1260,1134,1027,145,2,16,0.004160310636527527,0.004021633615309943,0.15725974206074053,0.14242130079045903,0.0002773540424351685,0.022327000416031063,4
7212.0,23184,24444,30,29,1260,1134,1027,145,2,16,0.004159733777038269,0.004021075984470327,0.1572379367720466,0.14240155296727677,0.00027731558513588466,0.022323904603438714,4
7213.0,23187,24444,30,29,1257,1134,1027,145,2,16,0.0041591570774989605,0.004020518508248995,0.1572161375294607,0.14238181061971442,0.0002772771384999307,0.02232080964924442,4
7214.0,23190,24444,30,29,1254,1134,1027,145,2,16,0.004158580537843083,0.004019961186581647,0.15719434433046853,0.14236207374549487,0.0002772387025228722,0.02231771555309121,4
7215.0,23193,24444,30,29,1251,1134,1027,145,2,16,0.004158004158004158,0.004019404019404019,0.15717255717255718,0.14234234234234233,0.0002772002772002772,0.022314622314622314,4
7216.0,23196,24444,30,29,1248,1135,1027,145,2,16,0.0041574279379157425,0.004018847006651885,0.15728935698447893,0.14232261640798227,0.0002771618625277162,0.022311529933481154,4
7217.0,23199,24452,30,29,1253,1135,1027,145,2,16,0.004156851877511431,0.00401829014826105,0.1572675626991825,0.14230289594014134,0.0002771234585007621,0.02230843840931135,4
7218.0,23202,24452,30,29,1250,1135,1027,145,2,16,0.004156275976724855,0.004017733444167359,0.157245774452757,0.14228318093654752,0.0002770850651149903,0.022305347741756718,4
7219.0,23205,24452,30,29,1247,1135,1027,145,2,16,0.00415570023548968,0.004017176894306691,0.1572239922426929,0.14226347139493004,0.0002770466823659787,0.022302257930461283,4
7220.0,23208,24452,30,29,1244,1135,1027,145,2,16,0.004155124653739612,0.004016620498614959,0.157202216066482,0.14224376731301938,0.0002770083102493075,0.022299168975069252,4
7221.0,23211,24452,30,29,1241,1135,1027,145,2,16,0.004154549231408392,0.004016064257028112,0.1571804459216175,0.14222406868854728,0.0002769699487605595,0.022296080875225038,4
7222.0,23214,24452,30,29,1238,1136,1027,145,2,16,0.004153973968429798,0.004015508169482138,0.15729714760454167,0.14220437551924675,0.00027693159789531985,0.022292993630573247,4
7223.0,23217,24460,30,29,1243,1136,1028,145,2,16,0.0041533988647376435,0.004014952235913055,0.1572753703447321,0.1423231344316766,0.00027689325764917625,0.02228990724075869,4
7224.0,23220,24463,30,29,1243,1136,1028,145,2,16,0.004152823920265781,0.004014396456256921,0.15725359911406422,0.14230343300110743,0.0002768549280177187,0.022286821705426358,4
7225.0,23223,24463,30,29,1240,1136,1028,145,2,16,0.004152249134948097,0.004013840830449827,0.1572318339100346,0.14228373702422145,0.0002768166089965398,0.022283737024221453,4
7226.0,23226,24463,30,29,1237,1136,1028,145,2,16,0.004151674508718516,0.0040132853584278995,0.15721007473014115,0.1422640464987545,0.0002767783005812344,0.02228065319678937,4
7227.0,23229,24463,30,29,1234,1136,1028,145,2,16,0.004151100041511001,0.004012730040127301,0.15718832157188323,0.14224436142244362,0.0002767400027674,0.0222775702227757,4
7228.0,23232,24463,30,29,1231,1136,1028,145,2,16,0.004150525733259546,0.004012174875484228,0.1571665744327615,0.1422246817930271,0.0002767017155506364,0.02227448810182623,4
7229.0,23235,24463,30,29,1228,1136,1028,145,2,16,0.004149951583898187,0.004011619864434915,0.15714483331027804,0.14220500760824456,0.00027666343892654584,0.022271406833586943,4
7230.0,23238,24463,30,29,1225,1136,1028,145,2,16,0.004149377593360996,0.004011065006915629,0.15712309820193637,0.14218533886583679,0.00027662517289073305,0.022268326417704012,4
7231.0,23241,24463,30,29,1222,1137,1028,145,2,16,0.004148803761582077,0.004010510302862674,0.1572396625639607,0.14216567556354584,0.00027658691743880515,0.022265246853823813,4
7232.0,23244,24471,30,29,1227,1137,1028,145,2,16,0.004148230088495576,0.0040099557522123895,0.1572179203539823,0.14214601769911506,0.0002765486725663717,0.02226216814159292,4
7233.0,23247,24471,30,29,1224,1137,1029,145,2,16,0.00414765657403567,0.004009401354901148,0.15719618415595188,0.14226462048942348,0.00027651043826904464,0.022259090280658096,4
7234.0,23250,24474,30,29,1224,1137,1029,145,2,16,0.004147083218136578,0.004008847110865358,0.15717445396737628,0.1422449543820846,0.0002764722145424385,0.022256013270666297,4
7235.0,23253,24474,30,29,1221,1137,1030,145,2,16,0.00414651002073255,0.0040082930200414655,0.15715272978576364,0.14236351071181755,0.00027643400138217003,0.022252937111264685,4
7236.0,23256,24477,30,29,1221,1138,1030,145,2,16,0.0041459369817578775,0.004007739082365948,0.15726920950801548,0.1423438363736871,0.0002763957987838585,0.022249861802100607,4
7237.0,23259,24485,30,29,1226,1139,1030,145,2,16,0.004145364101146884,0.004007185297775322,0.15738565704021004,0.14232416747270968,0.0002763576067431256,0.022246787342821612,4
7238.0,23262,24493,30,29,1231,1139,1031,145,2,16,0.004144791378833932,0.004006631666206135,0.15736391268306163,0.14244266371925945,0.00027631942525559546,0.022243713733075435,4
7239.0,23265,24496,30,29,1231,1139,1031,145,2,16,0.004144218814753419,0.004006078187594971,0.15734217433347147,0.14242298660035915,0.0002762812543168946,0.022240640972510016,4
7240.0,23268,24496,30,29,1228,1139,1031,145,2,16,0.004143646408839779,0.004005524861878453,0.1573204419889503,0.14240331491712707,0.00027624309392265195,0.022237569060773482,4
7241.0,23271,24496,30,29,1225,1140,1031,145,2,16,0.004143074161027482,0.004004971688993233,0.15743681811904434,0.14238364866731115,0.00027620494406849883,0.022234497997514157,4
7242.0,23274,24504,30,29,1230,1140,1031,145,2,16,0.004142502071251036,0.0040044186688760015,0.15741507870753935,0.14236398784866058,0.00027616680475006904,0.022231427782380558,4
7243.0,23277,24504,30,29,1227,1140,1031,145,2,16,0.004141930139444981,0.004003865801463482,0.1573933452989093,0.14234433245892586,0.00027612867596299873,0.0222283584150214,4
7244.0,23280,24504,30,29,1224,1140,1031,145,2,16,0.0041413583655438985,0.004003313086692435,0.15737161789066814,0.14232468249585864,0.0002760905577029266,0.022225289895085588,4
7245.0,23283,24504,30,29,1221,1140,1031,145,2,16,0.004140786749482402,0.004002760524499655,0.15734989648033126,0.14230503795721186,0.00027605244996549346,0.022222222222222223,4
7246.0,23286,24504,30,29,1218,1140,1031,145,2,16,0.004140215291195142,0.004002208114821971,0.1573281810654154,0.1422853988407397,0.0002760143527463428,0.022219155396080596,4
7247.0,23289,24504,30,29,1215,1140,1031,145,2,16,0.004139643990616807,0.004001655857596246,0.15730647164343867,0.1422657651441976,0.00027597626604112044,0.022216089416310196,4
7248.0,23292,24504,30,29,1212,1140,1031,145,2,16,0.0041390728476821195,0.0040011037527593815,0.15728476821192053,0.14224613686534215,0.0002759381898454746,0.022213024282560705,4
7249.0,23295,24504,30,29,1209,1141,1031,145,2,16,0.004138501862325838,0.00400055180024831,0.15740102083045937,0.14222651400193131,0.00027590012415505585,0.022209959994481998,4
7250.0,23298,24512,30,29,1214,1141,1031,145,2,16,0.004137931034482759,0.004,0.15737931034482758,0.14220689655172414,0.00027586206896551725,0.02220689655172414,4
7251.0,23301,24512,30,29,1211,1141,1031,145,2,16,0.004137360364087712,0.003999448351951455,0.15735760584746933,0.14218728451248103,0.00027582402427251415,0.022203833953937387,4
7252.0,23304,24512,30,29,1208,1141,1031,145,2,16,0.004136789851075565,0.003998896856039713,0.15733590733590733,0.1421676778819636,0.0002757859900717044,0.0222007722007722,4
7253.0,23307,24512,30,29,1205,1141,1031,145,2,16,0.004136219495381221,0.003998345512201847,0.1573142148076658,0.14214807665793464,0.0002757479663587481,0.022197711291879224,4
7254.0,23310,24512,30,29,1202,1141,1031,145,2,16,0.0041356492969396195,0.003997794320374966,0.1572925282602702,0.14212848083815827,0.00027570995312930797,0.022194651226909293,4
7255.0,23313,24512,30,29,1199,1141,1031,145,2,16,0.004135079255685734,0.00399724328049621,0.1572708476912474,0.14210889042039973,0.0002756719503790489,0.02219159200551344,4
7256.0,23316,24512,30,29,1196,1141,1031,145,2,16,0.004134509371554576,0.0039966923925027565,0.1572491730981257,0.1420893054024256,0.0002756339581036384,0.02218853362734289,4
7257.0,23319,24512,30,29,1193,1142,1031,145,2,16,0.00413393964448119,0.003996141656331818,0.15736530246658398,0.14206972578200358,0.00027559597629874606,0.022185476092049055,4
7258.0,23322,24520,30,29,1198,1142,1031,145,2,16,0.004133370074400662,0.003995591071920639,0.15734362083218517,0.14205015155690273,0.0002755580049600441,0.02218241939928355,4
7259.0,23325,24520,30,29,1195,1142,1031,145,2,16,0.004132800661248106,0.003995040639206502,0.15732194517151124,0.14203058272489325,0.00027552004408320705,0.022179363548698167,4
7260.0,23328,24520,30,29,1192,1142,1031,145,2,16,0.004132231404958678,0.003994490358126722,0.15730027548209366,0.14201101928374657,0.0002754820936639118,0.022176308539944904,4
7261.0,23331,24520,30,29,1189,1143,1031,145,2,16,0.0041316623054675665,0.003993940228618648,0.15741633383831427,0.14199146123123538,0.0002754441536978378,0.02217325437267594,4
7262.0,23334,24528,30,29,1194,1143,1031,145,2,16,0.004131093362709997,0.003993390250619664,0.1573946571192509,0.14197190856513356,0.0002754062241806665,0.02217020104654365,4
7263.0,23337,24528,30,29,1191,1143,1031,145,2,16,0.004130524576621231,0.0039928404240671895,0.15737298636926889,0.1419523612832163,0.00027536830510808204,0.022167148561200604,4
7264.0,23340,24528,30,29,1188,1143,1031,145,2,16,0.004129955947136564,0.003992290748898678,0.1573513215859031,0.1419328193832599,0.00027533039647577095,0.022164096916299558,4
7265.0,23341,24528,30,30,1187,1143,1031,145,2,16,0.0041293874741913286,0.0041293874741913286,0.1573296627666896,0.14191328286304197,0.0002752924982794219,0.02216104611149346,4
7266.0,23386,24822,30,30,1436,1144,1031,145,2,16,0.004128819157720892,0.004128819157720892,0.15744563721442334,0.14189375172034133,0.0002752546105147261,0.022157996146435453,4
7267.0,23389,24830,30,30,1441,1144,1031,145,2,16,0.004128250997660658,0.004128250997660658,0.15742397137745975,0.14187422595293794,0.0002752167331773772,0.022154947020778862,4
7268.0,23392,24830,30,30,1438,1145,1031,145,2,16,0.004127682993946065,0.004127682993946065,0.15753990093560816,0.1418547055586131,0.000275178866263071,0.022151898734177215,4
7269.0,23395,24838,30,30,1443,1145,1031,145,2,16,0.004127115146512587,0.004127115146512587,0.15751822809189708,0.14183519053514926,0.00027514100976750583,0.02214885128628422,4
